1,0.00246039
2,0.000538869
3,0.00126222
5,0.0739844
6,0.0193938
10,0.00775288
14,0.00552022
15,0.000282042
16,0.0112135
19,0.0110511
20,0.00401279
24,0.00426271
25,0.00144981
28,0.00117274
29,0.011238
32,0.0149184
37,0.142839
38,0.00110689
40,0.0600725
41,0.053221
44,0.00853999
45,0.00944382
47,7.93284e-06
49,0.00360246
51,0.0152206
52,0.00268454
54,0.00456762
55,0.0754561
60,0.00629858
61,0.223816
63,0.0161077
64,0.0156123
68,0.00670261
70,0.00697288
75,0.0078703
76,0.0176526
78,0.00509638
82,0.0180822
85,0.05147
86,0.0139657
87,0.000685571
88,0.101545
93,0.0439299
94,0.0934463
99,0.00225878
103,0.0107596
106,0.00372959
107,0.00759519
108,0.150633
109,0.00292521
110,0.0500359
116,0.00263841
119,0.00279947
121,0.00234802
123,0.025311
124,0.108967
128,0.0807736
132,0.0105506
133,0.0289252
138,0.00283521
141,0.000276946
143,0.00606783
144,0.029634
145,0.000656766
148,0.146859
150,0.0100292
151,0.210994
154,0.0016998
155,0.00452803
157,4.22476e-05
158,0.00879769
159,0.00291473
161,0.0599809
163,0.00370325
166,0.000938825
167,0.00554235
169,0.0200968
170,0.10221
173,0.000845968
174,0.0257514
177,0.164772
178,0.0170343
179,0.0972455
180,0.0565396
182,0.000279587
183,0.0059888
184,0.0523562
185,0.000637315
188,0.00990369
190,0.00828653
194,0.00253763
195,0.00890833
201,0.0436815
202,0.973046
204,0.00738688
207,0.00350054
208,0.0373578
210,0.00272191
212,0.011287
213,0.000367065
214,0.00244497
219,0.000252947
222,0.000666174
223,0.0288664
225,0.0667387
228,0.00331846
229,0.00193139
232,0.00343294
237,0.00185225
238,0.000368654
240,0.00943184
241,0.0212769
246,0.00157508
247,0.0510071
248,0.0149397
249,0.000842824
250,0.00126194
251,0.00143865
253,0.0405364
255,0.0203667
257,0.128822
259,0.00232941
263,0.00215199
265,0.561006
270,0.00547004
272,0.011711
279,0.00501373
282,0.00542529
284,0.0587568
285,0.0386569
286,0.0277936
288,0.0123461
290,0.00182156
291,0.0774904
292,0.0258109
294,0.00130885
298,0.0376398
300,0.181876
302,0.00266203
304,0.0475426
306,0.00192175
308,0.0156081
314,0.0494144
316,0.133973
319,0.00328106
320,0.00626516
323,0.00699676
324,0.0144644
326,0.00818998
329,0.460594
337,0.000756519
340,6.06003e-05
342,0.169782
346,0.00398969
347,0.00241159
348,0.0673013
349,0.127597
350,0.00083802
352,0.00343013
353,0.0126087
356,0.00210965
357,0.00499485
360,0.054731
365,0.199817
376,0.039961
377,0.0040713
379,0.00192997
382,0.000238429
385,0.00808168
390,0.028343
391,0.00569615
396,0.00904712
401,0.00133136
402,0.0149108
403,0.00439681
404,0.0397169
406,0.00806235
409,0.00941144
411,0.00122459
413,0.0161266
415,0.00171785
416,0.0224608
417,0.00326135
420,0.0128749
421,0.0267296
423,0.00341825
424,0.0129628
434,0.156438
435,0.0182102
436,0.00829594
438,0.0367563
439,0.0931952
445,0.0408089
446,0.112347
447,0.00472999
449,0.00110288
450,0.00565298
455,0.00922628
457,0.00505813
459,0.00617094
460,0.0214151
461,0.00190841
462,0.0184388
464,0.0186099
465,0.0615128
468,0.0246936
469,0.00350571
471,0.00891495
475,0.00470944
476,0.00445635
479,0.0210319
480,0.0011484
482,0.00860768
483,0.00816903
484,0.0264136
489,0.00891795
490,0.00987286
491,0.00448854
492,0.000672701
493,0.0122429
496,0.00517445
498,0.000429611
501,0.00200778
503,0.0220518
506,0.00869828
507,0.0470851
510,0.000595477
514,0.00535221
515,0.0713361
518,0.00774912
520,0.000238278
521,0.00211173
524,0.00186193
525,0.227747
526,0.112411
528,0.00450803
530,0.00348029
533,0.00349772
536,0.000700473
538,0.0105099
539,0.0509214
541,0.00361935
542,0.0704343
543,0.0539466
545,0.0153395
550,0.00327906
552,0.00422688
553,0.61011
554,0.0236979
556,0.218982
560,0.0295155
562,0.00426416
563,0.003379
567,0.0480032
568,0.00216033
571,0.0244755
573,0.000922231
579,0.00795774
586,0.0199737
587,0.0581359
588,0.0563647
590,0.00395546
591,0.0549669
592,0.0136239
594,0.0294678
595,0.0280891
596,0.0351032
598,0.326132
602,0.00172296
605,0.0323019
608,0.0124471
609,0.00122532
615,0.000972576
616,0.00713673
618,0.0194634
619,0.0271939
621,0.246655
622,0.0739522
623,0.000792005
624,0.0339142
626,0.00276334
628,0.00600056
632,0.00530768
634,0.0111318
637,0.256016
640,0.00143181
641,0.0379127
643,0.000407864
645,0.0107024
646,0.0052636
647,0.000643534
653,0.254649
654,0.0212513
655,0.0816085
666,0.00821918
667,0.0708394
669,0.0544447
670,0.0284385
671,0.000767642
674,0.276203
677,0.0141809
678,0.000558973
679,0.000745244
680,0.000295544
681,0.304495
686,0.0133326
687,0.017035
688,0.0208371
689,0.00267592
693,0.00454347
694,0.00483731
695,0.00376343
697,0.000934009
699,0.0288588
700,0.0461404
701,0.0174705
702,0.0300215
703,0.00729714
704,0.000332218
706,0.0184001
708,0.00316077
710,0.00381731
712,0.00341549
715,0.00372471
720,0.00410476
723,0.00152938
725,0.00181162
726,0.0505055
729,0.0668114
731,0.0106481
732,0.00346618
733,0.000871105
735,0.0101193
736,0.000229784
737,0.242634
741,0.0227505
742,0.00185428
745,0.328311
746,0.00505257
748,0.0867843
751,0.0036466
752,0.145002
754,0.000252801
757,0.244605
760,0.00351251
762,0.000539642
765,0.545539
768,0.781052
769,0.000224697
774,0.00796184
777,0.00399487
779,0.0048846
780,0.0167478
781,0.00890208
782,0.0532645
784,0.775099
786,0.0236734
788,0.399544
789,0.0210253
790,0.0147469
793,0.000792094
795,0.165307
796,0.00207013
798,0.00101067
800,0.0587314
801,0.00661005
803,0.0471996
807,0.704154
808,0.00554056
810,0.00855702
813,0.00657366
814,0.058013
815,0.335745
825,0.00157961
826,0.000725997
827,0.00802535
830,0.00880248
831,0.00463001
833,0.00459286
836,0.0814694
838,0.0213654
841,0.0287456
844,0.00850208
847,0.00233757
848,0.000402002
849,0.00923093
850,0.016368
851,0.00943663
852,0.00691526
853,0.181725
854,0.0405896
860,0.00502228
862,8.62849e-05
863,0.118856
865,0.00104126
867,0.0182204
868,0.00651248
870,0.00495192
871,0.0980137
873,0.0343727
877,0.000201546
880,0.00496532
883,0.0321172
884,0.00236484
885,0.043196
887,0.000222248
888,1.13571e-05
889,0.00608136
891,0.0421191
892,0.00901352
897,0.0265672
898,0.0667573
900,0.219648
901,0.0047588
902,0.0234462
903,0.00252341
905,0.00351942
908,0.00251551
912,0.00158072
913,0.0998902
916,0.00383586
917,0.00674463
921,0.0497196
924,0.00115741
925,0.346902
927,0.0125197
928,0.00185138
929,0.00140402
930,0.0279083
931,0.00014352
932,0.0511583
934,0.00208847
935,0.0242022
936,0.00126095
937,0.0262325
940,0.0125024
942,0.0710656
944,0.00110918
947,0.00384204
949,0.0154424
950,0.0463032
952,0.000435583
954,0.0190227
956,0.0342553
958,0.202545
959,0.000276337
961,0.00545089
962,0.000590895
963,0.0326117
964,0.00194128
965,0.0449928
966,0.0180773
967,0.0961031
969,0.00159603
972,0.312111
973,0.0034141
976,0.00258514
977,0.058529
978,0.0551235
980,0.0268964
981,0.310064
982,0.000791302
984,0.0458008
985,0.000269959
987,0.232837
990,0.798716
991,0.00100028
993,0.000969742
995,0.00400982
996,0.0217157
997,0.0110097
998,0.0483042
1000,0.0135737
1001,0.0761417
1006,0.00243262
1007,0.0444721
1009,0.967569
1011,0.0149961
1016,0.00148611
1017,0.0704552
1019,0.0316129
1021,0.00519178
1023,0.00104788
1024,0.020762
1025,0.0308195
1026,0.0909353
1027,0.000578398
1028,0.0169064
1029,0.0208451
1032,0.343731
1037,0.496001
1039,0.0013206
1040,0.0120568
1041,0.0105179
1043,0.0299372
1045,0.121421
1046,0.00888033
1047,0.00979276
1049,0.0523243
1051,0.000818006
1052,0.052178
1053,0.0424996
1054,0.00424797
1056,0.000818214
1062,0.0137614
1063,0.00414109
1068,0.00384461
1069,0.0815314
1071,0.00261298
1075,0.00406845
1077,0.00884695
1078,0.430522
1079,0.00982662
1081,0.018457
1083,0.0891488
1084,0.00867649
1085,0.0028076
1086,0.00782537
1088,0.00770732
1090,0.058449
1091,0.00760507
1092,0.0181879
1095,0.00529239
1096,0.00767768
1097,0.00198925
1098,0.0105499
1099,0.00919056
1100,0.00166362
1102,0.00626348
1103,0.0252707
1104,0.00680334
1105,0.00255892
1106,0.067143
1108,0.0219307
1110,0.00119687
1114,0.0067879
1115,0.028325
1116,0.00958967
1118,0.0017408
1120,0.159997
1121,0.0410024
1122,0.0410523
1126,0.0168253
1127,0.0415273
1129,0.00136952
1130,0.00581522
1131,0.00440801
1132,0.0422159
1134,0.0153906
1139,0.195166
1140,0.0519196
1147,0.00892394
1148,0.00950339
1150,0.0247496
1152,0.000609883
1154,0.354046
1157,0.00102884
1158,0.0153094
1159,0.00918727
1160,0.00369695
1161,0.00884335
1164,0.00771413
1169,0.000728342
1172,0.0142853
1174,0.00609541
1176,0.00340668
1177,0.113924
1181,0.0114104
1182,0.10119
1186,0.00231592
1189,0.0119916
1190,0.0138914
1194,0.004189
1200,0.00498306
1203,0.0753189
1204,0.0712616
1211,0.0528367
1212,0.000878127
1214,0.0015517
1215,0.0306384
1218,0.0416341
1219,0.00515099
1221,0.00040524
1222,0.00173631
1223,0.00717127
1227,0.0724554
1229,0.00159777
1230,0.404853
1236,0.00230895
1238,0.0033752
1240,0.00810272
1245,0.00222411
1246,0.000252244
1250,0.112424
1252,0.00681824
1253,0.034166
1258,0.00456437
1260,0.109215
1262,0.00554964
1269,0.00134186
1271,0.0110022
1272,0.0116634
1273,0.0117699
1274,0.00311986
1275,0.0322846
1276,0.186783
1277,0.0059632
1279,0.0095657
1280,0.0250827
1281,0.00712725
1282,0.0221643
1284,4.27452e-06
1285,0.016608
1286,0.00329555
1288,0.0653805
1291,0.00275368
1292,3.03705e-05
1293,0.557475
1295,0.0801744
1296,0.00177532
1297,0.0210073
1299,0.00162606
1301,0.00970235
1302,0.000204887
1303,0.0805946
1308,0.000563633
1310,0.00182978
1312,0.0684963
1313,0.158865
1314,0.00157492
1315,0.11757
1316,0.0186168
1317,0.0319868
1322,0.111785
1323,0.00642188
1326,0.00101879
1328,0.0760354
1331,0.0179403
1333,0.358214
1334,0.000651833
1337,0.0290977
1338,0.00355418
1342,0.00230532
1344,0.00153987
1346,0.00231668
1352,0.032978
1354,0.00514708
1355,0.00306493
1358,0.053294
1360,0.00681386
1363,0.00505535
1364,0.00220173
1365,0.000680887
1366,0.00116654
1367,0.0756829
1369,0.20971
1371,0.00284187
1372,0.00510387
1373,0.00214895
1378,0.00374577
1380,0.120243
1381,0.00400081
1383,0.00298427
1384,0.00588747
1386,0.00222135
1387,0.0073011
1388,0.0662617
1390,0.957529
1391,0.0138912
1392,0.00371246
1397,0.00730768
1399,0.0421876
1400,0.0072335
1403,0.0147842
1405,0.286714
1408,0.0147796
1409,0.00212126
1410,0.0640224
1411,0.00160053
1412,2.66215e-05
1415,0.00419548
1416,0.34876
1417,0.0112433
1420,0.00481686
1424,0.0763672
1425,0.543183
1426,0.00450837
1427,0.132595
1428,0.000789789
1429,0.00334637
1433,0.00121864
1434,0.0106047
1436,0.004664
1438,0.0972386
1440,0.00561013
1441,0.0326205
1442,0.00379208
1443,0.00294952
1447,0.0152912
1450,0.00433506
1452,0.00476687
1455,0.000663018
1461,0.00130334
1462,0.141093
1463,0.00683491
1468,0.00683378
1469,0.0100944
1470,0.00191182
1471,0.00232565
1473,0.000390133
1475,0.14548
1476,0.0730399
1478,0.0452828
1479,0.0656663
1480,0.00243294
1484,0.0542303
1485,0.0255647
1486,0.00559027
1490,0.00633549
1492,0.00414614
1493,0.00323097
1494,0.0291961
1495,0.0013297
1500,0.00664481
1502,0.00852476
1503,0.00119382
1504,0.00453192
1506,0.00427015
1510,0.271444
1511,0.0631546
1513,0.0826354
1514,0.101912
1517,0.00371766
1519,0.0110151
1522,0.010582
1523,0.0373778
1527,0.071944
1528,0.11253
1530,1.48052e-06
1531,0.00502408
1533,0.00762498
1535,0.617097
1536,0.00479926
1537,0.773288
1538,0.0104567
1539,0.00355055
1540,0.00293596
1541,0.738272
1542,0.718493
1543,0.0325803
1545,0.00705364
1547,0.682141
1549,0.758235
1550,0.771787
1551,0.784805
1552,0.761143
1558,0.784801
1564,0.00645225
1566,0.0113423
1567,0.000223054
1568,0.0094739
1570,0.00765252
1573,0.0350192
1575,0.00371628
1576,0.0747592
1577,0.0378929
1580,0.664963
1583,0.788249
1585,0.532059
1586,0.559171
1588,0.00301152
1590,0.550453
1593,0.457509
1594,0.393836
1595,0.48642
1597,0.570801
1598,0.520385
1599,0.60244
1601,0.0023074
1604,0.000635873
1605,0.08172
1607,0.139512
1608,0.0793533
1611,0.000177327
1613,0.0589542
1614,0.551345
1615,0.000385848
1616,0.00400561
1618,0.000669269
1621,0.000806409
1624,0.120765
1626,0.00388978
1628,0.00275805
1629,0.137596
1630,0.000901099
1632,0.00138108
1633,0.0340074
1634,0.00831862
1636,0.0947541
1640,0.0051616
1641,0.00216129
1647,0.00014684
1648,0.0346742
1649,0.963395
1654,0.967932
1658,0.970355
1659,0.971993
1660,0.971592
1662,0.0187247
1664,0.00598231
1665,0.00630534
1666,0.00178531
1667,0.963979
1669,0.970942
1670,0.970596
1671,0.977669
1674,0.974592
1675,0.97884
1677,0.978564
1678,0.968544
1679,0.975506
1682,0.10342
1683,0.00172165
1684,0.00184075
1686,0.00658388
1687,0.0103277
1688,0.0713787
1690,0.0633687
1693,0.00560355
1694,0.00472794
1695,0.971781
1697,0.969138
1698,0.00335739
1699,0.964709
1702,0.0477569
1703,0.9532
1704,0.972167
1705,0.00144376
1706,0.00559202
1708,0.00298908
1711,0.00368172
1712,0.125937
1714,0.0206618
1715,0.00202996
1716,0.060564
1717,0.00249075
1718,0.000601485
1719,0.974827
1720,0.977936
1724,0.00258221
1725,0.268259
1726,0.0187346
1731,0.000598697
1732,0.00196304
1736,0.00175465
1737,0.0846581
1740,0.00104015
1741,0.00150671
1743,0.0506842
1745,0.966913
1748,0.0620807
1751,0.0118589
1752,0.10508
1754,0.0025985
1755,0.0600906
1756,0.0132688
1757,0.39213
1758,0.0203655
1759,0.0949679
1761,0.00340254
1762,0.00687107
1763,0.0476551
1764,0.00185663
1765,0.000645502
1767,0.052475
1768,0.00899927
1773,0.0129431
1777,0.400709
1779,0.303273
1781,0.325188
1783,0.452288
1784,0.5007
1785,0.00776369
1787,0.0775501
1789,0.326681
1790,0.283733
1792,0.354253
1794,0.275818
1795,0.337628
1796,0.348336
1797,0.348442
1802,0.42615
1803,0.283874
1804,0.104725
1805,0.174065
1806,0.178642
1808,0.212223
1814,0.00156151
1816,0.00390841
1817,0.00201266
1822,0.0212184
1825,0.00644571
1832,0.00173925
1835,0.175546
1838,0.226162
1843,0.0293183
1847,0.0248904
1848,0.0346309
1851,0.178189
1852,0.00100893
1853,8.56234e-05
1854,0.0117776
1855,0.000807316
1859,0.00140825
1864,0.0150106
1865,0.000468428
1869,0.222693
1870,0.0149477
1873,0.113381
1875,0.132093
1877,0.417673
1878,0.294525
1880,0.0580937
1882,0.392654
1883,0.345701
1885,0.00325756
1886,0.00157663
1888,0.0106397
1893,0.960062
1894,0.975291
1895,0.00478152
1902,0.00669236
1903,0.000428966
1904,0.00039714
1908,0.0128037
1909,0.00596746
1910,0.00823717
1912,0.00438711
1913,0.0927352
1919,0.00282463
1920,0.00311783
1924,0.00468293
1925,0.184886
1928,0.707518
1929,0.680756
1935,0.72113
1936,0.00220349
1937,0.0151105
1941,0.0191336
1943,0.0304406
1944,0.122848
1945,0.00160693
1947,0.299
1950,0.00367076
1951,0.0020234
1955,0.00983953
1960,0.0405007
1963,0.0594586
1965,0.0512599
1972,0.0289512
1984,0.341638
1985,0.000636023
1988,0.00486034
1989,0.406959
1991,0.0179871
1992,0.0191825
1995,0.0865109
1996,0.0320415
1999,0.00734735
2000,0.0151248
2001,0.0105046
2003,0.00524455
2005,0.346999
2009,0.398391
2011,0.000914493
2013,0.233
2015,0.000374933
2018,0.00463622
2019,0.000751394
2021,0.00329305
2023,0.0876086
2026,0.00558461
2029,0.00203469
2030,0.00770565
2031,0.00108162
2032,0.00366351
2035,0.248059
2037,0.000336765
2038,0.000136449
2039,0.0027398
2040,0.00284982
2041,0.0404997
2044,0.00571891
2046,0.00759441
2047,0.00209471
2049,0.0033962
2050,0.175039
2051,0.00970747
2052,0.00620457
2053,0.0154426
2055,0.00544483
2056,0.0293506
2063,0.00865744
2068,0.000477463
2069,0.00389951
2070,0.180534
2072,0.00185647
2075,0.00992044
2080,0.00855429
2082,0.00549125
2086,0.398396
2088,0.00738008
2089,0.00886989
2090,0.00248888
2091,0.00322026
2092,0.00812237
2094,0.0088575
2095,0.00416672
2096,0.0167328
2097,0.11029
2098,0.0221899
2100,0.729454
2103,0.00269848
2104,0.160523
2105,0.0224919
2106,0.0463413
2108,0.00848972
2109,0.00391961
2111,0.0192222
2112,0.00402821
2114,0.00218905
2115,0.000637155
2117,0.000782464
2118,0.128953
2120,0.992804
2121,0.994264
2122,0.993484
2124,0.994407
2125,0.99357
2127,0.993163
2128,0.993881
2129,0.991861
2131,0.992194
2132,0.00416385
2133,0.0261315
2134,0.0971352
2136,0.000867952
2142,0.0830606
2143,0.974354
2144,0.975678
2145,0.970259
2146,0.133964
2147,0.964856
2148,0.961931
2152,0.96449
2155,0.949032
2156,0.965823
2158,0.00768166
2165,0.982699
2166,0.982994
2175,0.0878662
2176,0.0119854
2177,0.000732893
2178,0.950797
2182,0.00560983
2183,0.00123713
2187,0.00469497
2188,0.00242403
2189,0.00406521
2190,0.00055938
2194,0.00119286
2195,0.00223304
2197,0.0708358
2199,0.00233488
2200,0.340912
2205,0.194778
2210,0.335452
2211,0.249486
2213,0.250744
2214,0.26463
2215,0.21631
2218,0.164732
2219,0.151371
2221,0.0299459
2223,0.00210282
2224,0.0275631
2225,0.112759
2226,0.274126
2227,0.00646041
2230,0.00171945
2231,0.0664583
2232,1.55538e-05
2233,0.00584774
2234,0.0304081
2235,0.00178743
2236,0.000946663
2237,0.215849
2241,0.0909521
2242,0.00335063
2243,0.00258397
2244,0.00110176
2250,0.189073
2251,0.00721321
2252,0.00253921
2256,0.00843605
2260,0.00343088
2261,0.00166063
2262,0.0107387
2265,0.00117375
2267,0.00209047
2268,0.198946
2284,0.0174769
2285,0.0167263
2288,0.0089652
2293,0.14982
2297,0.00220162
2298,0.0906697
2299,0.00112191
2300,0.0344589
2302,0.0104222
2307,0.0232365
2308,0.00275141
2309,0.0111818
2317,0.000654198
2320,0.00147605
2321,0.00961983
2322,0.301295
2326,0.00475831
2330,0.0143129
2332,0.0286654
2334,0.298573
2336,0.00464444
2337,0.02275
2338,0.0609394
2339,0.0276522
2340,0.000798069
2345,0.172245
2346,0.0244224
2350,0.00139001
2351,0.0151939
2353,0.00160201
2354,0.0142408
2357,0.00513103
2359,0.00841102
2360,0.00396539
2362,0.00844265
2363,0.000928695
2366,0.0951781
2373,0.00187551
2375,0.52547
2378,0.0186941
2379,0.00800689
2381,0.0131072
2384,0.0343206
2385,0.146439
2386,0.101036
2391,2.76651e-05
2393,0.0181917
2395,0.00156156
2396,0.25312
2399,0.00305092
2402,0.970046
2403,0.000139117
2404,0.954
2410,0.947125
2411,0.95847
2412,0.947969
2414,0.00534365
2415,0.967904
2416,0.953461
2418,0.943658
2419,0.971332
2421,0.0244193
2422,0.013301
2423,0.00314703
2424,0.269679
2426,0.0856616
2428,0.0121156
2429,0.00943039
2431,0.00255903
2432,0.0147185
2438,0.00533914
2441,0.00860728
2442,0.0664101
2444,0.0164656
2445,0.182494
2446,0.010673
2449,0.0497729
2450,0.0357462
2451,0.00151701
2452,0.00184166
2455,0.000377084
2459,0.00262251
2460,0.148387
2463,0.00284488
2465,0.00206893
2468,0.00807919
2469,0.000938407
2474,0.00241325
2478,0.0596121
2480,0.00445234
2483,0.962461
2486,0.00271207
2487,0.0307754
2488,0.00068466
2491,0.000256975
2492,0.146677
2496,0.0443994
2497,0.0304848
2499,0.150908
2501,0.0134564
2502,0.0237947
2504,0.297315
2505,0.0171192
2506,0.0182014
2507,0.0146606
2509,0.968902
2511,0.965672
2512,0.966892
2514,0.00197511
2515,0.000167337
2519,0.00139941
2521,0.000600148
2522,0.00741276
2525,0.000400465
2529,0.00503073
2531,0.152603
2533,0.00709007
2535,0.169207
2537,0.00282332
2541,0.96832
2543,0.973603
2544,0.00276837
2546,0.000204165
2549,0.026139
2551,0.00762343
2554,0.0219953
2558,0.148455
2561,0.00718384
2562,0.000860295
2563,0.0304255
2564,0.00902696
2565,0.00634315
2567,0.0119164
2568,0.00147928
2570,0.00174052
2572,0.00079986
2573,0.000633964
2574,0.0067304
2577,0.00495554
2580,0.0448349
2583,0.265568
2584,0.275661
2585,0.324096
2589,0.0206717
2596,0.0219137
2599,0.00790423
2600,0.0201043
2602,0.0298494
2603,0.0193262
2605,0.169544
2606,0.102521
2607,0.0451992
2608,0.00372103
2609,0.0492842
2610,0.00513021
2612,0.00111904
2614,0.0039157
2615,0.00271574
2616,0.089982
2617,0.00250874
2621,0.00225369
2623,0.0001032
2624,0.00119831
2626,0.0467461
2634,0.41185
2635,0.00871957
2636,0.0037978
2637,0.104561
2638,0.0715491
2639,0.00613827
2642,0.00249959
2643,0.00597926
2648,0.0241459
2650,0.00733227
2652,0.00190354
2653,0.0734295
2654,0.00191345
2660,0.00411413
2662,0.000227999
2665,0.0032139
2667,0.27092
2668,0.311744
2671,0.215697
2673,0.0195176
2675,0.0441129
2678,0.000738441
2679,0.00726322
2684,0.0764525
2686,0.00303049
2688,0.0875078
2689,0.0133444
2692,0.00344074
2693,0.315769
2697,0.00525773
2698,0.0630368
2700,0.13706
2704,0.000375097
2705,0.00243652
2706,0.0366251
2713,0.00963929
2718,0.959133
2720,0.96217
2721,0.958796
2727,0.0357054
2728,0.951905
2729,0.941944
2735,0.00721719
2736,0.0428832
2737,0.777626
2738,0.161053
2739,0.00160826
2740,0.359942
2741,0.119309
2742,0.0124969
2744,0.666601
2746,0.743557
2748,0.736177
2750,0.702245
2751,0.733238
2752,0.798377
2758,0.715179
2759,0.749778
2760,0.698222
2763,0.818905
2765,0.735298
2767,0.756097
2768,0.78994
2769,0.00694973
2771,0.953207
2775,0.934825
2776,0.937855
2778,0.944544
2779,0.957631
2782,0.0445096
2783,0.00177021
2784,0.000821391
2785,0.00215336
2786,0.00166751
2788,0.00297003
2791,0.00456127
2793,0.0708092
2796,0.0274165
2797,0.367559
2803,0.0031472
2804,0.010965
2807,0.00396643
2808,0.00413643
2810,0.00901562
2811,0.0122114
2817,0.001719
2818,0.0258553
2820,0.0678253
2821,0.113247
2822,0.117383
2823,0.295234
2824,0.0820872
2825,0.0131706
2832,0.32098
2833,0.0154692
2835,0.0123299
2836,0.100897
2837,0.0179229
2838,0.00324568
2842,0.00412129
2843,0.00907518
2849,0.450563
2850,0.0573129
2851,0.000649871
2852,0.00459667
2855,0.00309015
2858,0.00951293
2861,0.000539386
2862,0.00149251
2866,0.000722672
2868,0.00816853
2869,0.0039052
2871,0.0124304
2872,0.000913869
2874,0.00478756
2875,0.00716068
2876,0.00239503
2879,0.00223559
2884,0.140634
2885,0.196012
2886,0.00263462
2889,0.000772762
2890,0.00063443
2891,0.00449375
2894,0.00226501
2897,0.242567
2899,0.0181187
2901,0.00461006
2902,0.456856
2903,0.00283435
2906,0.0059893
2907,0.00491193
2908,0.00731833
2910,0.00188971
2911,0.000790915
2914,0.0086952
2918,0.0062777
2921,0.616386
2923,0.0192375
2927,0.00211858
2928,0.155012
2930,0.052879
2934,0.00187246
2935,0.0516032
2939,0.000912726
2940,0.0109739
2941,0.0046786
2942,0.0184462
2943,0.00327309
2944,0.0017981
2945,0.00513626
2946,0.00165764
2947,0.00229425
2949,0.302443
2954,0.391991
2955,0.0834287
2956,0.0236344
2958,0.00194425
2961,0.139072
2962,0.207497
2963,0.154844
2966,0.0912468
2967,0.124835
2968,0.0903638
2969,0.115918
2970,0.0854234
2971,0.0688555
2976,0.0547715
2978,0.140581
2981,0.0473363
2982,0.00254238
2984,0.0812384
2985,0.00511892
2986,0.00721794
2987,0.00349845
2990,0.0158016
2993,0.0497067
2995,0.0850076
2999,0.255291
3000,0.00648123
3001,0.154463
3005,0.000980217
3006,0.0467218
3007,0.00175562
3008,0.00766964
3009,0.0151819
3012,0.0136288
3013,0.203769
3016,0.110879
3017,0.000270061
3018,0.0111179
3019,0.163914
3020,0.0104265
3021,0.000847952
3022,0.000642766
3024,0.00449118
3025,0.000834493
3026,0.00166872
3029,0.00779275
3031,0.00630363
3032,0.00733559
3034,0.130472
3039,0.0753942
3041,0.0244317
3042,0.0315469
3044,0.00344223
3046,0.00334836
3047,0.0382522
3049,0.0724949
3050,0.00146931
3051,0.00382608
3052,0.00321734
3056,0.0018243
3061,0.00710864
3062,0.00745746
3063,0.0899412
3064,6.05803e-06
3065,0.0424047
3066,0.00506881
3067,0.00471636
3075,0.0749731
3077,0.0387985
3078,0.00167151
3079,0.00149924
3080,0.00616799
3081,0.0127279
3082,0.000193019
3083,0.0373258
3085,0.0358017
3086,0.00284656
3088,0.00218704
3091,0.0012125
3092,3.03049e-06
3093,0.00130382
3096,0.00118153
3098,0.00997787
3099,0.00142502
3101,0.0261438
3105,0.000130171
3107,0.0603514
3108,0.0568822
3112,0.00404821
3113,0.765345
3116,0.00136789
3117,0.000208775
3121,0.00931709
3122,0.000994303
3123,0.0381279
3127,0.00279028
3130,0.00803237
3131,0.447589
3133,0.00200187
3137,0.309319
3138,0.0172093
3140,0.00102821
3141,0.00236277
3145,0.0023354
3148,0.019918
3150,0.00818334
3152,0.00523034
3153,0.119359
3154,0.00983008
3155,0.0465885
3157,0.0241229
3158,0.00076351
3159,0.00607389
3160,0.0264653
3161,0.00746042
3162,0.00681025
3164,0.00430995
3166,0.0241649
3167,0.00226611
3169,0.000207901
3175,0.0118228
3177,0.00381469
3182,0.0157809
3184,0.106855
3185,0.0928934
3186,0.0308191
3187,0.0660092
3189,0.0564119
3191,0.00589573
3195,0.0212662
3197,0.00270593
3199,0.000613355
3205,0.234853
3207,2.57765e-05
3211,0.212667
3213,0.000383163
3215,0.20769
3217,0.000426653
3218,0.0371251
3219,0.0546909
3225,0.050922
3228,0.00100493
3231,0.000180457
3234,0.0080621
3235,0.250053
3236,0.000875099
3242,0.0270105
3243,0.00132682
3245,0.0440166
3246,0.00933236
3249,0.754844
3250,0.772642
3251,0.687078
3253,0.760507
3254,0.00109307
3255,0.751014
3257,0.0333398
3258,0.0411681
3259,0.0213043
3262,0.00818995
3266,0.0959551
3269,0.0551207
3270,0.107132
3271,0.0554239
3273,0.00772292
3275,0.00125401
3277,0.0103208
3278,0.00530987
3281,0.0143025
3282,0.197328
3285,0.00872583
3286,0.0250247
3287,0.000730949
3289,0.00440022
3291,0.0075836
3293,0.00714061
3301,0.110347
3302,0.00341885
3309,0.0053727
3310,0.000281187
3313,0.015823
3314,0.00257705
3315,0.323798
3323,0.00426384
3324,0.00860558
3327,0.0022009
3331,0.00530488
3335,0.000520389
3336,0.000553414
3338,0.0021271
3340,0.000353228
3341,0.384097
3351,1.14541e-05
3353,0.0493331
3354,0.000480517
3356,0.0153237
3357,0.0229248
3359,0.0273293
3360,0.74919
3364,0.726772
3365,0.470536
3368,0.00879801
3370,0.00517285
3371,0.0090283
3373,0.00370436
3377,0.000737574
3378,0.00317876
3380,0.0225654
3381,0.0202007
3382,0.0597003
3385,0.00414043
3390,0.0167019
3393,0.00207894
3395,0.0133853
3402,0.00540901
3403,0.0018371
3407,0.00595677
3408,0.0170303
3409,0.000957667
3410,0.00194466
3412,0.0022012
3413,0.0372562
3414,0.00522003
3425,0.00285357
3429,0.008653
3430,0.00248429
3432,0.00283336
3433,0.0292722
3434,0.0031164
3455,0.00105644
3456,0.00807629
3458,0.0377954
3462,0.0028915
3466,0.0394484
3469,0.00571972
3472,0.00154073
3474,0.00148937
3494,0.0108687
3495,0.02325
3496,0.00699162
3497,0.0268322
3498,0.0310741
3499,0.0310535
3500,0.00179372
3501,0.167325
3513,0.00535246
3515,0.00780828
3516,0.0848166
3519,0.0824736
3527,0.00769084
3528,0.82538
3530,0.778883
3531,0.782884
3533,0.11852
3535,0.750183
3536,0.801746
3539,0.737842
3540,0.820436
3547,0.739072
3550,0.811597
3551,0.803401
3552,0.815152
3553,0.815572
3554,0.0174478
3556,0.0784769
3585,0.0234364
3587,0.0098459
3590,0.116171
3591,0.015828
3592,0.00110206
3593,0.0165767
3597,0.000505067
3603,0.00123085
3604,0.000592215
3609,0.00332921
3610,0.00137523
3611,0.00211333
3612,0.0163534
3615,0.000633564
3616,0.0205947
3622,0.0166158
3623,0.0540423
3625,0.0250151
3626,0.120322
3629,0.0118939
3630,0.00197218
3631,0.00128521
3632,0.00627032
3634,0.00181402
3638,0.00347145
3641,0.209787
3642,0.00399543
3645,0.0355018
3646,0.00418078
3648,0.0100982
3651,0.00086657
3654,0.0117906
3656,0.00231438
3657,0.0604476
3658,0.000172826
3659,0.243619
3661,0.297134
3662,0.00398337
3664,0.991752
3667,0.9877
3669,0.986009
3673,0.984293
3674,0.979874
3675,0.979866
3677,0.977188
3679,0.97657
3681,0.966068
3682,0.977467
3687,0.00562283
3689,0.538951
3691,0.00387681
3692,0.107331
3693,0.00458651
3696,0.00978128
3697,0.0829476
3701,0.552957
3702,0.000831046
3703,0.0271514
3704,0.189635
3705,0.0132517
3709,0.00653165
3710,0.0264679
3711,0.0284432
3712,0.00154612
3713,0.00415702
3714,0.0103592
3717,0.0261327
3718,0.00498328
3720,0.0688445
3721,0.00136816
3722,0.000659525
3723,0.00401994
3754,0.000111226
3756,0.000888248
3757,0.000451385
3759,0.100863
3762,0.00412869
3764,0.0676127
3765,0.00089617
3773,0.00362768
3774,0.00844081
3775,0.018164
3776,0.0154747
3777,0.0653211
3779,0.00693381
3782,0.0621277
3786,0.013789
3787,0.000842351
3793,0.093484
3796,0.0840854
3798,0.0167416
3799,0.256165
3800,0.217387
3801,0.219835
3802,0.154696
3805,0.215121
3806,0.142409
3808,0.203501
3809,0.0678276
3810,0.00171178
3812,0.0315913
3813,0.0026948
3820,0.0142098
3821,0.00071222
3825,0.0451456
3828,0.0161005
3832,0.000807598
3839,0.00890104
3840,0.000805562
3843,0.291569
3844,0.000601091
3846,0.00609801
3847,0.0414152
3849,0.109011
3851,0.00392473
3852,0.0145085
3853,0.000474743
3855,0.537547
3858,0.603033
3863,0.00320547
3866,0.0191802
3867,0.150362
3871,0.380327
3873,0.00143621
3874,0.000513767
3877,0.000595485
3879,0.00496147
3880,0.000432074
3882,0.0174196
3883,0.053249
3885,0.00347179
3888,0.00690732
3891,0.348502
3897,0.00845768
3900,0.00516381
3901,0.00244334
3902,0.033048
3903,0.00750499
3904,0.00073261
3907,1.85217e-05
3909,0.00095145
3914,0.000307328
3915,0.00183166
3917,0.00983141
3921,0.00159636
3922,0.00151246
3923,0.00347584
3929,0.00620381
3931,0.0263482
3934,0.609693
3935,0.577955
3936,0.603691
3937,0.617236
3939,0.569725
3941,0.000691181
3944,0.095706
3956,0.000603042
3957,0.00238453
3960,0.00101323
3961,0.0210548
3963,0.00729027
3969,0.0042038
3971,0.0106716
3972,0.0149843
3976,0.00228563
3978,0.0846697
3979,0.00101485
3980,0.0221468
3986,0.00101801
3988,0.00204434
3989,0.00293297
3990,0.0089084
3997,0.0299494
3999,0.00346565
4000,0.000806484
4001,0.00119926
4002,0.0160589
4003,0.0974538
4004,0.0398879
4006,0.0100433
4014,0.022258
4018,0.00606929
4019,0.0019811
4020,0.000629085
4021,0.00467453
4022,0.00646047
4023,0.000704756
4024,0.0112612
4031,0.0172784
4033,0.0154024
4035,0.0260889
4038,0.00832024
4039,0.00649995
4041,0.00691707
4043,0.0688533
4044,0.173828
4046,0.00469739
4047,0.00169082
4050,0.00348432
4053,0.0556089
4054,0.00352451
4056,0.0154022
4058,0.00533715
4067,0.801083
4068,0.734421
4069,0.714393
4076,0.00334511
4081,0.00299941
4082,0.162962
4083,0.00106388
4089,0.00465552
4090,0.0822565
4092,0.00331944
4093,0.00171686
4094,0.0369502
4097,0.00619249
4100,0.00540351
4101,0.829555
4102,0.703814
4104,0.816956
4105,0.799133
4108,0.747788
4110,0.817982
4111,0.792295
4112,0.840464
4117,0.772224
4121,0.9547
4122,0.0136182
4123,0.809036
4125,0.836342
4126,0.787959
4127,0.797213
4128,0.76803
4131,0.796915
4136,0.958693
4137,0.963207
4138,0.944495
4139,0.941464
4141,0.941722
4151,0.941817
4152,0.948521
4153,0.952076
4154,0.951157
4157,0.940095
4161,0.972378
4163,0.953899
4164,0.949583
4168,0.943256
4169,0.947813
4170,0.935262
4171,0.937629
4172,0.939537
4173,0.962709
4176,0.964245
4180,0.96126
4181,0.966253
4182,0.967092
4184,0.0598521
4185,0.00766963
4188,0.00819048
4199,0.00147276
4200,0.00392848
4202,0.00163225
4205,0.0285304
4208,0.0239667
4209,0.00705733
4210,0.0452693
4211,0.000513466
4215,0.0136901
4216,0.387755
4220,0.000388253
4221,0.00140832
4224,0.0124069
4225,0.0088123
4228,0.0026016
4229,0.003264
4231,0.0123582
4232,0.000194807
4233,0.00194203
4236,0.00363187
4239,0.00112151
4240,0.0157811
4242,0.0127024
4244,0.0327491
4245,0.00133103
4246,0.0360623
4249,0.285328
4250,0.859563
4254,0.84408
4255,0.0170645
4258,0.826715
4261,0.866762
4263,0.859987
4264,0.839906
4265,0.850335
4267,0.827029
4269,0.854847
4270,0.82561
4274,0.866793
4276,0.0262517
4279,0.00695154
4281,0.0133729
4283,0.993547
4284,0.996046
4286,0.00520904
4289,0.0745066
4293,0.0851117
4294,0.00094149
4296,0.00226595
4297,0.0403294
4301,0.00198218
4306,0.000635052
4308,0.00078686
4310,0.0444858
4312,0.0286406
4313,0.0111789
4315,0.00694705
4319,0.669413
4320,0.624239
4325,0.00844455
4328,0.00263469
4335,0.0075258
4338,0.175945
4340,0.0113643
4341,0.0200972
4342,0.00041298
4344,0.110684
4348,0.915553
4351,0.883925
4355,0.895158
4356,0.890055
4359,0.893421
4360,0.0165539
4363,0.889968
4365,0.900964
4366,0.910731
4368,0.881716
4370,0.89163
4372,0.840004
4373,0.834447
4375,0.857583
4377,0.835907
4378,0.821862
4380,0.814524
4381,0.862433
4383,0.757722
4384,0.782957
4386,0.811801
4390,0.000516724
4394,0.00549167
4395,0.0546253
4396,0.00478917
4397,0.675782
4398,0.0368163
4401,0.00439085
4404,0.00203416
4406,0.00101001
4407,0.0012861
4409,0.000945963
4410,0.00221164
4411,0.0172922
4412,0.00228178
4414,0.000638312
4421,0.0199132
4423,0.00145091
4424,0.110858
4426,0.0389539
4427,0.0321574
4434,0.000564697
4435,0.00540909
4437,0.00124089
4439,0.179957
4446,0.195088
4448,0.0261953
4450,0.0230106
4461,0.653355
4462,0.00107508
4463,0.375605
4464,0.0242357
4465,0.0190323
4466,0.00855573
4467,0.00952367
4468,0.250517
4474,0.608323
4476,0.652923
4477,0.668717
4478,0.633345
4484,0.00206155
4485,0.0154855
4496,0.994153
4499,0.0245643
4500,0.0011714
4502,0.00625267
4506,0.642895
4507,0.634131
4512,0.696381
4513,0.749617
4516,0.792873
4519,0.832313
4521,0.817946
4527,0.903571
4528,0.830863
4529,0.895808
4533,0.864126
4534,0.831281
4535,0.864348
4536,0.882235
4537,0.93476
4538,0.930216
4539,0.927869
4541,0.879657
4547,0.92378
4550,0.95958
4551,0.947659
4555,0.956953
4556,0.948786
4562,0.63175
4563,0.2246
4564,0.00125813
4568,0.00145224
4574,0.0110218
4575,0.000725986
4579,0.0192016
4588,0.00385304
4602,0.000158572
4605,0.00445253
4607,0.98027
4608,0.0053947
4611,0.33013
4614,0.485986
4615,0.00109369
4617,0.0108665
4619,0.00635699
4620,0.00231452
4623,0.0019829
4625,0.000116011
4626,0.00522352
4629,0.0440329
4630,0.0860242
4631,0.000538953
4641,0.0271371
4651,0.000122107
4654,0.00153761
4656,0.023769
4660,0.0138901
4662,0.536334
4665,0.976738
4666,0.978713
4667,0.979959
4670,0.969158
4671,0.0215799
4672,0.0279151
4673,0.00651551
4674,0.158385
4675,0.00127417
4676,0.00114442
4677,0.00105319
4678,0.000647949
4682,0.000730883
4686,0.000452607
4689,0.0121633
4696,0.00294667
4698,0.00182358
4701,0.016617
4702,0.015162
4704,0.007767
4707,0.6678
4711,0.000403734
4712,0.000109758
4715,0.0105222
4718,0.00479741
4721,0.0163267
4727,0.00232511
4728,0.0583493
4731,0.014343
4735,0.0028541
4736,0.0469707
4740,0.238818
4743,0.00167198
4745,0.0485026
4747,0.00114282
4751,0.0153334
4752,0.0124054
4755,0.00783927
4757,0.00328043
4758,0.0122481
4761,0.00537064
4762,0.00523001
4767,0.0142864
4768,0.00339813
4769,0.000335341
4770,0.0175135
4782,0.00708316
4783,0.0443943
4785,0.0412054
4786,0.000653569
4789,0.00195894
4792,8.35779e-05
4805,0.00131234
4807,0.0652744
4808,0.000495478
4811,0.0152245
4813,0.00620879
4815,0.000844466
4816,0.0115482
4821,0.000405256
4823,0.295022
4826,0.0534217
4829,0.0156822
4835,0.0516395
4836,0.308035
4838,0.000999464
4847,0.0185615
4850,0.00434157
4852,0.00244629
4853,0.0605934
4855,0.00057329
4858,0.00983907
4860,0.461878
4862,0.997179
4865,0.997235
4867,0.0199951
4869,0.00061751
4870,0.0624311
4876,0.011783
4877,0.0030381
4882,0.00115421
4885,0.146334
4886,0.00298976
4888,0.0559507
4895,0.00221716
4897,0.0239098
4898,0.00388844
4899,0.00260236
4900,0.00366243
4904,0.140777
4905,0.0186369
4907,0.0637524
4909,0.00294287
4910,0.0193116
4911,0.997233
4912,0.996625
4915,0.0137809
4916,0.0118344
4917,0.301034
4919,0.160621
4922,0.000918395
4925,0.0714684
4928,0.0020653
4929,0.0555742
4931,0.00271698
4933,0.0817742
4935,0.000589565
4936,0.00559268
4937,0.00047124
4939,0.010084
4940,0.00265507
4941,0.00297556
4942,0.00638112
4944,0.130737
4946,0.122937
4947,0.0935755
4948,0.401193
4954,0.0154359
4955,0.0534246
4957,0.00642704
4958,0.000182907
4962,0.00413578
4963,0.176788
4966,0.288296
4967,0.0208087
4969,0.0190031
4970,0.0554964
4971,0.00612843
4974,0.00699751
4979,0.00250904
4980,0.0567274
4982,0.00647339
4987,0.0409494
4990,0.0147353
4991,0.00758213
4992,0.00478827
4993,0.0238251
4994,0.0223772
4995,0.0634996
4997,0.0447348
4999,0.0137118
5000,0.00383324
5001,0.154764
5002,0.029766
5005,0.000381292
5010,0.0507928
5011,0.0164285
5014,0.0167253
5015,0.0070638
5016,0.0077274
5017,0.0110845
5018,0.00154658
5019,0.00509664
5020,0.00269085
5021,0.00904939
5022,0.00770123
5023,0.218712
5024,0.00101721
5025,0.000929015
5026,0.00583031
5027,0.0454572
5028,0.00686114
5030,0.024673
5031,0.00173506
5032,0.00282633
5033,0.00270308
5034,0.0693663
5039,0.0291315
5040,0.0146884
5041,0.0843079
5042,0.00932223
5045,0.0192941
5046,0.00131088
5049,0.00462748
5050,0.0409079
5054,0.00285284
5057,0.00586209
5060,0.0105215
5061,0.0119111
5063,0.996663
5064,0.997391
5065,0.997048
5068,0.0839986
5070,0.19842
5071,0.99739
5076,0.00394652
5077,0.00444288
5079,0.111665
5080,0.0157522
5083,0.00422388
5085,0.355479
5087,0.00939354
5089,0.00847574
5090,0.355271
5091,0.142817
5095,0.0078407
5097,0.0738745
5098,0.136445
5101,0.00355619
5102,0.0834356
5103,0.00274374
5105,0.33369
5109,0.014988
5112,0.00228198
5115,0.0585986
5121,0.993382
5122,0.0118397
5123,0.0174741
5126,0.000875274
5127,0.0184054
5130,0.997667
5131,0.000389791
5137,0.178588
5139,0.29418
5141,0.229379
5143,0.18956
5144,0.00102426
5146,0.17864
5148,0.157038
5149,0.214105
5151,0.149705
5154,0.00448627
5156,0.0190374
5157,0.0829669
5159,0.0201477
5160,0.270764
5166,0.000847015
5169,0.00248713
5170,0.0446524
5172,0.0106766
5174,0.178032
5177,0.000547152
5179,0.0410869
5182,0.00119252
5183,0.130742
5187,0.00221235
5188,0.0150249
5190,0.998331
5192,0.0488881
5195,0.997516
5200,0.0225134
5201,0.134923
5202,0.000639263
5203,0.00407062
5205,0.00336024
5206,0.114023
5207,0.0111999
5217,0.0164644
5218,8.54829e-05
5220,0.00760822
5221,0.0931158
5224,0.00144901
5225,0.997512
5227,0.00456569
5229,0.00388355
5230,0.0312702
5232,0.132647
5233,0.0154337
5235,0.00236403
5236,0.0102614
5239,0.00340929
5241,0.300961
5242,0.00294175
5244,0.0231504
5246,0.0429682
5247,0.0650753
5250,0.000594109
5251,0.997789
5252,0.997295
5255,0.000972699
5256,0.00349387
5257,0.00106175
5260,0.0660345
5261,0.0380689
5262,0.0241435
5264,0.028703
5267,0.00201686
5268,0.00151799
5270,0.00818713
5273,0.0538308
5275,0.000390618
5277,0.0577097
5279,0.0245053
5282,0.159115
5287,0.0107019
5290,0.000514321
5291,0.206012
5293,0.00305843
5297,0.231275
5298,0.0352999
5299,0.0180226
5300,0.0146412
5302,0.0136544
5305,0.00448696
5311,0.00959441
5312,0.0001849
5313,0.0488933
5314,0.0362363
5315,0.0260198
5316,0.00657989
5319,0.00771692
5321,0.0021342
5323,0.00925083
5326,0.0149493
5327,0.000727622
5328,0.00223952
5329,0.0358975
5331,0.00154158
5334,0.19161
5335,0.0231088
5337,0.0520204
5340,0.00333657
5342,0.0139701
5344,0.00197002
5345,0.0494115
5346,0.0684492
5348,0.00138136
5349,0.0456695
5351,0.0941862
5353,0.00803943
5354,7.7022e-05
5357,0.00190171
5359,0.00114961
5362,0.209866
5363,0.00452786
5364,0.00128796
5366,0.118273
5369,0.00612009
5371,0.00495609
5372,0.00789153
5382,0.0751713
5384,0.00155781
5385,0.0445988
5388,0.0183681
5389,0.0314536
5390,0.0721471
5391,0.0050907
5392,0.0108026
5393,0.00852452
5396,0.997726
5398,0.997861
5399,0.99824
5401,0.997826
5402,0.998164
5406,0.997783
5409,0.0750267
5422,0.0175141
5424,0.0171718
5427,0.00570631
5428,0.0260074
5431,0.99777
5433,0.00164541
5434,0.00173038
5435,0.00401879
5438,0.00494739
5439,0.0061413
5444,0.000984821
5445,0.0669088
5446,0.0252874
5448,0.0157162
5450,0.00163822
5453,0.0395206
5455,0.0569255
5457,0.0019811
5459,0.0436596
5461,0.0155684
5463,0.00852502
5464,0.00546541
5465,0.024329
5467,0.0524261
5469,0.0250402
5470,0.0589068
5471,0.0179249
5472,0.0223795
5473,0.00168137
5475,0.00100596
5478,0.0207872
5479,0.000882914
5480,0.0151435
5484,0.00267916
5486,7.72145e-06
5487,0.00506073
5489,0.0379069
5492,0.0260015
5494,0.0136297
5495,0.0025896
5501,0.000746017
5502,0.00175989
5503,0.000786066
5507,0.0048946
5508,0.000791156
5511,0.030587
5515,0.00172271
5519,0.00660208
5522,0.000981667
5524,0.00151304
5525,0.0199842
5527,0.00159457
5531,0.00614575
5533,0.0259662
5534,0.0639346
5535,0.0158153
5536,0.000914899
5543,0.0389985
5545,0.00635602
5547,0.0034825
5548,0.0220543
5549,0.00251482
5550,0.0164112
5551,0.000932596
5552,0.0023701
5553,0.00638827
5554,0.00143544
5556,0.0923599
5557,0.15111
5559,0.000698312
5560,0.00729448
5561,0.00681374
5562,0.00542159
5563,0.0253697
5567,0.00471577
5571,0.00162234
5575,0.343212
5582,0.0970082
5585,0.997894
5588,0.42105
5593,0.00293476
5594,0.000674231
5595,0.00673846
5596,0.0099914
5597,0.0113887
5598,0.00179984
5607,0.0116176
5610,0.0221485
5612,0.00166563
5619,0.07401
5622,0.0164313
5624,0.00447657
5625,0.0322821
5626,0.00153108
5628,0.0531998
5630,0.00682436
5631,0.0655069
5636,0.0791835
5637,0.716313
5638,0.0120738
5639,0.00636589
5642,0.0446861
5645,0.0155715
5646,0.00892356
5647,0.022785
5650,0.0069839
5652,0.163562
5653,0.0532021
5654,0.0576008
5655,0.0498778
5658,0.00876599
5659,0.00187915
5660,0.0113253
5661,0.00441211
5664,0.0169241
5665,0.0163372
5667,0.0199074
5669,0.002688
5670,0.26748
5672,0.0276247
5673,0.0121604
5675,0.00105684
5676,3.0997e-05
5677,0.0215051
5679,0.0674914
5680,0.0111126
5685,0.00413311
5686,0.00768972
5687,7.35651e-05
5692,0.0889109
5693,0.00419688
5695,0.796289
5699,0.00205709
5700,0.000409523
5701,0.0531124
5707,0.0401749
5708,0.0218031
5714,0.000584094
5716,0.0666967
5717,0.00151389
5718,0.000845703
5720,0.0079897
5725,0.0817811
5726,0.00335251
5728,0.00594838
5730,0.0632229
5731,0.000323881
5732,0.00957969
5734,0.00113735
5735,0.00879597
5736,0.0169092
5740,0.00193193
5758,0.0342817
5767,0.125389
5769,0.00181373
5771,0.00849853
5774,0.00115352
5775,0.00239339
5776,0.0153919
5777,0.000690844
5778,0.0284737
5782,0.061435
5784,0.00535401
5786,0.171077
5791,0.000739423
5794,0.000582765
5795,0.0849628
5797,0.00143579
5802,0.00746877
5803,0.996773
5804,0.00480279
5810,0.995936
5812,0.00778232
5815,0.993323
5816,0.994214
5821,0.00395864
5827,0.0107756
5828,0.00078717
5833,0.0352386
5836,0.215987
5839,0.0110709
5845,0.0733086
5850,0.041404
5852,0.000786467
5853,0.00173624
5856,0.0391897
5858,0.00388318
5863,0.00581057
5867,0.0409369
5870,0.00467455
5876,0.010682
5877,0.0241316
5879,0.0221116
5880,0.0149183
5881,0.0051131
5883,0.0449159
5884,0.191203
5885,0.00368846
5886,0.00345078
5891,0.0567645
5892,0.00588492
5893,0.0211044
5894,0.0059334
5895,0.0010184
5900,0.163887
5905,0.0482311
5906,0.0166875
5912,0.00230647
5913,0.000668682
5919,0.0231931
5920,0.000185925
5922,0.000400414
5923,0.0840784
5928,0.00177163
5929,0.0148735
5930,0.0017466
5932,0.0148445
5935,0.000365858
5936,0.00771006
5939,0.021138
5940,0.00624804
5942,0.00265867
5944,0.164797
5945,0.000606925
5946,0.159955
5947,0.000679428
5948,0.015533
5954,0.00304537
5955,0.0914015
5956,0.0311602
5958,0.138539
5961,0.00509225
5962,0.00021144
5963,0.0303708
5965,0.00903327
5972,0.00102628
5974,0.0306501
5977,0.00118286
5980,0.00306466
5982,0.000926842
5983,0.0561791
5984,0.0505737
5985,0.00591312
5987,0.00442763
5988,0.000334508
5989,0.00135046
5991,0.448153
5994,0.00323231
5996,0.25581
5997,0.00816455
5998,0.0174339
5999,0.00222198
6000,3.90498e-05
6003,0.00515813
6007,0.00187263
6009,0.0345178
6012,0.0267075
6013,0.00615464
6015,0.0114964
6016,0.00261146
6018,0.014711
6019,0.305141
6023,0.996313
6024,0.996881
6025,0.995555
6026,0.000381977
6027,0.0347572
6029,0.00169089
6032,0.0219032
6033,0.00197509
6037,0.0216404
6039,0.0105929
6040,0.00400516
6047,0.0297893
6048,0.0241628
6050,0.0353629
6051,0.994549
6052,0.121618
6059,0.0175043
6060,0.0163438
6061,0.0293423
6063,0.729592
6067,0.0125234
6069,0.042279
6073,0.00218869
6075,0.000183874
6076,0.00934432
6079,0.00116712
6082,0.121358
6084,0.0520516
6087,0.00219314
6089,0.0485694
6091,0.0139741
6094,0.0177512
6095,0.00570207
6096,0.0129097
6098,0.0478972
6100,0.0172349
6101,0.996726
6103,0.994132
6104,0.00193544
6105,0.994924
6106,0.0136181
6107,0.0170723
6108,0.00754756
6109,0.0778888
6110,0.0319698
6111,0.00195056
6112,0.00298108
6115,0.00918354
6120,0.00230516
6121,0.0563294
6123,0.00780321
6125,0.0640371
6126,0.00582231
6127,0.00631232
6129,0.0346426
6133,0.090393
6134,0.0347519
6135,0.0379711
6138,0.00790855
6141,0.0105135
6142,0.0601889
6146,0.00312445
6148,0.0161842
6153,0.00576928
6154,0.0499955
6155,0.00387318
6156,0.971448
6157,0.0101823
6158,0.000773681
6159,0.0111745
6160,0.0048108
6161,0.000603768
6163,0.00909632
6165,0.0352636
6167,0.127546
6168,0.00485202
6169,0.0412764
6172,0.00745349
6176,0.0958205
6177,0.00113302
6178,0.00220927
6180,0.00901899
6183,0.000957741
6188,0.0376407
6189,0.0028072
6190,0.0760746
6191,0.00151993
6196,0.00161504
6197,0.0450303
6203,0.0048708
6207,0.259626
6208,0.00102707
6211,0.0117698
6213,0.00384615
6214,0.00959564
6217,0.0181718
6218,0.0233249
6219,0.000988275
6223,0.0937295
6227,0.00300972
6229,0.014159
6231,0.00664269
6236,0.000478882
6238,0.0739663
6239,0.00398986
6240,0.00276823
6242,0.00131538
6245,0.000853122
6249,0.0406869
6250,0.00205883
6251,0.0533399
6253,0.00920936
6254,0.0118121
6256,0.0122462
6260,0.0786949
6261,0.0270938
6263,0.99549
6264,0.994242
6268,0.00332592
6270,0.00145263
6272,0.00777192
6276,0.00176306
6277,0.0919285
6278,0.143953
6279,0.0346645
6285,0.00490751
6286,0.00080617
6287,0.000612406
6289,0.000880217
6290,0.00277913
6291,0.104639
6292,0.00786093
6294,0.137419
6295,0.00303259
6296,0.0107063
6297,0.0944467
6298,0.0178238
6301,0.0106736
6302,0.00322082
6303,0.00275501
6305,0.0273993
6306,0.0212203
6309,0.00164034
6310,0.0146207
6313,0.0050255
6317,0.0022468
6319,0.098651
6320,0.147423
6321,0.0110628
6326,0.0025323
6329,0.00410119
6330,0.00805521
6331,0.0243029
6334,0.00734888
6335,0.0204081
6336,0.322495
6338,0.0184146
6339,0.194665
6340,0.0842426
6341,0.0123898
6342,0.00395211
6345,0.000836184
6348,0.0476249
6356,0.0355504
6358,0.0104398
6359,0.108012
6362,0.0305477
6364,0.0101329
6365,0.00877321
6366,0.00329514
6371,0.0194285
6373,0.110054
6377,0.0369024
6379,0.000615096
6380,0.00930085
6383,0.00388057
6386,0.111603
6389,0.475871
6390,0.00145281
6393,0.003185
6394,0.000940885
6395,0.185181
6396,0.203936
6397,0.151907
6399,0.10446
6400,0.00499869
6401,0.0552381
6405,0.00195189
6407,0.197541
6409,0.0111348
6411,0.0447012
6413,0.0204659
6414,0.00143299
6416,0.0716502
6417,0.00203631
6420,0.00294771
6421,0.000756376
6435,0.0190971
6436,0.00356289
6438,0.0111688
6439,0.00366554
6441,0.0363927
6443,0.00492195
6444,0.011108
6445,0.000193223
6446,0.00676728
6447,0.00320798
6451,0.000922048
6452,0.00143166
6455,0.00128141
6457,0.00853044
6458,0.401887
6459,0.08122
6462,0.00644412
6466,0.00634559
6467,0.0109967
6468,0.0101747
6471,0.0409336
6474,0.00154974
6475,0.00260562
6476,0.0987339
6478,0.00308489
6480,0.00152106
6483,0.0912855
6484,0.00417114
6485,0.0321914
6487,0.134462
6490,0.0170819
6494,0.00347826
6499,0.0656443
6500,0.062221
6501,0.00112811
6502,0.0617397
6503,0.0614367
6504,0.0263659
6505,0.003523
6507,0.00387296
6509,0.0140611
6511,0.0027881
6513,0.00737144
6515,0.02104
6516,0.0624288
6517,0.124912
6520,0.0521616
6523,0.00613129
6528,0.00291089
6530,0.000381718
6532,0.0385676
6533,0.00433604
6535,0.00576272
6536,0.00110276
6539,0.00338087
6542,0.0328063
6543,0.0630044
6545,0.000560606
6550,0.0450408
6552,0.0716876
6553,0.00339515
6556,0.206312
6558,0.00834019
6560,0.00747906
6561,0.00676556
6564,0.000527327
6565,0.119543
6574,0.0143292
6577,0.0096153
6581,0.0343803
6582,0.564611
6583,0.161003
6585,0.00528806
6586,0.000600252
6587,0.000771234
6589,0.0799061
6591,0.0119334
6593,0.00177129
6597,0.0015698
6598,0.0202667
6600,0.0707638
6602,0.00476494
6604,0.00972169
6605,0.0875442
6606,0.0027852
6607,0.0155061
6608,0.00137543
6611,0.0388465
6612,0.00189293
6613,0.00352477
6614,0.0567867
6615,0.152036
6617,0.0258834
6620,0.00520593
6621,0.0036996
6624,0.0269749
6628,0.00458108
6630,0.0414746
6631,0.416495
6634,0.00416872
6635,0.00585083
6637,0.00657383
6638,0.00235933
6641,0.0025737
6642,0.00617352
6643,0.00449929
6647,0.0032538
6648,0.0838392
6649,0.0172062
6650,0.00866417
6652,0.0178141
6654,0.00164203
6657,0.0086333
6658,0.00234908
6659,0.0128545
6660,0.00136282
6661,0.0301282
6664,0.0128968
6669,0.00393505
6672,0.20016
6674,0.00153524
6679,0.112678
6684,0.000726887
6688,0.0197026
6689,0.00124952
6691,0.00743383
6693,0.0221783
6694,0.0126247
6700,0.0137848
6701,0.0161457
6702,0.0183163
6704,0.00407823
6706,0.00109995
6710,0.0210574
6711,0.0343812
6713,0.00563935
6714,0.00640622
6715,0.00705257
6716,0.0125992
6724,0.0119301
6727,0.0110793
6729,0.213642
6731,0.00226919
6733,0.529434
6734,0.0143818
6735,0.0244608
6736,0.0913523
6737,0.00859969
6738,0.314475
6740,0.00810491
6742,0.0972959
6744,0.00502118
6746,0.00532829
6747,0.0177726
6749,0.0024934
6750,0.0137062
6753,0.00290173
6754,0.16554
6755,0.000125258
6756,0.0359228
6758,0.0219846
6759,0.0142322
6761,0.00132861
6762,0.00192316
6763,0.0456399
6766,0.000133514
6767,0.0054188
6770,0.995248
6775,0.0527788
6779,0.00414034
6780,0.0235518
6782,0.0643151
6783,0.00868413
6786,0.00110853
6787,0.00266776
6791,0.0303433
6793,0.104804
6796,0.000133684
6798,0.37599
6799,0.272591
6800,0.315453
6803,0.0168754
6806,0.0039403
6807,0.0025815
6810,0.0407602
6811,0.106496
6813,0.000899682
6817,0.0205244
6819,0.00272028
6822,0.0209584
6823,0.0132683
6824,0.115008
6825,0.000550826
6826,0.00533616
6827,0.108785
6830,0.0182262
6834,0.0914026
6835,0.00169342
6836,0.000401513
6842,0.684303
6843,0.994964
6846,0.00100569
6847,0.00160996
6850,0.0338425
6855,0.0017918
6856,0.000575226
6857,0.096943
6858,0.00355955
6860,0.0189101
6861,0.0124246
6863,0.00709807
6868,0.00270956
6869,0.00111245
6871,0.0921669
6873,0.000350557
6874,0.00283706
6875,0.027851
6879,0.007539
6882,0.0224218
6883,0.00586502
6884,0.00137722
6886,0.00597679
6887,0.157591
6891,0.511662
6892,0.069826
6893,0.00151392
6896,0.00225668
6898,0.0465125
6899,0.0133808
6900,0.0471167
6904,0.00621438
6905,0.000805787
6906,0.00581232
6907,0.72589
6908,0.0673843
6910,0.171985
6912,0.0131337
6915,0.00602064
6916,0.0114245
6921,0.167754
6922,0.0264553
6927,0.0335855
6928,0.00816571
6929,0.0183131
6930,0.0319625
6932,3.91503e-05
6933,0.0136706
6937,0.00534173
6939,0.000818481
6942,0.0191809
6943,0.0035556
6944,0.00175409
6945,0.00127285
6947,0.990889
6948,0.98976
6951,0.00960857
6952,0.00826401
6955,0.00327845
6956,0.000558621
6959,0.0531488
6962,0.0472672
6966,0.00307016
6967,0.0281133
6968,0.00127899
6970,0.00281468
6971,0.0325345
6972,0.0171672
6973,0.001237
6974,0.0623643
6976,0.0100811
6977,0.00150071
6978,0.00118029
6979,0.11344
6982,0.00444469
6983,0.00292041
6988,0.00681723
6993,0.003878
6995,0.110259
6996,0.00349207
6998,0.082983
6999,0.0235112
7001,0.0555827
7004,0.00163028
7007,0.00237822
7008,0.00287158
7011,0.00439913
7012,0.00430391
7013,0.0171606
7014,0.00259089
7016,0.017597
7017,0.00363798
7018,0.00555958
7019,0.0347043
7022,0.00455475
7024,0.0436577
7029,0.0223059
7030,0.043635
7031,0.000404517
7032,0.00489191
7034,0.0015062
7037,0.0111368
7038,0.041307
7039,0.0242806
7040,0.0147339
7042,0.256111
7044,0.00101085
7045,0.0129073
7046,0.0646368
7048,0.00304054
7054,0.0134955
7056,0.0167186
7059,0.0206479
7061,0.0116878
7062,0.00651821
7064,0.00515513
7065,0.105005
7066,0.00104009
7068,0.988452
7073,0.000831479
7076,0.206537
7077,0.00139724
7079,0.000827581
7081,0.011661
7083,0.215187
7085,0.00977459
7086,0.00138599
7087,0.00124399
7088,0.0146314
7091,0.062549
7093,0.000559983
7094,0.0014369
7095,0.0047349
7096,0.000582636
7098,0.00394359
7099,0.00204778
7105,0.248193
7108,0.00741847
7109,0.153519
7113,0.989942
7116,0.00602093
7117,0.000968349
7118,0.00169519
7120,0.000670884
7121,0.0775257
7125,0.00692598
7130,0.00177137
7131,0.0129516
7132,0.000993401
7137,0.0198927
7138,0.00291909
7142,0.0689242
7145,0.00125543
7147,0.0200112
7148,0.00214516
7149,0.0101256
7151,0.0433583
7156,0.0392113
7160,0.0207909
7161,0.000774353
7163,0.0454121
7165,0.00852854
7172,0.110057
7174,0.0113308
7175,0.0629638
7177,0.00108736
7181,0.0305263
7182,0.00899462
7184,0.00440897
7187,0.00473918
7189,0.000829513
7190,0.000415854
7197,0.000383638
7199,0.00934869
7201,0.00373858
7202,0.00172357
7203,0.00308368
7206,0.00190348
7209,0.00153309
7211,0.0852973
7212,0.0484223
7213,0.00217961
7215,0.00966552
7217,0.00282576
7218,0.689867
7221,0.00269021
7223,0.00137459
7225,0.00175198
7226,0.0081817
7227,0.0834006
7229,0.00228705
7231,0.569954
7234,0.00331034
7235,0.00740979
7238,0.0219726
7239,0.00634196
7240,0.0177881
7245,0.00046274
7246,0.02099
7248,0.00565972
7250,0.024636
7251,0.0511943
7256,0.0534757
7257,0.559756
7258,0.00558482
7259,0.00887814
7264,0.0310603
7266,0.0375666
7267,0.00273481
7271,0.0130564
7274,0.925613
7276,0.000887744
7277,0.0100071
7279,0.00185049
7280,0.00346245
7282,0.00229185
7283,0.00639513
7291,0.0661727
7295,0.00117236
7296,0.00048843
7298,0.0161755
7300,0.00159395
7302,0.000423945
7304,0.00631458
7305,0.00601686
7311,0.00268317
7315,0.000629626
7316,0.0300572
7319,0.0113311
7321,0.128367
7326,0.0301855
7328,0.115334
7331,0.065302
7332,0.0132788
7333,0.0536362
7334,0.0605543
7336,0.016648
7337,0.107896
7338,0.00304886
7339,0.00051425
7340,0.0146248
7341,0.00626967
7343,0.00147613
7344,0.00184988
7346,0.0746756
7347,0.0110775
7349,0.012021
7351,0.258364
7352,0.00218893
7353,0.928536
7354,0.119121
7356,0.0332578
7360,0.258596
7364,0.704823
7365,0.0154542
7366,0.00271465
7367,0.03833
7368,0.00765226
7372,0.00314968
7373,0.00146734
7374,0.108257
7376,0.0117341
7380,0.0998994
7383,0.036105
7384,0.0128596
7385,0.00502418
7389,0.00528735
7392,0.0464591
7393,0.0213792
7395,0.188516
7396,0.000862401
7399,0.106078
7400,0.0404153
7403,0.00437828
7405,0.0247315
7406,0.230029
7410,0.00176136
7411,0.0148704
7417,0.0266622
7419,0.0430496
7421,0.0030562
7424,0.0202967
7425,0.0091089
7429,0.0034907
7430,0.0737136
7432,0.0150089
7434,0.0026659
7439,0.000886464
7441,0.0123643
7447,0.000794719
7448,0.0250648
7449,0.100992
7451,0.190569
7452,0.368004
7453,0.0124732
7455,0.0575949
7456,0.00884245
7458,0.00307915
7459,0.00950284
7460,0.00704029
7461,0.228184
7463,0.0382838
7465,0.0464636
7469,0.236557
7471,0.00102089
7472,0.00114971
7475,0.0266308
7477,0.0125987
7478,0.0439027
7479,0.0030589
7482,0.0134195
7483,0.00762994
7484,0.0315209
7485,0.0110104
7486,0.0010163
7487,0.00101108
7488,0.00975858
7489,0.00350292
7491,0.00241607
7492,0.0112877
7496,0.0386401
7501,0.0460835
7502,0.00120145
7503,0.0165566
7506,0.0024708
7507,0.121368
7508,0.00351251
7514,0.027109
7520,0.01228
7522,0.00400438
7526,0.00155037
7528,0.0099953
7529,0.00226133
7530,0.0240579
7535,0.00957195
7536,0.000328504
7537,0.00598647
7538,0.0066356
7540,0.0180014
7541,0.00440564
7544,0.0331982
7545,0.1271
7546,0.00837019
7549,0.00194624
7550,0.0031285
7551,0.0277545
7554,0.0968391
7556,0.0062269
7557,0.0605874
7558,0.00103987
7559,0.0145173
7564,0.0641775
7565,0.00532538
7566,0.00634949
7569,0.149185
7570,0.0187325
7571,0.163748
7572,0.0866909
7573,0.0101072
7574,0.0305062
7576,0.161954
7579,0.00772697
7580,0.0146395
7581,0.00970972
7584,0.00183017
7586,0.00285951
7588,0.0151208
7589,0.00101335
7591,0.00838287
7596,0.00717956
7598,0.0106645
7599,0.0153843
7602,0.00318034
7604,0.289762
7605,0.0217004
7609,0.00673563
7612,0.0104684
7615,0.00616011
7624,0.000834774
7626,0.00304603
7627,0.000749697
7628,0.00396964
7630,0.0171302
7636,0.0259522
7637,0.0140515
7640,0.00107614
7641,0.00160518
7642,0.00971715
7645,0.11822
7646,0.0722326
7650,0.00358729
7651,0.00995969
7652,0.008699
7653,0.002856
7656,0.00431387
7658,0.0125877
7659,0.00542558
7661,0.000667395
7662,0.00282997
7663,0.000202111
7664,0.262868
7665,0.57991
7666,0.039887
7667,0.244829
7669,0.0241791
7671,0.0037909
7672,0.0431906
7674,0.00514482
7675,0.00425204
7677,0.0538405
7678,0.0269425
7679,0.00327093
7680,0.00214174
7681,0.00466256
7686,0.00173553
7687,0.131953
7688,0.00327384
7690,0.000418217
7691,0.00380775
7694,0.00184461
7695,0.111538
7698,0.0860751
7699,0.000410777
7701,0.00500436
7702,0.00349339
7703,0.00396448
7704,0.00979633
7705,0.0639933
7711,0.185174
7715,0.0173439
7719,0.112562
7724,0.124698
7729,0.0107205
7732,0.175511
7734,0.00318904
7735,0.00251441
7736,0.0815419
7740,0.00137327
7743,0.00471959
7747,0.0178157
7748,0.00259293
7750,0.00407803
7751,0.00539694
7752,0.0013027
7755,0.00117748
7756,0.00185092
7759,0.000462456
7760,0.0226593
7762,0.00849256
7766,0.0426499
7767,0.00163901
7768,0.00278525
7769,0.00175819
7770,0.00136914
7772,0.0550122
7773,0.0145803
7774,0.0280687
7775,0.0013195
7776,0.448588
7779,0.0206389
7780,0.0409112
7781,0.12759
7782,0.00200553
7783,0.0194499
7784,0.0105191
7785,0.0235637
7787,0.000231159
7791,0.00515854
7792,0.0123131
7800,0.127024
7806,0.172081
7808,0.00125005
7809,0.00411597
7813,0.00768043
7815,0.19402
7820,0.00393534
7821,0.312918
7828,0.0311123
7829,0.0161567
7830,0.0114576
7832,0.00124693
7834,0.0195684
7835,0.00876705
7836,0.0269725
7843,0.00112047
7845,0.0192757
7846,0.0293294
7847,0.0451933
7848,0.00212672
7849,0.00058994
7851,0.00227325
7852,0.14943
7856,0.00199573
7857,0.0261332
7860,0.00439067
7862,0.00510296
7863,0.0788119
7865,0.00601716
7866,0.00389648
7869,0.0424513
7872,0.0185956
7873,0.00527286
7875,0.00171341
7876,0.000488997
7877,0.00461869
7878,0.078058
7880,0.00382225
7882,0.0451638
7883,0.0482431
7887,0.000737702
7888,0.0133931
7890,0.0281217
7893,0.00970906
7895,0.00818853
7896,0.00999518
7898,0.0442469
7899,0.0110866
7900,0.0300836
7901,0.0293697
7902,0.0195954
7905,0.0069518
7909,0.00349036
7910,0.0195496
7912,0.00880397
7914,0.1078
7916,0.0576805
7918,0.000217906
7921,0.0727613
7922,0.0688097
7923,0.00366283
7924,0.00263318
7925,0.0188804
7926,0.0125768
7927,0.0505563
7929,0.00855725
7930,0.0100698
7931,0.00852085
7933,0.000205633
7934,0.00274453
7935,0.0131383
7938,0.02665
7939,0.0524161
7943,0.0215799
7945,0.00166593
7948,0.168615
7949,0.0122641
7950,0.0109228
7952,0.00871812
7953,0.102814
7958,0.00582095
7960,0.0101677
7961,0.0557985
7962,0.0127839
7963,0.00400374
7964,0.108501
7965,0.0330113
7967,0.0124361
7968,0.0223011
7969,0.0171271
7973,0.0221597
7974,0.00926388
7978,0.0460632
7980,0.0593704
7981,0.00632099
7985,0.463398
7987,0.000794304
7990,0.00391075
7991,0.123413
7992,0.0627564
7994,0.0458758
7995,0.0199346
7996,0.00451026
7997,0.308683
7999,0.226001
8000,0.00510942
8001,0.0041239
8002,0.008575
8004,0.00191842
8013,0.00365652
8017,0.0126237
8018,0.00251012
8020,0.00592937
8022,0.0303185
8023,0.00381139
8024,0.00245275
8025,0.00285754
8026,0.0615929
8029,0.00168517
8032,0.0572827
8035,0.00400988
8041,0.194118
8042,0.00475581
8044,0.0174533
8046,0.00375082
8047,0.00875393
8048,0.00411305
8051,0.0183528
8052,0.0745775
8053,0.250942
8055,0.00256375
8056,0.00755391
8059,0.000507627
8060,0.00183066
8062,0.00168701
8064,0.00187442
8065,0.00679553
8066,0.0108817
8067,0.00312192
8068,0.00461242
8069,6.39762e-05
8070,0.00583257
8073,0.000872982
8074,0.00217423
8076,0.00160038
8077,0.00129042
8078,0.0744301
8079,0.0504982
8080,0.0046751
8081,0.0151217
8083,0.0172643
8088,0.1156
8089,0.015689
8090,0.000700054
8091,0.00252812
8096,0.0191039
8103,0.00253364
8104,0.0161
8106,0.295784
8107,0.0116088
8109,0.00683694
8111,0.416536
8112,0.222376
8113,0.335396
8115,0.00082578
8116,0.00133814
8119,0.00195609
8120,0.583826
8121,0.0675881
8122,0.000432553
8123,0.0218992
8124,8.28527e-05
8126,0.0128407
8127,0.00191365
8128,0.00288993
8129,0.00105698
8130,0.284178
8134,0.699274
8136,0.00548411
8139,0.0187018
8140,0.00545368
8141,0.00441258
8142,0.00573017
8144,0.00177821
8145,0.0081784
8148,0.0014792
8151,0.00395366
8156,0.520403
8157,0.108691
8160,0.00127153
8162,0.0389291
8164,0.981044
8168,0.253472
8169,0.000669622
8170,0.297254
8172,0.104749
8173,0.000845322
8175,0.00226245
8177,0.00383332
8179,0.0142218
8181,0.357475
8184,0.00233402
8186,0.00580282
8193,0.0187502
8207,0.00366187
8208,0.000676208
8209,0.00081607
8211,0.00384018
8214,0.00580328
8234,0.488783
8235,0.00868636
8236,0.000805969
8237,0.252795
8243,0.00818125
8248,0.155002
8252,0.257925
8253,0.00647671
8256,0.013024
8263,0.0180556
8267,0.0330792
8268,0.0101942
8269,0.00498849
8273,0.259498
8276,0.00155505
8280,0.00155531
8288,0.00558996
8302,0.0095198
8304,0.414431
8314,0.000442669
8319,0.0109661
8327,0.97817
8330,0.974027
8334,0.986298
8336,0.98707
8337,0.984448
8340,0.981166
8341,0.972481
8343,0.975588
8344,0.976512
8345,0.0043241
8347,0.107731
8350,0.00348972
8353,0.982646
8354,0.985392
8355,0.980691
8357,0.981785
8359,0.774869
8360,0.98281
8369,0.976057
8371,0.974629
8372,0.974451
8373,0.978854
8376,0.971123
8377,0.969018
8384,0.00115132
8385,0.00256954
8387,0.00103357
8389,0.981816
8398,0.000998164
8412,0.0193515
8413,0.811264
8423,0.00249345
8424,0.00899954
8430,0.786429
8431,0.724569
8436,0.848973
8438,0.905118
8439,0.894955
8444,0.000309236
8445,0.0740921
8447,0.0395818
8449,0.0115501
8457,0.00114414
8458,0.285264
8459,0.0213782
8462,0.00445971
8467,0.00469363
8471,0.000446915
8475,0.0526328
8476,0.166147
8477,0.00423889
8479,0.0117727
8482,0.00223214
8484,0.101452
8486,0.309487
8488,0.288707
8489,0.0863589
8492,0.000928845
8494,0.00124902
8508,0.00753887
8509,0.0123858
8513,0.498897
8516,0.00374732
8521,0.359567
8523,0.020483
8526,0.0843995
8527,0.0268682
8529,0.142372
8531,0.0185194
8533,0.396189
8534,0.739509
8540,0.115117
8543,0.0130694
8544,0.0115125
8545,0.00493738
8546,0.000182719
8552,0.000937581
8555,0.0363832
8559,0.183509
8561,0.00285315
8573,0.00819456
8576,0.518663
8587,0.00301958
8591,0.00481083
8595,0.000848919
8600,0.00120951
8612,0.741081
8614,0.812736
8615,0.846227
8619,0.00225942
8623,0.605108
8631,0.00363529
8643,0.569014
8648,0.513138
8649,0.0122452
8651,0.586751
8654,0.000664133
8657,0.00553727
8689,0.56719
8691,0.0561869
8717,0.507106
8721,0.489481
8731,0.0187692
8732,0.00414787
8741,0.00289506
8749,0.0151078
8762,0.00279083
8765,0.151226
8766,0.0292905
8767,0.00166366
8768,0.757034
8769,0.766631
8770,0.776313
8772,0.786055
8776,0.810676
8778,0.819782
8782,0.828846
8783,0.842146
8784,0.00128185
8786,0.0052551
8789,0.00138366
8792,0.0113883
8795,0.000836418
8799,0.00343243
8800,0.00771403
8805,0.0596175
8815,0.408285
8826,0.00820003
8828,0.372302
8829,0.199829
8833,0.260826
8850,0.375158
8875,0.322321
8877,0.297574
8878,0.390467
8879,0.341959
8883,0.00795738
8884,0.235466
8885,0.255768
8887,0.229305
8888,0.236559
8889,0.262661
8894,0.263559
8896,0.210531
8898,0.323348
8899,0.304707
8902,0.0468873
8903,0.0203142
8909,0.000451425
8913,0.105638
8921,0.00634395
8923,0.00617439
8928,0.997401
8929,0.99661
8931,0.996897
8935,0.996963
8936,0.00546336
8937,0.996737
8940,0.0615056
8941,0.000786113
8942,0.99687
8943,0.997001
8944,0.997665
8947,0.00501069
8949,0.99681
8953,0.64359
8956,0.997721
8968,0.553669
8971,0.603718
8974,0.571063
8975,0.600284
8976,0.638733
8977,0.563618
8979,0.00336282
8980,0.00290298
8981,0.997564
8983,0.997321
8984,0.996871
8987,0.9969
8988,0.996617
8989,0.643313
8990,0.627049
8991,0.198394
8992,0.0100633
8998,0.559823
8999,0.580687
9000,0.559576
9002,0.996854
9005,0.0072908
9008,0.997087
9012,0.996488
9013,0.996289
9014,0.996609
9015,0.996237
9016,0.996705
9017,0.996199
9018,0.996644
9019,0.996151
9020,0.996172
9022,0.00192734
9023,0.995609
9024,0.00114182
9025,0.0038229
9033,0.00346992
9037,0.995663
9038,0.995896
9040,0.995762
9041,0.995884
9046,0.00205819
9048,0.000921031
9051,0.996447
9053,0.0610649
9070,0.0422802
9075,0.00120119
9078,0.0440665
9079,0.0731911
9083,0.996671
9084,0.997113
9087,0.995864
9088,0.996143
9093,0.0527501
9105,0.0026586
9108,0.00619601
9110,0.0285169
9116,0.0334464
9118,0.995259
9120,0.562978
9125,0.00259963
9126,0.996494
9128,0.99696
9129,0.99779
9135,0.475972
9140,0.0662996
9141,0.00908228
9147,0.237498
9153,0.0047295
9156,0.0195585
9159,0.0742889
9161,0.00725848
9163,0.341859
9165,0.453459
9172,0.156051
9175,0.187213
9179,0.192932
9183,0.996987
9185,0.149043
9186,0.0790902
9188,0.00143834
9191,0.218458
9192,0.107408
9193,0.99778
9196,0.996749
9199,0.996587
9200,0.9969
9202,0.996902
9204,0.0494819
9208,0.00646461
9225,0.0191683
9230,0.00115
9232,0.125077
9234,0.00893396
9236,0.00133334
9237,0.115779
9244,0.997178
9245,0.997126
9250,0.997595
9251,0.000592288
9258,0.997739
9259,0.00502519
9265,0.996959
9269,0.996725
9273,0.44995
9274,0.484493
9275,0.432974
9276,0.499269
9277,0.409223
9278,0.496606
9280,0.997403
9282,0.997116
9283,0.997744
9298,0.989521
9299,0.990909
9301,0.0781366
9304,0.730055
9305,0.988482
9308,0.989817
9310,0.990932
9311,0.990096
9313,0.0624841
9317,0.986024
9318,0.988116
9321,0.987791
9322,0.99378
9323,0.981321
9325,0.979463
9327,0.132954
9328,0.528993
9330,0.487809
9331,0.445908
9333,0.772999
9334,0.976079
9335,0.483608
9337,0.438026
9343,0.970834
9344,0.436911
9348,0.460937
9352,0.966118
9353,0.967096
9357,0.450643
9362,0.0130167
9365,0.97584
9367,0.971883
9371,0.203739
9372,0.958729
9375,0.958318
9377,0.961837
9378,0.950511
9380,0.941787
9381,0.945404
9382,0.767174
9383,0.763914
9386,0.762853
9387,0.768802
9388,0.946015
9390,0.944494
9393,0.94997
9395,0.944253
9396,0.943942
9397,0.942562
9399,0.94302
9401,0.930399
9402,0.813022
9405,0.845507
9407,0.924869
9409,0.921301
9410,0.944479
9412,0.944886
9413,0.939615
9414,0.946119
9415,0.94796
9416,0.950166
9417,0.956982
9418,0.951354
9420,0.000112719
9423,0.0287332
