1,0.00246079
2,0.000539066
3,0.00126255
5,0.073976
6,0.0193941
10,0.00775334
14,0.00552224
15,0.000282197
16,0.0112147
19,0.0110527
20,0.004014
24,0.00426361
25,0.0014503
28,0.00117304
29,0.0112429
32,0.0149176
37,0.142814
38,0.0011075
40,0.0601022
41,0.0532493
44,0.00854183
45,0.0094419
47,7.93647e-06
49,0.00360316
51,0.0152241
52,0.00268513
54,0.00456755
55,0.0754439
60,0.00629905
61,0.223769
63,0.0161042
64,0.0156136
68,0.00670487
70,0.00697235
75,0.00787197
76,0.0176525
78,0.0050963
82,0.0180853
85,0.0514699
86,0.0139674
87,0.000685942
88,0.101532
93,0.043936
94,0.0934253
99,0.00225978
103,0.0107636
106,0.00373081
107,0.00759572
108,0.150629
109,0.00292614
110,0.0500395
116,0.00263919
119,0.00280031
121,0.00234853
123,0.0253125
124,0.10895
128,0.0807699
132,0.0105536
133,0.0289282
138,0.00283739
141,0.000277014
143,0.00606822
144,0.0296324
145,0.000657018
148,0.146852
150,0.0100295
151,0.210935
154,0.0017001
155,0.00452878
157,4.22669e-05
158,0.00879801
159,0.00291514
161,0.0599798
163,0.00370293
166,0.000939214
167,0.00554366
169,0.0200969
170,0.102198
173,0.000846306
174,0.025751
177,0.164748
178,0.0170354
179,0.0972541
180,0.0565101
182,0.000279694
183,0.00599003
184,0.0523398
185,0.000637534
188,0.00990603
190,0.00828826
194,0.00253793
195,0.00890842
201,0.0436617
202,0.973025
204,0.00738956
207,0.00350032
208,0.0373612
210,0.00272271
212,0.0112896
213,0.000367168
214,0.00244574
219,0.000253033
222,0.000666357
223,0.0288621
225,0.0667416
228,0.00331873
229,0.00193171
232,0.00343366
237,0.00185264
238,0.000368755
240,0.00943384
241,0.0212786
246,0.00157556
247,0.0509878
248,0.0149412
249,0.000843236
250,0.0012625
251,0.00143927
253,0.0405406
255,0.0203685
257,0.128778
259,0.00233022
263,0.00215208
265,0.560988
270,0.00547141
272,0.0117116
279,0.00501509
282,0.00542853
284,0.0587658
285,0.0386462
286,0.0277976
288,0.0123496
290,0.00182232
291,0.0775026
292,0.025815
294,0.00130934
298,0.0376378
300,0.181791
302,0.00266244
304,0.0475485
306,0.00192233
308,0.0156098
314,0.049416
316,0.133944
319,0.00328189
320,0.00626673
323,0.00699815
324,0.0144633
326,0.00819154
329,0.460556
337,0.000756629
340,6.06299e-05
342,0.169741
346,0.00399258
347,0.00241194
348,0.0672909
349,0.127563
350,0.000838232
352,0.00343103
353,0.0126117
356,0.00211024
357,0.0049963
360,0.0547363
365,0.199727
376,0.0399547
377,0.00407265
379,0.00193056
382,0.000238505
385,0.00808229
390,0.0283408
391,0.00569731
396,0.00905008
401,0.00133197
402,0.0149132
403,0.00439831
404,0.0397142
406,0.00806514
409,0.00941326
411,0.00122473
413,0.016128
415,0.00171806
416,0.02246
417,0.00326199
420,0.0128787
421,0.0267286
423,0.00341865
424,0.0129671
434,0.156429
435,0.018211
436,0.00829868
438,0.036755
439,0.0931941
445,0.0408084
446,0.112371
447,0.00472998
449,0.00110331
450,0.00565469
455,0.0092274
457,0.00506027
459,0.00617154
460,0.0214146
461,0.00190879
462,0.0184379
464,0.0186126
465,0.0615076
468,0.0246978
469,0.00350615
471,0.00891749
475,0.00471059
476,0.00445711
479,0.0210303
480,0.00114891
482,0.00860901
483,0.0081687
484,0.026415
489,0.00891997
490,0.00987531
491,0.00448979
492,0.000672935
493,0.012245
496,0.00517925
498,0.000429904
501,0.00200814
503,0.0220542
506,0.00869766
507,0.0470928
510,0.000595715
514,0.00535299
515,0.0713317
518,0.00774785
520,0.000238348
521,0.00211271
524,0.00186235
525,0.227724
526,0.112406
528,0.00450847
530,0.0034814
533,0.00349847
536,0.000700843
538,0.0105101
539,0.0509185
541,0.0036204
542,0.0704225
543,0.0539347
545,0.0153382
550,0.0032804
552,0.00422728
553,0.610022
554,0.0236923
556,0.218917
560,0.02951
562,0.00426581
563,0.00337951
567,0.0480032
568,0.00216125
571,0.024475
573,0.000922396
579,0.00796097
586,0.0199777
587,0.0581175
588,0.0563497
590,0.00395688
591,0.0549565
592,0.0136272
594,0.0294708
595,0.0280907
596,0.0351034
598,0.326087
602,0.00172353
605,0.0322968
608,0.0124508
609,0.00122577
615,0.000972962
616,0.0071389
618,0.0194639
619,0.0271945
621,0.24672
622,0.0739436
623,0.000792186
624,0.0339164
626,0.00276397
628,0.00600035
632,0.00530865
634,0.0111348
637,0.255931
640,0.00143213
641,0.0379178
643,0.000408027
645,0.0107028
646,0.00526446
647,0.000643698
653,0.254608
654,0.0212477
655,0.0816062
666,0.00822247
667,0.0708368
669,0.0544474
670,0.028438
671,0.000768126
674,0.276148
677,0.0141845
678,0.000559224
679,0.000745588
680,0.000295671
681,0.304414
686,0.0133363
687,0.0170346
688,0.020841
689,0.00267719
693,0.00454398
694,0.00483838
695,0.00376436
697,0.0009344
699,0.0288665
700,0.0461541
701,0.0174715
702,0.0300213
703,0.00729868
704,0.00033234
706,0.0184048
708,0.00316115
710,0.00381755
712,0.00341663
715,0.00372533
720,0.00410555
723,0.00152994
725,0.00181173
726,0.0504988
729,0.0668128
731,0.0106481
732,0.00346666
733,0.00087128
735,0.0101214
736,0.000229847
737,0.242576
741,0.022758
742,0.00185488
745,0.32827
746,0.00505379
748,0.086708
751,0.0036476
752,0.144999
754,0.000252917
757,0.24458
760,0.00351367
762,0.000539871
765,0.545538
768,0.781015
769,0.000224767
774,0.00796385
777,0.00399588
779,0.00488594
780,0.0167529
781,0.00890509
782,0.0532753
784,0.775059
786,0.0236769
788,0.399465
789,0.0210226
790,0.0147496
793,0.000792467
795,0.165264
796,0.002071
798,0.00101111
800,0.0587413
801,0.00661064
803,0.0471948
807,0.704135
808,0.00554157
810,0.00855571
813,0.00657401
814,0.0580123
815,0.335698
825,0.00158027
826,0.000726276
827,0.00802674
830,0.00880309
831,0.0046309
833,0.00459378
836,0.0814441
838,0.0213677
841,0.0287397
844,0.00850513
847,0.00233817
848,0.000402159
849,0.00923226
850,0.0163694
851,0.00943763
852,0.00691732
853,0.18166
854,0.0405866
860,0.0050225
862,8.63274e-05
863,0.118838
865,0.00104163
867,0.0182225
868,0.00651226
870,0.00495309
871,0.0979928
873,0.0343773
877,0.000201628
880,0.00496558
883,0.0321238
884,0.00236532
885,0.0431955
887,0.000222342
888,1.13635e-05
889,0.0060842
891,0.0421255
892,0.00901492
897,0.0265711
898,0.0667532
900,0.219656
901,0.00475933
902,0.0234421
903,0.00252388
905,0.00351981
908,0.0025163
912,0.00158103
913,0.0998776
916,0.0038362
917,0.00674553
921,0.0497051
924,0.00115779
925,0.346857
927,0.0125255
928,0.00185205
929,0.00140478
930,0.0279103
931,0.000143567
932,0.0511548
934,0.00208918
935,0.0242044
936,0.00126132
937,0.0262346
940,0.0125034
942,0.0710494
944,0.00110957
947,0.00384147
949,0.0154444
950,0.0463095
952,0.000435696
954,0.0190223
956,0.0342456
958,0.20252
959,0.00027646
961,0.0054519
962,0.000591027
963,0.032602
964,0.00194181
965,0.0449994
966,0.0180779
967,0.0960822
969,0.00159643
972,0.31214
973,0.00341494
976,0.00258577
977,0.0585225
978,0.0551242
980,0.026896
981,0.310031
982,0.00079156
984,0.0458016
985,0.000270054
987,0.232807
990,0.798705
991,0.00100049
993,0.000970104
995,0.00401094
996,0.0217183
997,0.01101
998,0.0483004
1000,0.0135745
1001,0.0761476
1006,0.00243325
1007,0.0444719
1009,0.967551
1011,0.015
1016,0.00148654
1017,0.0704507
1019,0.0316084
1021,0.00519365
1023,0.00104815
1024,0.0207681
1025,0.0308201
1026,0.0909049
1027,0.000578538
1028,0.0169123
1029,0.0208453
1032,0.343821
1037,0.495847
1039,0.00132101
1040,0.0120595
1041,0.0105191
1043,0.0299269
1045,0.121404
1046,0.00888226
1047,0.00979415
1049,0.0523262
1051,0.000818213
1052,0.0521799
1053,0.0424963
1054,0.00424867
1056,0.000818443
1062,0.01376
1063,0.00414144
1068,0.00384539
1069,0.0815308
1071,0.00261357
1075,0.00407092
1077,0.00885036
1078,0.430409
1079,0.00982953
1081,0.0184614
1083,0.0891454
1084,0.00867506
1085,0.00280834
1086,0.00782633
1088,0.00770874
1090,0.0584562
1091,0.00760683
1092,0.0181878
1095,0.00529463
1096,0.00768014
1097,0.00198997
1098,0.0105504
1099,0.00918959
1100,0.00166409
1102,0.00626412
1103,0.0252731
1104,0.00680487
1105,0.00255954
1106,0.0671465
1108,0.0219376
1110,0.00119723
1114,0.00679043
1115,0.0283266
1116,0.00959106
1118,0.00174104
1120,0.15998
1121,0.0410049
1122,0.0410485
1126,0.0168258
1127,0.0415276
1129,0.00136993
1130,0.00581607
1131,0.00440769
1132,0.0422349
1134,0.0153914
1139,0.195224
1140,0.0519107
1147,0.0089263
1148,0.00950574
1150,0.0247525
1152,0.000610212
1154,0.354146
1157,0.00102906
1158,0.0153112
1159,0.00918673
1160,0.00369767
1161,0.00884457
1164,0.00771773
1169,0.000728653
1172,0.0142855
1174,0.0060975
1176,0.00340788
1177,0.113942
1181,0.0114122
1182,0.101169
1186,0.00231619
1189,0.0119921
1190,0.0138998
1194,0.00418959
1200,0.00498522
1203,0.0752936
1204,0.0712584
1211,0.0528303
1212,0.000878297
1214,0.00155226
1215,0.0306342
1218,0.041639
1219,0.00515227
1221,0.000405393
1222,0.00173663
1223,0.00717223
1227,0.0724534
1229,0.00159832
1230,0.404938
1236,0.00231009
1238,0.00337572
1240,0.00810395
1245,0.00222483
1246,0.000252373
1250,0.112439
1252,0.00681981
1253,0.0341667
1258,0.00456627
1260,0.109209
1262,0.00555114
1269,0.00134233
1271,0.0110061
1272,0.0116651
1273,0.0117706
1274,0.00312038
1275,0.0322852
1276,0.186784
1277,0.00596537
1279,0.00956631
1280,0.025085
1281,0.00712818
1282,0.0221664
1284,4.27898e-06
1285,0.016612
1286,0.00329639
1288,0.0653725
1291,0.00275455
1292,3.03954e-05
1293,0.557436
1295,0.0801614
1296,0.00177581
1297,0.0210212
1299,0.00162667
1301,0.00970553
1302,0.000204898
1303,0.0806026
1308,0.000563883
1310,0.00183008
1312,0.0684901
1313,0.158858
1314,0.00157552
1315,0.117531
1316,0.0186175
1317,0.0319892
1322,0.111753
1323,0.00642464
1326,0.00101904
1328,0.0760165
1331,0.0179441
1333,0.358099
1334,0.000652162
1337,0.0290988
1338,0.00355486
1342,0.00230618
1344,0.00154038
1346,0.00231722
1352,0.0329723
1354,0.00514754
1355,0.0030651
1358,0.0532917
1360,0.00681585
1363,0.00505694
1364,0.00220229
1365,0.000680952
1366,0.00116686
1367,0.0756766
1369,0.209684
1371,0.00284288
1372,0.00510454
1373,0.00214984
1378,0.00374664
1380,0.120221
1381,0.00400071
1383,0.00298509
1384,0.00588875
1386,0.00222195
1387,0.00730279
1388,0.0662544
1390,0.957515
1391,0.0138905
1392,0.00371322
1397,0.00730833
1399,0.0421857
1400,0.00723281
1403,0.0147821
1405,0.286818
1408,0.014783
1409,0.00212185
1410,0.0640317
1411,0.00160092
1412,2.66286e-05
1415,0.00419625
1416,0.348754
1417,0.0112442
1420,0.00481814
1424,0.0763415
1425,0.543257
1426,0.00450896
1427,0.132551
1428,0.000790113
1429,0.00334755
1433,0.00121899
1434,0.0106061
1436,0.00466545
1438,0.0972425
1440,0.00561102
1441,0.0326241
1442,0.00379306
1443,0.00295092
1447,0.0152925
1450,0.0043359
1452,0.00476793
1455,0.000663273
1461,0.00130365
1462,0.141084
1463,0.00683561
1468,0.00683565
1469,0.0100947
1470,0.00191212
1471,0.00232634
1473,0.000390332
1475,0.14551
1476,0.0730333
1478,0.0452899
1479,0.0656611
1480,0.00243354
1484,0.0542129
1485,0.0255621
1486,0.00559046
1490,0.00633648
1492,0.00414635
1493,0.00323151
1494,0.0292017
1495,0.00133026
1500,0.00664651
1502,0.00852684
1503,0.00119416
1504,0.00453196
1506,0.00427072
1510,0.271366
1511,0.0631562
1513,0.0826418
1514,0.101909
1517,0.00371871
1519,0.0110165
1522,0.0105857
1523,0.0373786
1527,0.0719348
1528,0.11251
1530,1.48212e-06
1531,0.00502535
1533,0.00762564
1535,0.616974
1536,0.00480067
1537,0.773267
1538,0.0104599
1539,0.00355156
1540,0.0029365
1541,0.738165
1542,0.718397
1543,0.0325909
1545,0.00705661
1547,0.682213
1549,0.758293
1550,0.771856
1551,0.784874
1552,0.761244
1558,0.784872
1564,0.00645318
1566,0.0113432
1567,0.000223209
1568,0.00947345
1570,0.00765398
1573,0.035023
1575,0.00371763
1576,0.0747374
1577,0.0378961
1580,0.665043
1583,0.788329
1585,0.532037
1586,0.559142
1588,0.00301249
1590,0.550437
1593,0.457528
1594,0.393878
1595,0.486332
1597,0.57077
1598,0.520384
1599,0.602413
1601,0.00230799
1604,0.000636178
1605,0.08171
1607,0.139498
1608,0.0793441
1611,0.000177417
1613,0.0589404
1614,0.551352
1615,0.000385965
1616,0.00400619
1618,0.00066955
1621,0.000806809
1624,0.120759
1626,0.00389156
1628,0.00275913
1629,0.137598
1630,0.000901467
1632,0.00138165
1633,0.0340064
1634,0.00832254
1636,0.0947391
1640,0.00516386
1641,0.00216216
1647,0.00014692
1648,0.0346791
1649,0.963379
1654,0.967914
1658,0.970341
1659,0.971978
1660,0.971577
1662,0.018727
1664,0.00598392
1665,0.00630555
1666,0.00178587
1667,0.963966
1669,0.970928
1670,0.970583
1671,0.977655
1674,0.974577
1675,0.978827
1677,0.978551
1678,0.968531
1679,0.975493
1682,0.103416
1683,0.0017221
1684,0.00184159
1686,0.00658441
1687,0.0103264
1688,0.071358
1690,0.0633802
1693,0.00560632
1694,0.00472754
1695,0.971768
1697,0.969125
1698,0.0033584
1699,0.964698
1702,0.0477584
1703,0.9532
1704,0.972155
1705,0.00144394
1706,0.00559302
1708,0.00298969
1711,0.00368285
1712,0.125928
1714,0.0206636
1715,0.00203031
1716,0.0605755
1717,0.00249146
1718,0.000601599
1719,0.974815
1720,0.977924
1724,0.00258272
1725,0.26826
1726,0.0187378
1731,0.000598835
1732,0.00196386
1736,0.00175541
1737,0.0846295
1740,0.00104042
1741,0.00150664
1743,0.0506755
1745,0.966904
1748,0.0620836
1751,0.0118602
1752,0.105086
1754,0.00259913
1755,0.0601106
1756,0.01327
1757,0.392171
1758,0.02036
1759,0.0949987
1761,0.00340352
1762,0.00687263
1763,0.0476395
1764,0.00185677
1765,0.000645838
1767,0.0524738
1768,0.00900058
1773,0.0129447
1777,0.400716
1779,0.303323
1781,0.32518
1783,0.452274
1784,0.500714
1785,0.00776573
1787,0.077581
1789,0.326698
1790,0.283764
1792,0.35427
1794,0.275865
1795,0.337667
1796,0.348374
1797,0.348492
1802,0.426207
1803,0.283946
1804,0.104772
1805,0.174143
1806,0.178728
1808,0.212318
1814,0.0015618
1816,0.00390945
1817,0.0020128
1822,0.0212212
1825,0.00644607
1832,0.00173976
1835,0.175533
1838,0.226163
1843,0.0293145
1847,0.0248961
1848,0.0346284
1851,0.178164
1852,0.00100925
1853,8.56477e-05
1854,0.0117771
1855,0.000807636
1859,0.00140847
1864,0.0150126
1865,0.000468585
1869,0.222758
1870,0.0149463
1873,0.113381
1875,0.13207
1877,0.417694
1878,0.294596
1880,0.0580918
1882,0.392765
1883,0.345764
1885,0.00325893
1886,0.00157684
1888,0.0106388
1893,0.960053
1894,0.975282
1895,0.00478261
1902,0.00669426
1903,0.000429135
1904,0.000397283
1908,0.0128064
1909,0.00596866
1910,0.00823612
1912,0.00438847
1913,0.0927054
1919,0.00282595
1920,0.00311824
1924,0.0046825
1925,0.184881
1928,0.707602
1929,0.680847
1935,0.721191
1936,0.00220462
1937,0.0151138
1941,0.0191374
1943,0.0304414
1944,0.122773
1945,0.00160721
1947,0.299081
1950,0.00366989
1951,0.00202389
1955,0.00984166
1960,0.0405066
1963,0.0594706
1965,0.0512541
1972,0.0289537
1984,0.341682
1985,0.000636246
1988,0.0048614
1989,0.407058
1991,0.0179973
1992,0.0191849
1995,0.0864964
1996,0.0320368
1999,0.00734809
2000,0.0151224
2001,0.0105056
2003,0.00524552
2005,0.34707
2009,0.398401
2011,0.000914605
2013,0.232998
2015,0.000375071
2018,0.0046364
2019,0.000751619
2021,0.00329374
2023,0.087604
2026,0.00558575
2029,0.00203545
2030,0.00770758
2031,0.00108256
2032,0.00366456
2035,0.248022
2037,0.000336926
2038,0.000136518
2039,0.00274049
2040,0.00285083
2041,0.0404858
2044,0.00571981
2046,0.00759646
2047,0.0020951
2049,0.00339725
2050,0.175067
2051,0.00970671
2052,0.00620684
2053,0.0154481
2055,0.00544504
2056,0.0293502
2063,0.00865873
2068,0.000477512
2069,0.00390027
2070,0.180528
2072,0.00185666
2075,0.00992403
2080,0.00855462
2082,0.00549337
2086,0.398481
2088,0.0073813
2089,0.00887276
2090,0.00248963
2091,0.00322083
2092,0.0081225
2094,0.00886131
2095,0.00416767
2096,0.0167371
2097,0.110284
2098,0.0221932
2100,0.729423
2103,0.00269908
2104,0.160495
2105,0.0224979
2106,0.0463289
2108,0.00849119
2109,0.00392026
2111,0.0192193
2112,0.00402931
2114,0.00218973
2115,0.000637554
2117,0.000782776
2118,0.128936
2120,0.992794
2121,0.994257
2122,0.993477
2124,0.994401
2125,0.993563
2127,0.993156
2128,0.993874
2129,0.991853
2131,0.992187
2132,0.00416479
2133,0.0261315
2134,0.0971284
2136,0.000868243
2142,0.0830656
2143,0.974339
2144,0.975666
2145,0.970248
2146,0.133951
2147,0.964845
2148,0.961918
2152,0.964479
2155,0.949027
2156,0.965814
2158,0.00768451
2165,0.982694
2166,0.982989
2175,0.0878624
2176,0.0119874
2177,0.000733228
2178,0.950801
2182,0.00561134
2183,0.00123758
2187,0.00469629
2188,0.00242445
2189,0.00406565
2190,0.000559692
2194,0.00119297
2195,0.00223325
2197,0.0708284
2199,0.00233537
2200,0.340897
2205,0.194808
2210,0.335419
2211,0.249476
2213,0.250745
2214,0.264629
2215,0.216327
2218,0.164761
2219,0.151403
2221,0.0299523
2223,0.00210313
2224,0.0275654
2225,0.112777
2226,0.274185
2227,0.00646201
2230,0.0017199
2231,0.0664438
2232,1.55647e-05
2233,0.00584985
2234,0.0304084
2235,0.00178781
2236,0.000947072
2237,0.2158
2241,0.0909618
2242,0.00335119
2243,0.00258498
2244,0.00110211
2250,0.189011
2251,0.00721659
2252,0.00254023
2256,0.00843728
2260,0.00343162
2261,0.00166117
2262,0.0107414
2265,0.00117427
2267,0.00209121
2268,0.19893
2284,0.0174806
2285,0.0167278
2288,0.00896637
2293,0.149811
2297,0.00220207
2298,0.0906621
2299,0.00112224
2300,0.0344551
2302,0.0104235
2307,0.0232295
2308,0.00275215
2309,0.0111824
2317,0.000654447
2320,0.0014765
2321,0.00962014
2322,0.301311
2326,0.00475914
2330,0.0143118
2332,0.0286667
2334,0.298522
2336,0.00464535
2337,0.0227524
2338,0.0609364
2339,0.0276508
2340,0.000798386
2345,0.172213
2346,0.0244243
2350,0.00139033
2351,0.0151928
2353,0.00160266
2354,0.0142453
2357,0.00513182
2359,0.00841314
2360,0.00396716
2362,0.00844474
2363,0.000928878
2366,0.0951775
2373,0.00187637
2375,0.525424
2378,0.0186975
2379,0.00800752
2381,0.01311
2384,0.0343289
2385,0.146425
2386,0.101039
2391,2.76878e-05
2393,0.018194
2395,0.00156203
2396,0.253063
2399,0.00305161
2402,0.970021
2403,0.000139153
2404,0.953974
2410,0.947099
2411,0.958447
2412,0.947947
2414,0.00534429
2415,0.967889
2416,0.95344
2418,0.943642
2419,0.971317
2421,0.0244244
2422,0.0133004
2423,0.00314771
2424,0.269608
2426,0.0856444
2428,0.0121182
2429,0.00943127
2431,0.00255985
2432,0.014721
2438,0.00534091
2441,0.00860837
2442,0.0664076
2444,0.0164682
2445,0.182517
2446,0.0106744
2449,0.0497731
2450,0.035745
2451,0.00151739
2452,0.00184236
2455,0.000377316
2459,0.00262353
2460,0.148366
2463,0.0028451
2465,0.00206945
2468,0.00808244
2469,0.000938849
2474,0.00241381
2478,0.0596159
2480,0.00445392
2483,0.962446
2486,0.00271298
2487,0.0307813
2488,0.000684937
2491,0.000257101
2492,0.146676
2496,0.0443849
2497,0.0304895
2499,0.15086
2501,0.01346
2502,0.0237954
2504,0.297148
2505,0.0171182
2506,0.0182035
2507,0.0146603
2509,0.968887
2511,0.965659
2512,0.96688
2514,0.00197556
2515,0.000167381
2519,0.00139983
2521,0.000600413
2522,0.00741435
2525,0.000400534
2529,0.00503182
2531,0.152509
2533,0.00709153
2535,0.169119
2537,0.00282373
2541,0.968306
2543,0.973593
2544,0.00276871
2546,0.000204278
2549,0.0261414
2551,0.00762511
2554,0.0219938
2558,0.148416
2561,0.00718487
2562,0.000860481
2563,0.0304178
2564,0.00902873
2565,0.00634298
2567,0.0119175
2568,0.00147968
2570,0.00174081
2572,0.000800016
2573,0.000634239
2574,0.00673118
2577,0.00495708
2580,0.0448647
2583,0.265637
2584,0.275712
2585,0.324205
2589,0.0206771
2596,0.0219117
2599,0.0079046
2600,0.0201052
2602,0.0298487
2603,0.019326
2605,0.16948
2606,0.102523
2607,0.0452039
2608,0.00372163
2609,0.0492797
2610,0.00513294
2612,0.00111948
2614,0.0039167
2615,0.00271621
2616,0.0899719
2617,0.00250964
2621,0.00225328
2623,0.000103248
2624,0.00119864
2626,0.0467492
2634,0.411958
2635,0.00872118
2636,0.00379793
2637,0.104525
2638,0.0715616
2639,0.00614084
2642,0.00250031
2643,0.0059823
2648,0.0241462
2650,0.00733337
2652,0.00190393
2653,0.073408
2654,0.0019139
2660,0.00411513
2662,0.000228112
2665,0.00321506
2667,0.270877
2668,0.311687
2671,0.215659
2673,0.0195223
2675,0.0441055
2678,0.000738608
2679,0.00726319
2684,0.0764501
2686,0.00303086
2688,0.0875178
2689,0.0133475
2692,0.00344166
2693,0.315784
2697,0.00525802
2698,0.063029
2700,0.137018
2704,0.000375253
2705,0.00243636
2706,0.0366311
2713,0.00963959
2718,0.959127
2720,0.962168
2721,0.958796
2727,0.0357028
2728,0.951908
2729,0.941948
2735,0.00721903
2736,0.0428858
2737,0.777653
2738,0.161031
2739,0.00160866
2740,0.35996
2741,0.119297
2742,0.0124981
2744,0.666634
2746,0.743598
2748,0.736216
2750,0.702302
2751,0.733295
2752,0.798424
2758,0.71524
2759,0.74984
2760,0.698295
2763,0.81896
2765,0.735374
2767,0.756191
2768,0.789972
2769,0.006953
2771,0.953206
2775,0.934824
2776,0.937858
2778,0.944549
2779,0.957629
2782,0.0445158
2783,0.00177093
2784,0.000821682
2785,0.00215389
2786,0.00166813
2788,0.00297185
2791,0.00456228
2793,0.0707998
2796,0.0274226
2797,0.367507
2803,0.00314824
2804,0.0109675
2807,0.00396704
2808,0.0041372
2810,0.0090201
2811,0.0122097
2817,0.00171949
2818,0.0258627
2820,0.0678255
2821,0.113229
2822,0.11736
2823,0.295271
2824,0.0820804
2825,0.0131728
2832,0.320956
2833,0.0154705
2835,0.0123317
2836,0.100869
2837,0.0179212
2838,0.00324646
2842,0.00412319
2843,0.00907487
2849,0.450514
2850,0.0573024
2851,0.000650269
2852,0.00459829
2855,0.00309123
2858,0.009514
2861,0.000539606
2862,0.00149311
2866,0.000722891
2868,0.00816995
2869,0.0039058
2871,0.012432
2872,0.000914074
2874,0.00479036
2875,0.00716216
2876,0.00239558
2879,0.00223621
2884,0.140624
2885,0.195965
2886,0.00263517
2889,0.000773121
2890,0.000634553
2891,0.00449432
2894,0.0022654
2897,0.242601
2899,0.0181218
2901,0.00461132
2902,0.456844
2903,0.00283463
2906,0.00599087
2907,0.00491399
2908,0.00732011
2910,0.00189031
2911,0.000791261
2914,0.00869584
2918,0.00627854
2921,0.616407
2923,0.01924
2927,0.00211933
2928,0.154992
2930,0.0528705
2934,0.00187282
2935,0.0516314
2939,0.000912989
2940,0.0109764
2941,0.00467989
2942,0.0184488
2943,0.00327308
2944,0.00179849
2945,0.00513719
2946,0.00165846
2947,0.00229515
2949,0.302454
2954,0.391952
2955,0.0834256
2956,0.023636
2958,0.00194489
2961,0.139131
2962,0.207551
2963,0.1549
2966,0.0912855
2967,0.124877
2968,0.090403
2969,0.115968
2970,0.085467
2971,0.0688929
2976,0.0548041
2978,0.140654
2981,0.0473443
2982,0.00254309
2984,0.0812143
2985,0.00512067
2986,0.00721901
2987,0.00349732
2990,0.0158028
2993,0.0497143
2995,0.0850555
2999,0.255322
3000,0.00648335
3001,0.154433
3005,0.000980603
3006,0.0467294
3007,0.00175616
3008,0.00767004
3009,0.0151838
3012,0.0136281
3013,0.203773
3016,0.110882
3017,0.000270181
3018,0.0111188
3019,0.163851
3020,0.0104268
3021,0.00084797
3022,0.000642988
3024,0.00449096
3025,0.000834811
3026,0.00166927
3029,0.00779466
3031,0.00630553
3032,0.00733713
3034,0.130439
3039,0.0753976
3041,0.0244381
3042,0.0315418
3044,0.00344286
3046,0.00334937
3047,0.0382621
3049,0.0724792
3050,0.00146982
3051,0.00382681
3052,0.00321788
3056,0.00182468
3061,0.00711026
3062,0.00745643
3063,0.0899184
3064,6.06246e-06
3065,0.0423937
3066,0.00506993
3067,0.00471731
3075,0.0749608
3077,0.0387985
3078,0.0016716
3079,0.00149959
3080,0.00616931
3081,0.0127281
3082,0.000193088
3083,0.0373147
3085,0.035813
3086,0.00284708
3088,0.00218781
3091,0.00121306
3092,3.03233e-06
3093,0.00130433
3096,0.00118183
3098,0.00997892
3099,0.00142541
3101,0.0261448
3105,0.00013026
3107,0.0603463
3108,0.0568745
3112,0.00404896
3113,0.76534
3116,0.00136853
3117,0.000208872
3121,0.00931778
3122,0.000994624
3123,0.0381219
3127,0.00279078
3130,0.0080351
3131,0.447454
3133,0.00200277
3137,0.309254
3138,0.0172087
3140,0.00102856
3141,0.00236313
3145,0.00233578
3148,0.019917
3150,0.00818586
3152,0.00523076
3153,0.119354
3154,0.00983188
3155,0.046576
3157,0.0241179
3158,0.000763767
3159,0.00607495
3160,0.0264637
3161,0.00746302
3162,0.00681065
3164,0.0043116
3166,0.0241713
3167,0.00226652
3169,0.00020796
3175,0.011824
3177,0.00381573
3182,0.0157803
3184,0.106856
3185,0.0928788
3186,0.0308206
3187,0.0660014
3189,0.0563874
3191,0.0058963
3195,0.0212656
3197,0.00270656
3199,0.000613646
3205,0.234847
3207,2.57953e-05
3211,0.212714
3213,0.000383295
3215,0.207627
3217,0.000426735
3218,0.0371237
3219,0.054721
3225,0.0509515
3228,0.00100522
3231,0.000180558
3234,0.00806453
3235,0.249988
3236,0.000875398
3242,0.0270151
3243,0.00132702
3245,0.0439975
3246,0.00933421
3249,0.75484
3250,0.772702
3251,0.687116
3253,0.760474
3254,0.00109337
3255,0.750983
3257,0.0333338
3258,0.0411653
3259,0.0213059
3262,0.00819267
3266,0.0959547
3269,0.0551315
3270,0.107122
3271,0.0554168
3273,0.00772397
3275,0.00125463
3277,0.0103225
3278,0.00531036
3281,0.014305
3282,0.197382
3285,0.0087257
3286,0.025027
3287,0.000731151
3289,0.00440095
3291,0.00758394
3293,0.0071402
3301,0.110341
3302,0.00341869
3309,0.0053749
3310,0.000281315
3313,0.0158271
3314,0.00257769
3315,0.323707
3323,0.00426395
3324,0.00860613
3327,0.00220138
3331,0.00530559
3335,0.000520551
3336,0.000553577
3338,0.00212743
3340,0.000353336
3341,0.384044
3351,1.14639e-05
3353,0.0493195
3354,0.00048067
3356,0.0153241
3357,0.0229216
3359,0.0273206
3360,0.749203
3364,0.726827
3365,0.470481
3368,0.0087998
3370,0.00517388
3371,0.00902957
3373,0.00370477
3377,0.000737943
3378,0.00317995
3380,0.0225717
3381,0.0202117
3382,0.0596923
3385,0.00414208
3390,0.0167071
3393,0.00207951
3395,0.0133828
3402,0.00541074
3403,0.00183721
3407,0.00595666
3408,0.0170314
3409,0.000957998
3410,0.00194518
3412,0.0022015
3413,0.037259
3414,0.00522071
3425,0.00285408
3429,0.00865311
3430,0.00248442
3432,0.00283395
3433,0.0292782
3434,0.00311683
3455,0.00105678
3456,0.00807734
3458,0.037797
3462,0.00289262
3466,0.0394504
3469,0.00572055
3472,0.00154122
3474,0.00148989
3494,0.0108694
3495,0.0232508
3496,0.00699307
3497,0.0268308
3498,0.0310753
3499,0.0310559
3500,0.00179408
3501,0.167294
3513,0.00535349
3515,0.00780893
3516,0.0848072
3519,0.082476
3527,0.00769236
3528,0.82538
3530,0.7789
3531,0.782907
3533,0.118523
3535,0.750212
3536,0.801764
3539,0.737885
3540,0.820459
3547,0.739136
3550,0.811633
3551,0.803433
3552,0.815193
3553,0.815613
3554,0.0174444
3556,0.0784455
3585,0.0234323
3587,0.00984681
3590,0.116138
3591,0.0158277
3592,0.00110251
3593,0.0165795
3597,0.000505335
3603,0.00123115
3604,0.000592323
3609,0.00332977
3610,0.00137546
3611,0.002114
3612,0.0163558
3615,0.000633714
3616,0.0205935
3622,0.0166148
3623,0.0540266
3625,0.0250154
3626,0.120314
3629,0.0118973
3630,0.00197285
3631,0.00128572
3632,0.00627237
3634,0.00181434
3638,0.00347233
3641,0.209748
3642,0.00399601
3645,0.0354889
3646,0.00418278
3648,0.0101009
3651,0.000866837
3654,0.0117895
3656,0.00231512
3657,0.0604402
3658,0.000172924
3659,0.243745
3661,0.297268
3662,0.00398373
3664,0.991746
3667,0.987693
3669,0.986004
3673,0.98429
3674,0.979872
3675,0.979864
3677,0.977187
3679,0.97657
3681,0.96607
3682,0.977466
3687,0.00562337
3689,0.538823
3691,0.00387809
3692,0.107278
3693,0.00458709
3696,0.00978355
3697,0.0829349
3701,0.552995
3702,0.000831474
3703,0.0271579
3704,0.189606
3705,0.0132544
3709,0.00653168
3710,0.026467
3711,0.0284432
3712,0.0015463
3713,0.00415703
3714,0.0103613
3717,0.0261388
3718,0.0049845
3720,0.0688556
3721,0.0013684
3722,0.000659729
3723,0.00402053
3754,0.000111287
3756,0.000888425
3757,0.000451476
3759,0.100875
3762,0.00412948
3764,0.0676065
3765,0.000896513
3773,0.00362817
3774,0.00844206
3775,0.0181666
3776,0.0154763
3777,0.0652999
3779,0.00693748
3782,0.0621107
3786,0.0137882
3787,0.000842689
3793,0.0934796
3796,0.0840867
3798,0.0167467
3799,0.256108
3800,0.217391
3801,0.219835
3802,0.154683
3805,0.215114
3806,0.142411
3808,0.203505
3809,0.0678371
3810,0.00171194
3812,0.0315894
3813,0.00269538
3820,0.0142111
3821,0.000712497
3825,0.0451424
3828,0.0160969
3832,0.000807699
3839,0.008903
3840,0.00080601
3843,0.291488
3844,0.000601182
3846,0.00609986
3847,0.0414176
3849,0.108981
3851,0.00392634
3852,0.0145075
3853,0.000474902
3855,0.537564
3858,0.603027
3863,0.00320658
3866,0.0191811
3867,0.150353
3871,0.38049
3873,0.00143657
3874,0.000514023
3877,0.000595634
3879,0.00496083
3880,0.000432255
3882,0.0174189
3883,0.0532641
3885,0.00347275
3888,0.00690767
3891,0.348675
3897,0.00845809
3900,0.00516521
3901,0.00244346
3902,0.0330394
3903,0.00750628
3904,0.000732861
3907,1.85399e-05
3909,0.000951758
3914,0.000307442
3915,0.00183191
3917,0.00983606
3921,0.00159692
3922,0.00151254
3923,0.00347733
3929,0.00620467
3931,0.0263452
3934,0.609562
3935,0.577824
3936,0.603563
3937,0.617102
3939,0.569606
3941,0.000691364
3944,0.0956936
3956,0.000603296
3957,0.00238501
3960,0.00101372
3961,0.0210583
3963,0.00728961
3969,0.00420331
3971,0.0106729
3972,0.0149877
3976,0.00228633
3978,0.0846637
3979,0.00101511
3980,0.0221476
3986,0.00101834
3988,0.00204474
3989,0.00293357
3990,0.00891092
3997,0.0299472
3999,0.00346596
4000,0.000806857
4001,0.00119909
4002,0.0160626
4003,0.09745
4004,0.0398917
4006,0.0100454
4014,0.0222645
4018,0.006069
4019,0.0019818
4020,0.000629295
4021,0.00467594
4022,0.00645967
4023,0.000705025
4024,0.0112584
4031,0.0172789
4033,0.0154056
4035,0.026086
4038,0.00832321
4039,0.0065009
4041,0.00691928
4043,0.0688429
4044,0.173803
4046,0.00469819
4047,0.00169113
4050,0.00348389
4053,0.055599
4054,0.00352531
4056,0.0154067
4058,0.00533901
4067,0.801169
4068,0.734504
4069,0.714516
4076,0.00334555
4081,0.00299995
4082,0.162961
4083,0.00106439
4089,0.00465649
4090,0.082275
4092,0.00332021
4093,0.0017171
4094,0.0369447
4097,0.00619373
4100,0.0054043
4101,0.829617
4102,0.703937
4104,0.817032
4105,0.799224
4108,0.747899
4110,0.818071
4111,0.792388
4112,0.840531
4117,0.77232
4121,0.954706
4122,0.0136171
4123,0.809135
4125,0.836423
4126,0.788085
4127,0.797331
4128,0.768161
4131,0.797015
4136,0.958696
4137,0.963205
4138,0.944495
4139,0.94147
4141,0.941726
4151,0.941828
4152,0.948531
4153,0.952083
4154,0.951168
4157,0.940106
4161,0.97238
4163,0.953906
4164,0.949595
4168,0.943267
4169,0.947824
4170,0.935278
4171,0.937647
4172,0.939554
4173,0.962717
4176,0.964252
4180,0.961268
4181,0.966259
4182,0.9671
4184,0.0598564
4185,0.00767095
4188,0.00818915
4199,0.00147328
4200,0.00392996
4202,0.00163282
4205,0.0285315
4208,0.0239652
4209,0.00705971
4210,0.0452802
4211,0.000513701
4215,0.0136938
4216,0.387752
4220,0.00038845
4221,0.00140866
4224,0.0124072
4225,0.00881565
4228,0.00260239
4229,0.00326483
4231,0.0123545
4232,0.000194827
4233,0.00194229
4236,0.00363232
4239,0.00112176
4240,0.0157822
4242,0.0127044
4244,0.032744
4245,0.00133155
4246,0.0360533
4249,0.285233
4250,0.859609
4254,0.844088
4255,0.0170677
4258,0.826734
4261,0.866774
4263,0.859997
4264,0.839924
4265,0.850348
4267,0.827056
4269,0.85488
4270,0.825648
4274,0.866816
4276,0.0262585
4279,0.00695145
4281,0.0133748
4283,0.993552
4284,0.996048
4286,0.00521089
4289,0.0745128
4293,0.085096
4294,0.000941901
4296,0.00226678
4297,0.0403302
4301,0.00198301
4306,0.000635234
4308,0.00078697
4310,0.0444762
4312,0.0286385
4313,0.01118
4315,0.00695013
4319,0.669464
4320,0.624298
4325,0.00844228
4328,0.00263551
4335,0.00752601
4338,0.175989
4340,0.0113649
4341,0.0201008
4342,0.000413098
4344,0.110641
4348,0.915569
4351,0.883947
4355,0.895181
4356,0.890078
4359,0.893447
4360,0.0165533
4363,0.889995
4365,0.900989
4366,0.910757
4368,0.88175
4370,0.891661
4372,0.840053
4373,0.8345
4375,0.857627
4377,0.835954
4378,0.821915
4380,0.814591
4381,0.862484
4383,0.757806
4384,0.783041
4386,0.811871
4390,0.000516924
4394,0.00549206
4395,0.0546124
4396,0.00479046
4397,0.675859
4398,0.036813
4401,0.00439182
4404,0.00203451
4406,0.00101035
4407,0.00128628
4409,0.000946334
4410,0.00221225
4411,0.0172838
4412,0.00228281
4414,0.000638477
4421,0.0199198
4423,0.00145133
4424,0.110856
4426,0.0389571
4427,0.0321544
4434,0.000564968
4435,0.00540971
4437,0.00124136
4439,0.179958
4446,0.195008
4448,0.0261932
4450,0.0230134
4461,0.653402
4462,0.00107529
4463,0.375626
4464,0.0242308
4465,0.0190308
4466,0.00855729
4467,0.00952406
4468,0.250539
4474,0.608391
4476,0.652981
4477,0.668774
4478,0.633418
4484,0.00206201
4485,0.0154872
4496,0.994157
4499,0.0245663
4500,0.00117176
4502,0.00625329
4506,0.642967
4507,0.634205
4512,0.696415
4513,0.74965
4516,0.792901
4519,0.832351
4521,0.817976
4527,0.903583
4528,0.830899
4529,0.895829
4533,0.864151
4534,0.831311
4535,0.864372
4536,0.882259
4537,0.934766
4538,0.930223
4539,0.927878
4541,0.879682
4547,0.923789
4550,0.959582
4551,0.947664
4555,0.956954
4556,0.948793
4562,0.631826
4563,0.224554
4564,0.00125856
4568,0.00145246
4574,0.0110221
4575,0.000726214
4579,0.0192072
4588,0.00385343
4602,0.000158655
4605,0.00445382
4607,0.980264
4608,0.00539512
4611,0.330063
4614,0.485852
4615,0.00109405
4617,0.0108718
4619,0.00635732
4620,0.00231517
4623,0.00198363
4625,0.000116074
4626,0.00522462
4629,0.0440305
4630,0.0860042
4631,0.000539198
4641,0.0271317
4651,0.000122155
4654,0.00153823
4656,0.0237735
4660,0.0138932
4662,0.536433
4665,0.976731
4666,0.978706
4667,0.979954
4670,0.969151
4671,0.0215841
4672,0.0279167
4673,0.00651461
4674,0.158381
4675,0.00127434
4676,0.0011449
4677,0.00105352
4678,0.000648195
4682,0.000731058
4686,0.0004527
4689,0.0121651
4696,0.00294787
4698,0.00182388
4701,0.016615
4702,0.0151625
4704,0.00777171
4707,0.667872
4711,0.000403927
4712,0.000109801
4715,0.010521
4718,0.00479801
4721,0.0163289
4727,0.00232552
4728,0.058344
4731,0.0143429
4735,0.00285527
4736,0.0469735
4740,0.238844
4743,0.00167205
4745,0.0484972
4747,0.00114323
4751,0.0153304
4752,0.0124021
4755,0.00784141
4757,0.00328107
4758,0.0122493
4761,0.00537274
4762,0.00523094
4767,0.0142885
4768,0.00339829
4769,0.000335495
4770,0.0175156
4782,0.0070848
4783,0.0443928
4785,0.0411903
4786,0.000653836
4789,0.00195936
4792,8.36297e-05
4805,0.0013126
4807,0.0652737
4808,0.000495653
4811,0.0152252
4813,0.00620919
4815,0.000844629
4816,0.0115503
4821,0.000405405
4823,0.294978
4826,0.0534161
4829,0.015687
4835,0.0516456
4836,0.307945
4838,0.000999743
4847,0.018562
4850,0.00434232
4852,0.00244704
4853,0.060578
4855,0.000573503
4858,0.00984094
4860,0.461781
4862,0.99718
4865,0.997236
4867,0.019995
4869,0.000617773
4870,0.0624265
4876,0.0117883
4877,0.00303972
4882,0.00115451
4885,0.146287
4886,0.00299032
4888,0.0559449
4895,0.00221751
4897,0.023908
4898,0.00388948
4899,0.00260275
4900,0.00366329
4904,0.140727
4905,0.018633
4907,0.0637388
4909,0.00294488
4910,0.0193117
4911,0.997234
4912,0.996626
4915,0.0137827
4916,0.0118358
4917,0.301038
4919,0.16057
4922,0.000918808
4925,0.071452
4928,0.00206582
4929,0.0555757
4931,0.00271712
4933,0.0817713
4935,0.000589803
4936,0.00559409
4937,0.000471383
4939,0.0100833
4940,0.002656
4941,0.00297639
4942,0.00638422
4944,0.130739
4946,0.122891
4947,0.0935698
4948,0.401149
4954,0.015437
4955,0.0534211
4957,0.00642823
4958,0.000183057
4962,0.00413618
4963,0.176776
4966,0.288244
4967,0.020809
4969,0.0190016
4970,0.0554594
4971,0.00612894
4974,0.00699846
4979,0.0025096
4980,0.056706
4982,0.00647345
4987,0.0409585
4990,0.0147378
4991,0.00758169
4992,0.00478947
4993,0.0238243
4994,0.0223757
4995,0.0634913
4997,0.0447396
4999,0.0137091
5000,0.00383512
5001,0.15469
5002,0.0297672
5005,0.000381421
5010,0.0507941
5011,0.0164303
5014,0.016725
5015,0.00706396
5016,0.00772744
5017,0.0110854
5018,0.00154777
5019,0.00509751
5020,0.00269179
5021,0.00905186
5022,0.00770232
5023,0.218697
5024,0.00101753
5025,0.000929328
5026,0.00583568
5027,0.0454615
5028,0.00686055
5030,0.0246716
5031,0.00173562
5032,0.00282697
5033,0.00270437
5034,0.069363
5039,0.0291296
5040,0.0146856
5041,0.0843
5042,0.00932471
5045,0.019295
5046,0.00131104
5049,0.00462794
5050,0.0409019
5054,0.00285327
5057,0.00586384
5060,0.0105221
5061,0.01191
5063,0.996664
5064,0.997392
5065,0.99705
5068,0.0839716
5070,0.198465
5071,0.997391
5076,0.00394789
5077,0.00444334
5079,0.111656
5080,0.0157537
5083,0.0042253
5085,0.355511
5087,0.00939343
5089,0.00847471
5090,0.355227
5091,0.142866
5095,0.0078403
5097,0.0738684
5098,0.136451
5101,0.00355688
5102,0.0834212
5103,0.00274415
5105,0.33355
5109,0.0149861
5112,0.00228231
5115,0.0585909
5121,0.993386
5122,0.0118418
5123,0.0174766
5126,0.000875615
5127,0.0184027
5130,0.997667
5131,0.000389905
5137,0.178627
5139,0.294201
5141,0.229422
5143,0.189612
5144,0.00102463
5146,0.178692
5148,0.157093
5149,0.214158
5151,0.149762
5154,0.0044873
5156,0.0190367
5157,0.0829547
5159,0.0201429
5160,0.270703
5166,0.000847341
5169,0.00248827
5170,0.0446403
5172,0.0106773
5174,0.177968
5177,0.000547304
5179,0.0410786
5182,0.00119287
5183,0.130696
5187,0.00221298
5188,0.0150273
5190,0.998332
5192,0.0488956
5195,0.997517
5200,0.0225077
5201,0.134889
5202,0.000639512
5203,0.00407147
5205,0.00336106
5206,0.114007
5207,0.0112024
5217,0.0164684
5218,8.55283e-05
5220,0.00760849
5221,0.0931079
5224,0.00144953
5225,0.997513
5227,0.00456668
5229,0.00388523
5230,0.0312686
5232,0.132659
5233,0.015436
5235,0.00236471
5236,0.0102623
5239,0.00341018
5241,0.300866
5242,0.00294219
5244,0.0231513
5246,0.0429629
5247,0.065068
5250,0.000594294
5251,0.99779
5252,0.997296
5255,0.000972983
5256,0.00349462
5257,0.00106167
5260,0.0660125
5261,0.0380767
5262,0.0241474
5264,0.0287027
5267,0.00201707
5268,0.0015183
5270,0.00818685
5273,0.0538378
5275,0.000390843
5277,0.0577141
5279,0.0244957
5282,0.159163
5287,0.0107027
5290,0.00051455
5291,0.205968
5293,0.00305934
5297,0.231261
5298,0.0352985
5299,0.0180196
5300,0.0146407
5302,0.0136521
5305,0.00448751
5311,0.00959709
5312,0.000185014
5313,0.0488993
5314,0.0362334
5315,0.0260238
5316,0.00658134
5319,0.00771767
5321,0.00213394
5323,0.00925209
5326,0.0149503
5327,0.00072792
5328,0.00224015
5329,0.035901
5331,0.00154199
5334,0.191562
5335,0.02311
5337,0.0520204
5340,0.00333666
5342,0.0139682
5344,0.00197015
5345,0.0494073
5346,0.068439
5348,0.0013819
5349,0.0456522
5351,0.0941733
5353,0.00804113
5354,7.70621e-05
5357,0.00190245
5359,0.00115029
5362,0.209839
5363,0.00452911
5364,0.00128785
5366,0.118264
5369,0.0061217
5371,0.00495773
5372,0.00789391
5382,0.0751314
5384,0.00155802
5385,0.0445976
5388,0.0183715
5389,0.031449
5390,0.0721236
5391,0.00509239
5392,0.0108046
5393,0.00852227
5396,0.997727
5398,0.997862
5399,0.99824
5401,0.997827
5402,0.998165
5406,0.997784
5409,0.0750212
5422,0.0175135
5424,0.0171758
5427,0.00570728
5428,0.0260033
5431,0.997771
5433,0.00164538
5434,0.00173071
5435,0.00401921
5438,0.00494863
5439,0.00614182
5444,0.000985091
5445,0.0669209
5446,0.0252879
5448,0.0157208
5450,0.00163895
5453,0.0395146
5455,0.0569172
5457,0.00198119
5459,0.0436528
5461,0.015571
5463,0.00852872
5464,0.00546646
5465,0.024327
5467,0.0524189
5469,0.0250404
5470,0.0589124
5471,0.0179225
5472,0.022377
5473,0.00168168
5475,0.00100623
5478,0.0207924
5479,0.000883342
5480,0.0151423
5484,0.00267925
5486,7.72776e-06
5487,0.00506201
5489,0.0378952
5492,0.0260045
5494,0.0136347
5495,0.00259015
5501,0.000746324
5502,0.00176009
5503,0.00078628
5507,0.00489448
5508,0.000791496
5511,0.0305742
5515,0.00172308
5519,0.00660444
5522,0.000981892
5524,0.00151333
5525,0.0199864
5527,0.00159502
5531,0.00614554
5533,0.025969
5534,0.0639576
5535,0.0158171
5536,0.000915186
5543,0.0390057
5545,0.00635856
5547,0.0034828
5548,0.0220537
5549,0.00251485
5550,0.0164115
5551,0.000932794
5552,0.00237062
5553,0.00639004
5554,0.00143536
5556,0.0923567
5557,0.151097
5559,0.000698462
5560,0.00729368
5561,0.00681462
5562,0.00542267
5563,0.0253653
5567,0.00471658
5571,0.0016227
5575,0.343177
5582,0.09699
5585,0.997894
5588,0.421023
5593,0.00293571
5594,0.000674471
5595,0.00674055
5596,0.00999569
5597,0.0113895
5598,0.00180073
5607,0.0116182
5610,0.0221402
5612,0.00166573
5619,0.0739935
5622,0.0164342
5624,0.00447878
5625,0.0322732
5626,0.00153126
5628,0.0531924
5630,0.00682527
5631,0.0654805
5636,0.0791859
5637,0.71634
5638,0.0120768
5639,0.00636667
5642,0.0446811
5645,0.0155753
5646,0.00892686
5647,0.0227846
5650,0.0069832
5652,0.16355
5653,0.0531618
5654,0.0576053
5655,0.0498666
5658,0.00876702
5659,0.00187939
5660,0.0113279
5661,0.00441227
5664,0.0169181
5665,0.0163435
5667,0.019906
5669,0.0026889
5670,0.26746
5672,0.0276182
5673,0.0121607
5675,0.00105721
5676,3.10205e-05
5677,0.02151
5679,0.0674921
5680,0.0111138
5685,0.00413361
5686,0.00769039
5687,7.36064e-05
5692,0.0889068
5693,0.00419838
5695,0.79628
5699,0.00205702
5700,0.000409676
5701,0.0531091
5707,0.0401764
5708,0.0218022
5714,0.000584188
5716,0.0666921
5717,0.00151426
5718,0.000845861
5720,0.00799341
5725,0.0818097
5726,0.00335296
5728,0.00595127
5730,0.0632149
5731,0.000324013
5732,0.00958227
5734,0.00113769
5735,0.00879785
5736,0.0169084
5740,0.00193281
5758,0.0342804
5767,0.125361
5769,0.00181419
5771,0.00849879
5774,0.00115383
5775,0.00239381
5776,0.0153894
5777,0.000691147
5778,0.0284766
5782,0.0613998
5784,0.00535521
5786,0.171013
5791,0.000739518
5794,0.000583026
5795,0.0849463
5797,0.00143623
5802,0.00746957
5803,0.996774
5804,0.00480277
5810,0.995939
5812,0.00778244
5815,0.993327
5816,0.994218
5821,0.00395889
5827,0.0107766
5828,0.000787505
5833,0.0352388
5836,0.215959
5839,0.0110733
5845,0.0732908
5850,0.0414026
5852,0.000786743
5853,0.00173662
5856,0.0391799
5858,0.00388393
5863,0.00581208
5867,0.0409441
5870,0.00467514
5876,0.0106817
5877,0.0241323
5879,0.0221154
5880,0.0149191
5881,0.00511467
5883,0.0449141
5884,0.191181
5885,0.00368999
5886,0.0034519
5891,0.0567722
5892,0.00588468
5893,0.0211047
5894,0.0059352
5895,0.00101835
5900,0.163882
5905,0.0482205
5906,0.0166883
5912,0.0023073
5913,0.00066892
5919,0.0231864
5920,0.000186003
5922,0.000400542
5923,0.0840666
5928,0.0017719
5929,0.0148784
5930,0.00174726
5932,0.0148459
5935,0.000365951
5936,0.00771227
5939,0.0211389
5940,0.00625044
5942,0.00265878
5944,0.16481
5945,0.000607145
5946,0.159972
5947,0.000679569
5948,0.0155334
5954,0.00304568
5955,0.091384
5956,0.0311576
5958,0.138515
5961,0.00509403
5962,0.000211634
5963,0.0303728
5965,0.00903332
5972,0.00102653
5974,0.0306554
5977,0.00118314
5980,0.00306532
5982,0.000927344
5983,0.0561565
5984,0.0505755
5985,0.00591387
5987,0.00442792
5988,0.000334623
5989,0.00135062
5991,0.448167
5994,0.0032329
5996,0.255857
5997,0.00816487
5998,0.0174361
5999,0.00222253
6000,3.90741e-05
6003,0.00515923
6007,0.00187322
6009,0.0345172
6012,0.0267119
6013,0.0061564
6015,0.0114962
6016,0.00261204
6018,0.0147114
6019,0.305019
6023,0.996315
6024,0.996882
6025,0.995557
6026,0.000382161
6027,0.034754
6029,0.00169124
6032,0.0219019
6033,0.00197566
6037,0.0216512
6039,0.0105949
6040,0.00400635
6047,0.0297906
6048,0.0241635
6050,0.035363
6051,0.994553
6052,0.12164
6059,0.0175045
6060,0.01634
6061,0.0293424
6063,0.729289
6067,0.0125262
6069,0.0422784
6073,0.00218932
6075,0.000183941
6076,0.00934383
6079,0.0011673
6082,0.121321
6084,0.0520463
6087,0.00219369
6089,0.04858
6091,0.0139725
6094,0.0177548
6095,0.00570297
6096,0.0129139
6098,0.0478814
6100,0.017234
6101,0.996728
6103,0.994136
6104,0.00193569
6105,0.994928
6106,0.0136155
6107,0.0170743
6108,0.00754942
6109,0.0778702
6110,0.0319637
6111,0.00195115
6112,0.0029818
6115,0.00918495
6120,0.00230575
6121,0.0563191
6123,0.00780313
6125,0.0640439
6126,0.0058239
6127,0.00631355
6129,0.0346395
6133,0.0903859
6134,0.0347637
6135,0.0379757
6138,0.00790958
6141,0.0105153
6142,0.0601928
6146,0.00312493
6148,0.016188
6153,0.00576957
6154,0.0499863
6155,0.00387469
6156,0.971438
6157,0.010184
6158,0.00077378
6159,0.0111746
6160,0.00481095
6161,0.000604024
6163,0.00909822
6165,0.0352659
6167,0.127556
6168,0.00485376
6169,0.0412731
6172,0.00745467
6176,0.09576
6177,0.00113385
6178,0.00220978
6180,0.0090197
6183,0.000958014
6188,0.0376376
6189,0.00280845
6190,0.0760649
6191,0.00152047
6196,0.00161546
6197,0.0450307
6203,0.00487003
6207,0.259555
6208,0.00102727
6211,0.0117698
6213,0.00384701
6214,0.00959553
6217,0.0181771
6218,0.023329
6219,0.00098857
6223,0.0937224
6227,0.00301029
6229,0.0141618
6231,0.00664339
6236,0.000479037
6238,0.0739428
6239,0.00399166
6240,0.00276844
6242,0.00131578
6245,0.000853528
6249,0.0406893
6250,0.00205913
6251,0.0533489
6253,0.00920972
6254,0.0118153
6256,0.0122503
6260,0.0787025
6261,0.0270892
6263,0.995492
6264,0.994247
6268,0.00332676
6270,0.00145301
6272,0.00777285
6276,0.00176336
6277,0.0919248
6278,0.143938
6279,0.0346626
6285,0.00490866
6286,0.000806388
6287,0.000612597
6289,0.000880491
6290,0.00278048
6291,0.104618
6292,0.00786066
6294,0.137403
6295,0.00303296
6296,0.0107068
6297,0.0944678
6298,0.0178268
6301,0.0106749
6302,0.00322086
6303,0.00275489
6305,0.027398
6306,0.0212214
6309,0.00164081
6310,0.0146227
6313,0.00502667
6317,0.00224727
6319,0.0986314
6320,0.147416
6321,0.0110618
6326,0.00253309
6329,0.00410249
6330,0.00805567
6331,0.0243027
6334,0.00735081
6335,0.0204151
6336,0.322448
6338,0.0184135
6339,0.19459
6340,0.0842419
6341,0.0123876
6342,0.00395342
6345,0.000836557
6348,0.0476312
6356,0.0355495
6358,0.010439
6359,0.108016
6362,0.0305469
6364,0.0101344
6365,0.00877629
6366,0.00329551
6371,0.0194308
6373,0.110021
6377,0.0369048
6379,0.000615208
6380,0.00930313
6383,0.00388066
6386,0.1116
6389,0.475829
6390,0.00145331
6393,0.00318538
6394,0.000940859
6395,0.185193
6396,0.203946
6397,0.151928
6399,0.104442
6400,0.00499928
6401,0.0552269
6405,0.00195255
6407,0.197582
6409,0.0111366
6411,0.0446931
6413,0.0204663
6414,0.00143329
6416,0.0716552
6417,0.00203692
6420,0.00294861
6421,0.000756763
6435,0.0191007
6436,0.00356386
6438,0.0111683
6439,0.00366664
6441,0.036389
6443,0.00492488
6444,0.0111086
6445,0.000193316
6446,0.00677001
6447,0.00320918
6451,0.000922342
6452,0.00143194
6455,0.00128201
6457,0.0085305
6458,0.401869
6459,0.0812347
6462,0.0064449
6466,0.00634711
6467,0.0109979
6468,0.0101736
6471,0.0409348
6474,0.00155006
6475,0.00260713
6476,0.0987223
6478,0.00308529
6480,0.0015215
6483,0.0913172
6484,0.00417174
6485,0.032189
6487,0.134493
6490,0.0170981
6494,0.00347952
6499,0.0656456
6500,0.0621989
6501,0.00112847
6502,0.061738
6503,0.06143
6504,0.0263682
6505,0.00352327
6507,0.00387365
6509,0.0140708
6511,0.00278864
6513,0.00737286
6515,0.0210555
6516,0.0624295
6517,0.124867
6520,0.0521701
6523,0.00613215
6528,0.0029115
6530,0.000381852
6532,0.0385711
6533,0.00433683
6535,0.00576466
6536,0.0011032
6539,0.00338179
6542,0.0328133
6543,0.0629876
6545,0.000560875
6550,0.0450312
6552,0.0716812
6553,0.00339636
6556,0.206319
6558,0.00834091
6560,0.00748025
6561,0.00676711
6564,0.000527474
6565,0.119485
6574,0.0143336
6577,0.00961626
6581,0.034382
6582,0.564647
6583,0.160945
6585,0.00528919
6586,0.000600516
6587,0.000771611
6589,0.0799118
6591,0.0119334
6593,0.00177182
6597,0.00157016
6598,0.0202687
6600,0.0707278
6602,0.00476661
6604,0.00972117
6605,0.087522
6606,0.00278593
6607,0.0155074
6608,0.00137556
6611,0.0388555
6612,0.00189339
6613,0.00352553
6614,0.0567895
6615,0.15203
6617,0.0258942
6620,0.0052074
6621,0.0037007
6624,0.0269765
6628,0.00458168
6630,0.0414694
6631,0.416444
6634,0.0041699
6635,0.00585277
6637,0.00657505
6638,0.0023603
6641,0.00257429
6642,0.00617473
6643,0.00449994
6647,0.00325425
6648,0.0838382
6649,0.0172073
6650,0.00866444
6652,0.0178119
6654,0.00164226
6657,0.00863554
6658,0.00234982
6659,0.0128534
6660,0.00136312
6661,0.0301276
6664,0.012898
6669,0.00393653
6672,0.200117
6674,0.00153545
6679,0.112651
6684,0.000727177
6688,0.0197073
6689,0.00124996
6691,0.00743401
6693,0.0221838
6694,0.0126263
6700,0.0137878
6701,0.0161444
6702,0.0183209
6704,0.00407946
6706,0.00110056
6710,0.0210607
6711,0.0343798
6713,0.0056406
6714,0.00640715
6715,0.00705486
6716,0.0126005
6724,0.0119318
6727,0.0110821
6729,0.213623
6731,0.00226991
6733,0.529359
6734,0.0143858
6735,0.0244552
6736,0.0913372
6737,0.008604
6738,0.31437
6740,0.00810343
6742,0.097286
6744,0.00502444
6746,0.005328
6747,0.0177688
6749,0.00249435
6750,0.0137068
6753,0.00290245
6754,0.165464
6755,0.00012534
6756,0.0359275
6758,0.0219753
6759,0.0142334
6761,0.001329
6762,0.00192423
6763,0.045647
6766,0.000133575
6767,0.00541863
6770,0.995251
6775,0.0527816
6779,0.00414141
6780,0.0235467
6782,0.064315
6783,0.00868586
6786,0.00110907
6787,0.00266822
6791,0.0303503
6793,0.10484
6796,0.000133702
6798,0.376102
6799,0.272546
6800,0.315435
6803,0.0168766
6806,0.00394101
6807,0.00258351
6810,0.0407682
6811,0.106497
6813,0.000899832
6817,0.0205218
6819,0.00272112
6822,0.0209588
6823,0.0132708
6824,0.11501
6825,0.000551068
6826,0.00533835
6827,0.108777
6830,0.0182243
6834,0.0914029
6835,0.00169378
6836,0.000401665
6842,0.684178
6843,0.994968
6846,0.00100597
6847,0.00161052
6850,0.0338442
6855,0.00179222
6856,0.000575388
6857,0.0969613
6858,0.00356211
6860,0.018912
6861,0.0124236
6863,0.00709835
6868,0.00271028
6869,0.00111281
6871,0.0921423
6873,0.000350676
6874,0.00283781
6875,0.0278539
6879,0.00754023
6882,0.0224261
6883,0.00586604
6884,0.00137761
6886,0.00597544
6887,0.157579
6891,0.511699
6892,0.069811
6893,0.0015143
6896,0.00225716
6898,0.0465144
6899,0.0133854
6900,0.0471141
6904,0.006215
6905,0.000806161
6906,0.00581314
6907,0.725827
6908,0.0673857
6910,0.17194
6912,0.0131328
6915,0.00602141
6916,0.0114269
6921,0.167728
6922,0.0264595
6927,0.0335887
6928,0.00816764
6929,0.0183139
6930,0.0319566
6932,3.91647e-05
6933,0.0136723
6937,0.00534363
6939,0.000818863
6942,0.0191802
6943,0.00355637
6944,0.00175448
6945,0.00127353
6947,0.990894
6948,0.989768
6951,0.00961001
6952,0.00826432
6955,0.00327851
6956,0.00055877
6959,0.0531608
6962,0.047259
6966,0.00307195
6967,0.0281086
6968,0.00127996
6970,0.00281562
6971,0.0325376
6972,0.0171689
6973,0.0012372
6974,0.0623693
6976,0.0100834
6977,0.00150111
6978,0.00118076
6979,0.113377
6982,0.00444522
6983,0.00292085
6988,0.00681794
6993,0.00387886
6995,0.110242
6996,0.00349294
6998,0.0830063
6999,0.0235111
7001,0.0555771
7004,0.00163063
7007,0.0023794
7008,0.00287278
7011,0.00439995
7012,0.00430494
7013,0.0171632
7014,0.00259144
7016,0.0175929
7017,0.00363943
7018,0.00556167
7019,0.0347076
7022,0.00455619
7024,0.0436493
7029,0.0223059
7030,0.0436411
7031,0.000404712
7032,0.00489282
7034,0.00150667
7037,0.0111382
7038,0.041298
7039,0.0242746
7040,0.014735
7042,0.255965
7044,0.00101092
7045,0.0129036
7046,0.0646115
7048,0.00304138
7054,0.0134989
7056,0.0167227
7059,0.0206489
7061,0.0116913
7062,0.00651977
7064,0.00515624
7065,0.104983
7066,0.00104059
7068,0.988461
7073,0.000831778
7076,0.206512
7077,0.00139761
7079,0.000827901
7081,0.0116619
7083,0.215234
7085,0.00977801
7086,0.00138642
7087,0.00124415
7088,0.0146334
7091,0.0625419
7093,0.00056003
7094,0.00143738
7095,0.00473858
7096,0.000582839
7098,0.00394508
7099,0.00204817
7105,0.248165
7108,0.00742077
7109,0.153488
7113,0.98995
7116,0.00602234
7117,0.000968588
7118,0.00169566
7120,0.000671199
7121,0.0775343
7125,0.00692678
7130,0.00177183
7131,0.0129486
7132,0.000993953
7137,0.0198941
7138,0.00291943
7142,0.0689206
7145,0.00125562
7147,0.0200157
7148,0.00214617
7149,0.0101247
7151,0.0433588
7156,0.0392119
7160,0.0207898
7161,0.000774783
7163,0.0454092
7165,0.00852889
7172,0.110054
7174,0.011332
7175,0.0629629
7177,0.00108751
7181,0.0305228
7182,0.00899409
7184,0.00440956
7187,0.00474022
7189,0.000829826
7190,0.000416034
7197,0.000383779
7199,0.00935335
7201,0.0037394
7202,0.00172396
7203,0.00308427
7206,0.00190385
7209,0.00153374
7211,0.0852848
7212,0.0484355
7213,0.00218028
7215,0.00966691
7217,0.00282626
7218,0.689749
7221,0.00269098
7223,0.00137489
7225,0.00175258
7226,0.00818208
7227,0.0834023
7229,0.00228752
7231,0.569821
7234,0.00331093
7235,0.00741158
7238,0.0219684
7239,0.00634202
7240,0.0177946
7245,0.00046288
7246,0.0209889
7248,0.00565972
7250,0.0246388
7251,0.0511912
7256,0.0534769
7257,0.559847
7258,0.00558537
7259,0.00887936
7264,0.0310633
7266,0.0375734
7267,0.00273597
7271,0.0130603
7274,0.925673
7276,0.000887925
7277,0.0100075
7279,0.00185072
7280,0.00346295
7282,0.0022926
7283,0.00639694
7291,0.066158
7295,0.00117239
7296,0.000488695
7298,0.0161758
7300,0.00159434
7302,0.000424065
7304,0.00631615
7305,0.00601944
7311,0.00268354
7315,0.000629839
7316,0.0300581
7319,0.0113324
7321,0.128321
7326,0.0301851
7328,0.11529
7331,0.0652953
7332,0.0132855
7333,0.0536386
7334,0.060555
7336,0.0166495
7337,0.107878
7338,0.00305006
7339,0.000514482
7340,0.0146268
7341,0.00627208
7343,0.00147673
7344,0.00185008
7346,0.0746766
7347,0.0110774
7349,0.0120206
7351,0.258374
7352,0.00218961
7353,0.928595
7354,0.119095
7356,0.0332598
7360,0.258553
7364,0.704866
7365,0.0154534
7366,0.0027157
7367,0.0383362
7368,0.00765402
7372,0.00315017
7373,0.00146776
7374,0.108255
7376,0.0117349
7380,0.0998818
7383,0.0361068
7384,0.0128627
7385,0.005026
7389,0.00528836
7392,0.0464607
7393,0.0213925
7395,0.188496
7396,0.000862761
7399,0.106044
7400,0.0404098
7403,0.00437874
7405,0.0247345
7406,0.229957
7410,0.00176158
7411,0.0148697
7417,0.0266594
7419,0.043054
7421,0.00305698
7424,0.0202984
7425,0.00910851
7429,0.00349163
7430,0.0737088
7432,0.0150095
7434,0.00266609
7439,0.00088683
7441,0.0123659
7447,0.000795064
7448,0.0250657
7449,0.100991
7451,0.190558
7452,0.367969
7453,0.0124747
7455,0.0575891
7456,0.00884198
7458,0.00308008
7459,0.00950383
7460,0.00704183
7461,0.228145
7463,0.0382821
7465,0.0464652
7469,0.236519
7471,0.00102094
7472,0.00115009
7475,0.0266305
7477,0.0126
7478,0.0438991
7479,0.0030595
7482,0.0134191
7483,0.00763192
7484,0.0315118
7485,0.0110118
7486,0.00101665
7487,0.00101138
7488,0.00976133
7489,0.00350544
7491,0.00241676
7492,0.011291
7496,0.0386333
7501,0.0460755
7502,0.00120164
7503,0.0165573
7506,0.00247142
7507,0.121322
7508,0.00351281
7514,0.0271036
7520,0.0122794
7522,0.00400435
7526,0.00155093
7528,0.00999839
7529,0.00226114
7530,0.0240624
7535,0.00957285
7536,0.000328672
7537,0.00598813
7538,0.00663566
7540,0.018003
7541,0.00440641
7544,0.0331961
7545,0.127109
7546,0.00837007
7549,0.00194722
7550,0.00312882
7551,0.0277525
7554,0.0968097
7556,0.00622683
7557,0.0605872
7558,0.00104019
7559,0.0145169
7564,0.0641742
7565,0.0053265
7566,0.00635019
7569,0.149167
7570,0.0187325
7571,0.163756
7572,0.0866803
7573,0.0101077
7574,0.0305143
7576,0.161915
7579,0.00772805
7580,0.0146436
7581,0.0097119
7584,0.00183051
7586,0.00286019
7588,0.0151233
7589,0.00101364
7591,0.00838305
7596,0.00718066
7598,0.0106659
7599,0.0153859
7602,0.00318122
7604,0.289677
7605,0.0216945
7609,0.00673664
7612,0.0104688
7615,0.00616089
7624,0.00083535
7626,0.00304649
7627,0.000749821
7628,0.00397068
7630,0.0171283
7636,0.0259499
7637,0.0140547
7640,0.00107652
7641,0.0016056
7642,0.00971828
7645,0.118221
7646,0.0722105
7650,0.00358806
7651,0.00996165
7652,0.00869984
7653,0.00285584
7656,0.00431365
7658,0.0125865
7659,0.00542561
7661,0.000667762
7662,0.0028302
7663,0.000202219
7664,0.262873
7665,0.579863
7666,0.0398844
7667,0.244764
7669,0.0241726
7671,0.00379202
7672,0.0431927
7674,0.00514446
7675,0.00425296
7677,0.0538226
7678,0.0269403
7679,0.00327178
7680,0.00214238
7681,0.00466291
7686,0.00173566
7687,0.13189
7688,0.00327468
7690,0.00041845
7691,0.0038087
7694,0.00184475
7695,0.11152
7698,0.0860744
7699,0.000411019
7701,0.00500628
7702,0.00349335
7703,0.00396585
7704,0.00979739
7705,0.0639931
7711,0.185238
7715,0.0173455
7719,0.112519
7724,0.124712
7729,0.0107233
7732,0.175481
7734,0.00318887
7735,0.00251446
7736,0.0815421
7740,0.00137345
7743,0.00472107
7747,0.0178164
7748,0.00259293
7750,0.00407822
7751,0.00539591
7752,0.00130313
7755,0.00117784
7756,0.00185133
7759,0.000462698
7760,0.0226626
7762,0.00849423
7766,0.0426459
7767,0.00163944
7768,0.00278613
7769,0.00175884
7770,0.00136954
7772,0.0550175
7773,0.0145812
7774,0.0280652
7775,0.00132003
7776,0.448417
7779,0.0206389
7780,0.04092
7781,0.127553
7782,0.002006
7783,0.0194552
7784,0.0105184
7785,0.0235628
7787,0.000231236
7791,0.00515933
7792,0.0123129
7800,0.126988
7806,0.172078
7808,0.0012506
7809,0.00411655
7813,0.00768261
7815,0.194019
7820,0.00393639
7821,0.312932
7828,0.0311138
7829,0.0161539
7830,0.011458
7832,0.00124722
7834,0.0195704
7835,0.00876973
7836,0.0269776
7843,0.00112094
7845,0.0192761
7846,0.0293356
7847,0.0451891
7848,0.00212718
7849,0.00059016
7851,0.00227388
7852,0.149426
7856,0.0019965
7857,0.0261407
7860,0.00439103
7862,0.00510392
7863,0.0788165
7865,0.00601852
7866,0.00389803
7869,0.042441
7872,0.0185936
7873,0.00527411
7875,0.00171412
7876,0.00048922
7877,0.00461816
7878,0.0780674
7880,0.0038231
7882,0.0451616
7883,0.0482383
7887,0.000737829
7888,0.0133944
7890,0.0281264
7893,0.00970876
7895,0.00819135
7896,0.00999879
7898,0.0442455
7899,0.0110863
7900,0.0300754
7901,0.0293726
7902,0.0195972
7905,0.00695129
7909,0.00349012
7910,0.019552
7912,0.00880444
7914,0.107769
7916,0.0576745
7918,0.000218018
7921,0.0727687
7922,0.0688171
7923,0.00366412
7924,0.00263389
7925,0.018881
7926,0.0125774
7927,0.0505506
7929,0.00855819
7930,0.0100716
7931,0.00852301
7933,0.000205698
7934,0.00274559
7935,0.0131393
7938,0.026652
7939,0.0524145
7943,0.0215827
7945,0.00166621
7948,0.168612
7949,0.0122642
7950,0.0109245
7952,0.00871974
7953,0.102779
7958,0.00582335
7960,0.0101695
7961,0.0557998
7962,0.0127865
7963,0.00400404
7964,0.108487
7965,0.0330127
7967,0.0124387
7968,0.0223029
7969,0.0171258
7973,0.0221595
7974,0.00926613
7978,0.0460909
7980,0.0594033
7981,0.00632468
7985,0.463304
7987,0.000794617
7990,0.00391117
7991,0.123385
7992,0.062751
7994,0.0459051
7995,0.0199362
7996,0.00451176
7997,0.308696
7999,0.226036
8000,0.00511085
8001,0.00412431
8002,0.00857563
8004,0.0019188
8013,0.00365739
8017,0.0126268
8018,0.00251066
8020,0.00593008
8022,0.0303193
8023,0.00381295
8024,0.00245348
8025,0.00285779
8026,0.0615889
8029,0.00168594
8032,0.0572828
8035,0.00401161
8041,0.194063
8042,0.00475712
8044,0.0174603
8046,0.00375187
8047,0.00875282
8048,0.0041158
8051,0.0183527
8052,0.074555
8053,0.250879
8055,0.00256458
8056,0.00755419
8059,0.000507882
8060,0.00183092
8062,0.00168743
8064,0.00187504
8065,0.00679694
8066,0.0108802
8067,0.00312304
8068,0.004614
8069,6.40492e-05
8070,0.00583349
8073,0.000873204
8074,0.00217479
8076,0.00160095
8077,0.00129084
8078,0.0744069
8079,0.0505098
8080,0.0046765
8081,0.0151229
8083,0.0172597
8088,0.115571
8089,0.0156862
8090,0.000700344
8091,0.00252981
8096,0.0191082
8103,0.00253538
8104,0.0161059
8106,0.295739
8107,0.011615
8109,0.00683801
8111,0.416472
8112,0.222345
8113,0.33536
8115,0.000826085
8116,0.00133861
8119,0.0019568
8120,0.583786
8121,0.0675811
8122,0.000432728
8123,0.0219008
8124,8.29025e-05
8126,0.0128434
8127,0.00191461
8128,0.00289045
8129,0.00105736
8130,0.28413
8134,0.699126
8136,0.00548466
8139,0.0187047
8140,0.00545406
8141,0.00441408
8142,0.00573104
8144,0.001779
8145,0.00818035
8148,0.0014798
8151,0.00395455
8156,0.520418
8157,0.108685
8160,0.00127177
8162,0.038927
8164,0.981034
8168,0.253513
8169,0.000670001
8170,0.297255
8172,0.104736
8173,0.000845626
8175,0.00226306
8177,0.00383508
8179,0.0142224
8181,0.357464
8184,0.00233375
8186,0.0058042
8193,0.0187525
8207,0.00366335
8208,0.000676611
8209,0.000816286
8211,0.0038416
8214,0.00580548
8234,0.488647
8235,0.00868764
8236,0.000806311
8237,0.252757
8243,0.00818278
8248,0.155074
8252,0.257967
8253,0.00647836
8256,0.0130259
8263,0.0180591
8267,0.0330774
8268,0.010198
8269,0.00499049
8273,0.259479
8276,0.00155538
8280,0.00155615
8288,0.00559113
8302,0.00952083
8304,0.414459
8314,0.000442828
8319,0.0109672
8327,0.978164
8330,0.974019
8334,0.986288
8336,0.987061
8337,0.984439
8340,0.981158
8341,0.972474
8343,0.975583
8344,0.976507
8345,0.00432432
8347,0.1077
8350,0.00349054
8353,0.98264
8354,0.985387
8355,0.980684
8357,0.98178
8359,0.774854
8360,0.982806
8369,0.976053
8371,0.974624
8372,0.974447
8373,0.97885
8376,0.97112
8377,0.969017
8384,0.00115185
8385,0.00257125
8387,0.00103372
8389,0.981809
8398,0.000998883
8412,0.019356
8413,0.811288
8423,0.00249387
8424,0.00899899
8430,0.786424
8431,0.724573
8436,0.849006
8438,0.905142
8439,0.894986
8444,0.000309368
8445,0.0740809
8447,0.0395894
8449,0.0115504
8457,0.00114445
8458,0.285116
8459,0.0213821
8462,0.00446043
8467,0.00469438
8471,0.00044701
8475,0.0526255
8476,0.166099
8477,0.00423903
8479,0.0117736
8482,0.00223303
8484,0.101478
8486,0.309602
8488,0.288846
8489,0.0863876
8492,0.000929221
8494,0.00124952
8508,0.00753957
8509,0.0123894
8513,0.498889
8516,0.00374768
8521,0.359545
8523,0.0204846
8526,0.0843956
8527,0.0268672
8529,0.14235
8531,0.0185182
8533,0.396314
8534,0.739561
8540,0.115133
8543,0.0130717
8544,0.0115165
8545,0.0049385
8546,0.000182798
8552,0.000937932
8555,0.0363818
8559,0.18351
8561,0.00285415
8573,0.00819446
8576,0.518925
8587,0.00302062
8591,0.00481424
8595,0.000849359
8600,0.00121011
8612,0.741164
8614,0.812804
8615,0.846309
8619,0.00225973
8623,0.605119
8631,0.00363561
8643,0.569057
8648,0.513103
8649,0.0122477
8651,0.586811
8654,0.000664372
8657,0.0055386
8689,0.567157
8691,0.0561951
8717,0.507158
8721,0.489505
8731,0.0187669
8732,0.00415058
8741,0.0028953
8749,0.0151111
8762,0.00279186
8765,0.1512
8766,0.0293083
8767,0.00166393
8768,0.757099
8769,0.766699
8770,0.776385
8772,0.78613
8776,0.810747
8778,0.819857
8782,0.828923
8783,0.842222
8784,0.0012826
8786,0.00525512
8789,0.00138381
8792,0.0113918
8795,0.000836731
8799,0.00343307
8800,0.00771449
8805,0.0596139
8815,0.408284
8826,0.00820321
8828,0.372373
8829,0.199865
8833,0.260767
8850,0.375146
8875,0.322251
8877,0.297513
8878,0.390409
8879,0.341927
8883,0.00796083
8884,0.235427
8885,0.255727
8887,0.229272
8888,0.236528
8889,0.262628
8894,0.263527
8896,0.210509
8898,0.323327
8899,0.304694
8902,0.0468917
8903,0.0203148
8909,0.000451607
8913,0.105608
8921,0.00634517
8923,0.00617508
8928,0.997402
8929,0.996612
8931,0.996899
8935,0.996965
8936,0.00546441
8937,0.996739
8940,0.0614941
8941,0.000786484
8942,0.996872
8943,0.997003
8944,0.997666
8947,0.00501214
8949,0.996812
8953,0.643665
8956,0.997722
8968,0.553777
8971,0.603805
8974,0.571157
8975,0.600386
8976,0.638837
8977,0.563755
8979,0.00336398
8980,0.00290399
8981,0.997566
8983,0.997322
8984,0.996873
8987,0.996902
8988,0.996619
8989,0.64343
8990,0.627179
8991,0.198368
8992,0.0100683
8998,0.559962
8999,0.580816
9000,0.55972
9002,0.996856
9005,0.00729285
9008,0.997088
9012,0.99649
9013,0.996292
9014,0.996611
9015,0.996239
9016,0.996707
9017,0.996201
9018,0.996646
9019,0.996153
9020,0.996174
9022,0.0019279
9023,0.995611
9024,0.00114216
9025,0.00382419
9033,0.00347061
9037,0.995666
9038,0.995899
9040,0.995764
9041,0.995886
9046,0.00205899
9048,0.000921477
9051,0.996449
9053,0.0610656
9070,0.0422834
9075,0.00120163
9078,0.0440647
9079,0.0731719
9083,0.996672
9084,0.997114
9087,0.995867
9088,0.996146
9093,0.0527523
9105,0.00265983
9108,0.00619957
9110,0.0285152
9116,0.0334442
9118,0.995262
9120,0.563059
9125,0.00260123
9126,0.996496
9128,0.996962
9129,0.997791
9135,0.476096
9140,0.0663
9141,0.0090866
9147,0.237484
9153,0.00473206
9156,0.0195648
9159,0.0742858
9161,0.00726279
9163,0.341852
9165,0.453449
9172,0.156061
9175,0.187232
9179,0.192959
9183,0.996988
9185,0.149054
9186,0.079082
9188,0.00143872
9191,0.218456
9192,0.107394
9193,0.997781
9196,0.996751
9199,0.996589
9200,0.996902
9202,0.996904
9204,0.0494796
9208,0.00646514
9225,0.0191679
9230,0.00115034
9232,0.125092
9234,0.00893471
9236,0.00133371
9237,0.115799
9244,0.99718
9245,0.997127
9250,0.997596
9251,0.000592462
9258,0.99774
9259,0.00502667
9265,0.996961
9269,0.996727
9273,0.449858
9274,0.484401
9275,0.432898
9276,0.499176
9277,0.409155
9278,0.496524
9280,0.997404
9282,0.997118
9283,0.997745
9298,0.98953
9299,0.990917
9301,0.078156
9304,0.730128
9305,0.988491
9308,0.989825
9310,0.990938
9311,0.990104
9313,0.0624859
9317,0.986035
9318,0.988125
9321,0.9878
9322,0.993783
9323,0.981336
9325,0.97948
9327,0.132924
9328,0.529017
9330,0.487792
9331,0.445906
9333,0.773005
9334,0.976098
9335,0.483606
9337,0.438043
9343,0.970859
9344,0.436931
9348,0.46096
9352,0.966144
9353,0.967124
9357,0.450781
9362,0.0130206
9365,0.975861
9367,0.971906
9371,0.203695
9372,0.958764
9375,0.958354
9377,0.96187
9378,0.950555
9380,0.94184
9381,0.945454
9382,0.76718
9383,0.763928
9386,0.762866
9387,0.768824
9388,0.946064
9390,0.944546
9393,0.950014
9395,0.944305
9396,0.943994
9397,0.942616
9399,0.943074
9401,0.930465
9402,0.813034
9405,0.845544
9407,0.924941
9409,0.921378
9410,0.944532
9412,0.944939
9413,0.939672
9414,0.946173
9415,0.948013
9416,0.950217
9417,0.957025
9418,0.951403
9420,0.000112835
9423,0.0287446
