1,0.00256265
2,0.000583387
3,0.0013217
5,0.0719908
6,0.0193667
10,0.00794741
14,0.00564676
15,0.000306521
16,0.011321
19,0.0113681
20,0.00412844
24,0.00440093
25,0.00152757
28,0.00123543
29,0.0116741
32,0.0148235
37,0.138353
38,0.00129828
40,0.0679806
41,0.06074
44,0.00872345
45,0.00970112
47,9.56981e-06
49,0.00375735
51,0.0151778
52,0.0028088
54,0.00464759
55,0.0740378
60,0.0063667
61,0.21708
63,0.0162044
64,0.0156799
68,0.00700668
70,0.00712802
75,0.00809336
76,0.0176674
78,0.00514882
82,0.018133
85,0.0505496
86,0.0141015
87,0.000725213
88,0.0985697
93,0.0432411
94,0.0908423
99,0.00235889
103,0.0109971
106,0.00386684
107,0.00781991
108,0.148209
109,0.00307865
110,0.0492451
116,0.00279688
119,0.00294372
121,0.00243923
123,0.0254477
124,0.106178
128,0.0791899
132,0.0106559
133,0.0293979
138,0.00325712
141,0.000297528
143,0.00621942
144,0.0295728
145,0.000701907
148,0.144046
150,0.0102169
151,0.214947
154,0.00180603
155,0.00463549
157,4.77041e-05
158,0.00896907
159,0.00300422
161,0.0589708
163,0.00382743
166,0.000996978
167,0.00572392
169,0.0202986
170,0.100427
173,0.000907791
174,0.0258641
177,0.158429
178,0.0172833
179,0.0959129
180,0.0547181
182,0.000305797
183,0.00611642
184,0.0514442
185,0.000698637
188,0.00999177
190,0.00850497
194,0.00264088
195,0.00905082
201,0.0420074
202,0.969975
204,0.00757181
207,0.00354979
208,0.0372877
210,0.00284409
212,0.0113961
213,0.00040144
214,0.00255055
219,0.000280421
222,0.000720884
223,0.0286703
225,0.0651227
228,0.00367608
229,0.0020251
232,0.00356939
237,0.00195851
238,0.000400675
240,0.00965848
241,0.0214978
246,0.00166573
247,0.0498122
248,0.0150565
249,0.000910328
250,0.00132263
251,0.0015287
253,0.0403248
255,0.0203375
257,0.125778
259,0.00247975
263,0.00225611
265,0.566191
270,0.00563888
272,0.0118189
279,0.00509173
282,0.00626628
284,0.0581936
285,0.0380329
286,0.0278703
288,0.0126218
290,0.00188575
291,0.0761886
292,0.0261597
294,0.00138878
298,0.0368721
300,0.178834
302,0.00279965
304,0.0478517
306,0.00202408
308,0.0156594
314,0.0492153
316,0.130429
319,0.00340439
320,0.00646829
323,0.0072045
324,0.0143704
326,0.00837189
329,0.44826
337,0.000783016
340,6.91498e-05
342,0.171071
346,0.00461054
347,0.00250485
348,0.0650565
349,0.123421
350,0.000899212
352,0.00361246
353,0.0127794
356,0.00220099
357,0.00521152
360,0.0540362
365,0.197097
376,0.0394513
377,0.00422453
379,0.00202014
382,0.000262938
385,0.00823902
390,0.0280368
391,0.00587815
396,0.00932413
401,0.00142063
402,0.0152311
403,0.00452727
404,0.0397497
406,0.00835304
409,0.00965078
411,0.00130159
413,0.0162622
415,0.00179761
416,0.0223763
417,0.00336939
420,0.0131385
421,0.0264654
423,0.0035172
424,0.0133001
434,0.151315
435,0.0184138
436,0.00848938
438,0.0364219
439,0.0918717
445,0.0406373
446,0.110341
447,0.00486282
449,0.00116552
450,0.00588108
455,0.00942966
457,0.00533047
459,0.00632871
460,0.0215167
461,0.00200298
462,0.0186152
464,0.0188861
465,0.0603579
468,0.0249744
469,0.00366322
471,0.00917383
475,0.00484561
476,0.0046103
479,0.020982
480,0.00121298
482,0.00871855
483,0.00833317
484,0.0266053
489,0.00908862
490,0.010157
491,0.00460805
492,0.000724543
493,0.0125245
496,0.00608661
498,0.00045899
501,0.00209661
503,0.0221992
506,0.00871625
507,0.0470629
510,0.000634301
514,0.00550328
515,0.0698847
518,0.00776461
520,0.000260735
521,0.00220573
524,0.00196495
525,0.219622
526,0.10958
528,0.00465254
530,0.00359693
533,0.00362015
536,0.00075161
538,0.0107273
539,0.0498487
541,0.00373529
542,0.0695808
543,0.0533583
545,0.015213
550,0.00342132
552,0.00436935
553,0.590886
554,0.0235527
556,0.211624
560,0.0295577
562,0.00438607
563,0.0035266
567,0.0469293
568,0.0022411
571,0.0240599
573,0.000988249
579,0.00819028
586,0.0201246
587,0.0563635
588,0.0557888
590,0.0040844
591,0.0541505
592,0.0140205
594,0.0293537
595,0.027892
596,0.0346175
598,0.332411
602,0.00181873
605,0.0319193
608,0.0127012
609,0.00129996
615,0.00103465
616,0.0073361
618,0.0195816
619,0.0273629
621,0.262501
622,0.0732882
623,0.000844832
624,0.0336718
626,0.00289993
628,0.00614692
632,0.00548057
634,0.0112906
637,0.245974
640,0.00151013
641,0.0372446
643,0.000437301
645,0.0108737
646,0.0054257
647,0.000690633
653,0.245703
654,0.0211557
655,0.0798685
666,0.00844797
667,0.0703376
669,0.0541773
670,0.0280739
671,0.000807796
674,0.266818
677,0.0144047
678,0.000603585
679,0.000790002
680,0.00032305
681,0.302648
686,0.0135044
687,0.0172004
688,0.0210881
689,0.0028393
693,0.00472554
694,0.00491821
695,0.00390926
697,0.000998434
699,0.0289531
700,0.0463069
701,0.0175141
702,0.0300203
703,0.00750145
704,0.000361603
706,0.0186456
708,0.00332475
710,0.0039919
712,0.00355903
715,0.00380001
720,0.00420277
723,0.00160426
725,0.00187285
726,0.0499478
729,0.0652617
731,0.0108265
732,0.00360023
733,0.000926036
735,0.0102094
736,0.000250734
737,0.235639
741,0.0226973
742,0.00193852
745,0.335379
746,0.00517711
748,0.0803127
751,0.00382171
752,0.14172
754,0.000274368
757,0.235716
760,0.00363342
762,0.00058317
765,0.534154
768,0.779099
769,0.000244973
774,0.0081649
777,0.00417304
779,0.00509181
780,0.0169277
781,0.00912368
782,0.0534155
784,0.773162
786,0.0236502
788,0.386164
789,0.0212462
790,0.0148964
793,0.000847354
795,0.160516
796,0.00217608
798,0.00107292
800,0.0576041
801,0.00671391
803,0.0466076
807,0.706244
808,0.00570613
810,0.00872189
813,0.00668306
814,0.0568727
815,0.342464
825,0.00167048
826,0.000780431
827,0.00822424
830,0.00895197
831,0.00476242
833,0.00477934
836,0.0794449
838,0.0215328
841,0.0289164
844,0.0086999
847,0.0023844
848,0.000431948
849,0.00936058
850,0.0163875
851,0.00944863
852,0.00703141
853,0.175122
854,0.0406867
860,0.00518355
862,9.69199e-05
863,0.116226
865,0.00110117
867,0.0183207
868,0.00648544
870,0.00507831
871,0.0952426
873,0.0346599
877,0.000221853
880,0.00503721
883,0.0324987
884,0.00248402
885,0.042852
887,0.000242868
888,1.32389e-05
889,0.00708019
891,0.0415588
892,0.00918691
897,0.0268299
898,0.0646889
900,0.214138
901,0.00492033
902,0.0230312
903,0.00266117
905,0.00365296
908,0.00266243
912,0.00167494
913,0.0968415
916,0.00398803
917,0.00693043
921,0.0494745
924,0.00122308
925,0.353984
927,0.0130155
928,0.00194757
929,0.00149831
930,0.0281578
931,0.000159124
932,0.05064
934,0.00217562
935,0.0240817
936,0.00134405
937,0.0261316
940,0.0127561
942,0.0699006
944,0.00117521
947,0.00390478
949,0.0155859
950,0.0452529
952,0.000477066
954,0.0191207
956,0.0341235
958,0.19707
959,0.000294656
961,0.00558767
962,0.000632849
963,0.0321894
964,0.00203323
965,0.0444985
966,0.0183029
967,0.0937697
969,0.00164143
972,0.304093
973,0.0035119
976,0.00269573
977,0.057736
978,0.0541237
980,0.0269824
981,0.300728
982,0.000847029
984,0.0445913
985,0.000295101
987,0.22512
990,0.799026
991,0.00106674
993,0.00102829
995,0.00412476
996,0.0219847
997,0.011352
998,0.0480053
1000,0.013801
1001,0.0737078
1006,0.00255753
1007,0.0445433
1009,0.964787
1011,0.0152697
1016,0.0015722
1017,0.0695113
1019,0.0316134
1021,0.00533317
1023,0.00111998
1024,0.0212674
1025,0.030643
1026,0.0890057
1027,0.000621706
1028,0.0174108
1029,0.0207383
1032,0.360873
1037,0.471999
1039,0.00140478
1040,0.0119344
1041,0.0107255
1043,0.0290207
1045,0.119157
1046,0.00914624
1047,0.0100646
1049,0.0510423
1051,0.000865181
1052,0.0509612
1053,0.0423962
1054,0.00436197
1056,0.000862778
1062,0.0138669
1063,0.00423825
1068,0.00397731
1069,0.079332
1071,0.00271742
1075,0.00428381
1077,0.0089417
1078,0.409578
1079,0.00994762
1081,0.0187123
1083,0.0871792
1084,0.00896812
1085,0.00294564
1086,0.0080335
1088,0.00790446
1090,0.0575912
1091,0.0078122
1092,0.0183323
1095,0.00554157
1096,0.00784581
1097,0.00207955
1098,0.0105617
1099,0.00932113
1100,0.00176029
1102,0.00642113
1103,0.0252735
1104,0.00695069
1105,0.00267173
1106,0.0663742
1108,0.0223852
1110,0.00125762
1114,0.00697764
1115,0.0282684
1116,0.00983348
1118,0.0018381
1120,0.155596
1121,0.0407955
1122,0.0406104
1126,0.0170013
1127,0.0411282
1129,0.00144846
1130,0.00602126
1131,0.00446984
1132,0.0466759
1134,0.0155518
1139,0.211825
1140,0.0509315
1147,0.00915359
1148,0.00957083
1150,0.0249519
1152,0.000658317
1154,0.377204
1157,0.00109895
1158,0.0156413
1159,0.00935395
1160,0.00383616
1161,0.00904663
1164,0.00794217
1169,0.000780932
1172,0.014375
1174,0.00628219
1176,0.00385948
1177,0.11052
1181,0.0116052
1182,0.098968
1186,0.00242883
1189,0.0122175
1190,0.0161153
1194,0.0043123
1200,0.00513367
1203,0.0726667
1204,0.0693608
1211,0.0525493
1212,0.000942891
1214,0.00165441
1215,0.0306581
1218,0.040627
1219,0.00533446
1221,0.0004382
1222,0.00183154
1223,0.00734945
1227,0.0710432
1229,0.00168993
1230,0.425955
1236,0.0024381
1238,0.00350737
1240,0.00830219
1245,0.00231186
1246,0.000274346
1250,0.112086
1252,0.0070131
1253,0.0340621
1258,0.00468845
1260,0.107071
1262,0.00568506
1269,0.00143221
1271,0.0112854
1272,0.0118969
1273,0.0119413
1274,0.00325804
1275,0.0319475
1276,0.182043
1277,0.00607346
1279,0.00990392
1280,0.0252194
1281,0.00731455
1282,0.0222616
1284,5.10569e-06
1285,0.0165893
1286,0.00343196
1288,0.0643647
1291,0.00288434
1292,3.45818e-05
1293,0.565886
1295,0.0781265
1296,0.00187543
1297,0.023616
1299,0.0017195
1301,0.00992658
1302,0.000214107
1303,0.0793835
1308,0.000607663
1310,0.00193213
1312,0.0671823
1313,0.156201
1314,0.00165084
1315,0.114591
1316,0.018853
1317,0.0328194
1322,0.108272
1323,0.00667586
1326,0.00105809
1328,0.0745119
1331,0.0178625
1333,0.344719
1334,0.00069476
1337,0.0290342
1338,0.00366865
1342,0.00244339
1344,0.00163017
1346,0.00240196
1352,0.0324677
1354,0.0053232
1355,0.003184
1358,0.0529369
1360,0.00694241
1363,0.00518934
1364,0.0023259
1365,0.000719057
1366,0.00123164
1367,0.0747762
1369,0.202276
1371,0.00296377
1372,0.00522748
1373,0.0022424
1378,0.00387016
1380,0.11578
1381,0.00413039
1383,0.00309645
1384,0.00613054
1386,0.00232946
1387,0.00752196
1388,0.0646756
1390,0.955743
1391,0.0140994
1392,0.00387881
1397,0.00749882
1399,0.0417104
1400,0.00732796
1403,0.0150959
1405,0.310357
1408,0.0149905
1409,0.00223083
1410,0.0636263
1411,0.0017187
1412,3.05768e-05
1415,0.0043813
1416,0.341346
1417,0.0113925
1420,0.00502626
1424,0.0746557
1425,0.551059
1426,0.00463766
1427,0.127019
1428,0.000860793
1429,0.00350066
1433,0.00128842
1434,0.0108467
1436,0.0047729
1438,0.0943738
1440,0.00580572
1441,0.0324727
1442,0.00396714
1443,0.00305946
1447,0.015449
1450,0.00449826
1452,0.00496553
1455,0.000703956
1461,0.00138027
1462,0.136968
1463,0.0070349
1468,0.00703852
1469,0.0101937
1470,0.00199653
1471,0.00243946
1473,0.000425501
1475,0.144745
1476,0.0726626
1478,0.0451377
1479,0.0643347
1480,0.00255104
1484,0.0537873
1485,0.0250621
1486,0.00578289
1490,0.00652191
1492,0.00429648
1493,0.00337549
1494,0.0294041
1495,0.00139008
1500,0.00679797
1502,0.00863769
1503,0.00126593
1504,0.00462817
1506,0.00436066
1510,0.263505
1511,0.0618125
1513,0.0813062
1514,0.0997751
1517,0.00383328
1519,0.0111162
1522,0.0108409
1523,0.0365926
1527,0.0692814
1528,0.109836
1530,1.79978e-06
1531,0.00518473
1533,0.00784359
1535,0.608018
1536,0.0049637
1537,0.771647
1538,0.010727
1539,0.00369194
1540,0.00304555
1541,0.729399
1542,0.712556
1543,0.0328859
1545,0.00807413
1547,0.687128
1549,0.763884
1550,0.777933
1551,0.790155
1552,0.768667
1558,0.790676
1564,0.00675995
1566,0.011523
1567,0.00024266
1568,0.00944971
1570,0.00777638
1573,0.0345512
1575,0.00388826
1576,0.0727887
1577,0.0374754
1580,0.820894
1583,0.79806
1585,0.543809
1586,0.569405
1588,0.00314586
1590,0.562678
1593,0.475942
1594,0.415121
1595,0.680762
1597,0.584044
1598,0.537939
1599,0.616527
1601,0.00242873
1604,0.000682019
1605,0.0799952
1607,0.136116
1608,0.0779897
1611,0.000197294
1613,0.0581233
1614,0.572399
1615,0.000420466
1616,0.00417357
1618,0.000716677
1621,0.000861096
1624,0.126393
1626,0.00403289
1628,0.00288874
1629,0.134919
1630,0.000951726
1632,0.00147883
1633,0.0339002
1634,0.00947974
1636,0.09318
1640,0.00540545
1641,0.0022852
1647,0.000161191
1648,0.0344307
1649,0.961029
1654,0.965187
1658,0.968324
1659,0.969682
1660,0.969161
1662,0.018999
1664,0.00612459
1665,0.00658056
1666,0.0018897
1667,0.962137
1669,0.968974
1670,0.968724
1671,0.975647
1674,0.972278
1675,0.976866
1677,0.976539
1678,0.966639
1679,0.973447
1682,0.099434
1683,0.0017776
1684,0.00194212
1686,0.00678195
1687,0.010434
1688,0.0697758
1690,0.0630372
1693,0.00645625
1694,0.00482008
1695,0.969958
1697,0.967256
1698,0.0034751
1699,0.963024
1702,0.0469209
1703,0.953385
1704,0.970347
1705,0.00152636
1706,0.00572084
1708,0.00311136
1711,0.00383349
1712,0.122269
1714,0.0199315
1715,0.00209676
1716,0.060484
1717,0.00257914
1718,0.000647848
1719,0.973068
1720,0.976148
1724,0.00269294
1725,0.258756
1726,0.0189236
1731,0.000645155
1732,0.00206641
1736,0.00185711
1737,0.0824371
1740,0.00110042
1741,0.00158378
1743,0.0502554
1745,0.965588
1748,0.061466
1751,0.0119783
1752,0.108995
1754,0.00273436
1755,0.0644019
1756,0.0135502
1757,0.405927
1758,0.0199831
1759,0.102342
1761,0.00357147
1762,0.00699684
1763,0.0469
1764,0.00195217
1765,0.000688338
1767,0.05219
1768,0.00925987
1773,0.0130906
1777,0.413673
1779,0.321879
1781,0.526653
1783,0.461156
1784,0.514826
1785,0.00795108
1787,0.0849993
1789,0.341308
1790,0.299224
1792,0.370188
1794,0.295485
1795,0.356683
1796,0.367668
1797,0.371387
1802,0.446169
1803,0.305971
1804,0.118858
1805,0.19638
1806,0.200619
1808,0.233928
1814,0.00164277
1816,0.00400561
1817,0.00208275
1822,0.021472
1825,0.00662336
1832,0.00183792
1835,0.168263
1838,0.219902
1843,0.0291736
1847,0.0281111
1848,0.0344559
1851,0.173016
1852,0.00107709
1853,9.83192e-05
1854,0.0119856
1855,0.000868167
1859,0.00147841
1864,0.0152438
1865,0.000510509
1869,0.237378
1870,0.0151421
1873,0.110679
1875,0.127684
1877,0.427762
1878,0.311181
1880,0.0570064
1882,0.41488
1883,0.362061
1885,0.00340595
1886,0.00166633
1888,0.0108606
1893,0.958838
1894,0.973895
1895,0.00494557
1902,0.00689413
1903,0.000464722
1904,0.000416098
1908,0.0128357
1909,0.00613268
1910,0.00837346
1912,0.00453694
1913,0.0905561
1919,0.00295748
1920,0.00324724
1924,0.00470958
1925,0.17968
1928,0.714588
1929,0.688121
1935,0.726941
1936,0.00232138
1937,0.0153701
1941,0.0193453
1943,0.0303401
1944,0.117424
1945,0.00171185
1947,0.31755
1950,0.00363355
1951,0.00212947
1955,0.0101146
1960,0.0396477
1963,0.0589611
1965,0.050871
1972,0.0291566
1984,0.356611
1985,0.000689311
1988,0.00508159
1989,0.430828
1991,0.0201706
1992,0.0194499
1995,0.0847501
1996,0.0320835
1999,0.00753052
2000,0.0150808
2001,0.0107958
2003,0.00541534
2005,0.372906
2009,0.407771
2011,0.000953513
2013,0.24442
2015,0.000408798
2018,0.00480381
2019,0.000801506
2021,0.00340984
2023,0.0842908
2026,0.00571729
2029,0.00218938
2030,0.00788348
2031,0.00129653
2032,0.00379196
2035,0.23965
2037,0.00036785
2038,0.000152292
2039,0.0028854
2040,0.00298945
2041,0.0396592
2044,0.00591731
2046,0.00771818
2047,0.00214917
2049,0.00358559
2050,0.172946
2051,0.00984284
2052,0.00633961
2053,0.0156449
2055,0.00555527
2056,0.0290179
2063,0.00887476
2068,0.000507638
2069,0.00404479
2070,0.175486
2072,0.00193528
2075,0.0100629
2080,0.0086662
2082,0.00567836
2086,0.417943
2088,0.00756269
2089,0.00916195
2090,0.00260559
2091,0.00337417
2092,0.00834206
2094,0.00901596
2095,0.00431216
2096,0.016859
2097,0.108284
2098,0.0224833
2100,0.727981
2103,0.00285616
2104,0.156923
2105,0.0229839
2106,0.0457154
2108,0.0085873
2109,0.00400911
2111,0.0190384
2112,0.00418148
2114,0.00229059
2115,0.000681737
2117,0.00084247
2118,0.125783
2120,0.99111
2121,0.992941
2122,0.992135
2124,0.993237
2125,0.992291
2127,0.991998
2128,0.992774
2129,0.990522
2131,0.991026
2132,0.00433899
2133,0.0260872
2134,0.0962021
2136,0.00093584
2142,0.0823857
2143,0.971853
2144,0.973573
2145,0.968192
2146,0.129445
2147,0.962691
2148,0.95957
2152,0.962356
2155,0.947884
2156,0.964134
2158,0.00794765
2165,0.98174
2166,0.98195
2175,0.0862189
2176,0.0121632
2177,0.000782182
2178,0.951231
2182,0.00578695
2183,0.00131474
2187,0.00493504
2188,0.00252378
2189,0.00425594
2190,0.000603003
2194,0.00127494
2195,0.00231609
2197,0.0694219
2199,0.00246244
2200,0.348741
2205,0.209437
2210,0.344516
2211,0.260566
2213,0.262654
2214,0.277155
2215,0.230378
2218,0.178463
2219,0.165813
2221,0.0305866
2223,0.00219965
2224,0.0277977
2225,0.111083
2226,0.295105
2227,0.00669325
2230,0.00181641
2231,0.0649203
2232,1.83064e-05
2233,0.00609673
2234,0.0305324
2235,0.00187435
2236,0.00101487
2237,0.209495
2241,0.088874
2242,0.00349601
2243,0.00272803
2244,0.00116658
2250,0.182529
2251,0.00755949
2252,0.0026437
2256,0.00872702
2260,0.00358017
2261,0.00173294
2262,0.0110155
2265,0.00124118
2267,0.00217449
2268,0.19436
2284,0.0178758
2285,0.0168723
2288,0.00915007
2293,0.146855
2297,0.00229511
2298,0.0889959
2299,0.00119222
2300,0.0342872
2302,0.0105644
2307,0.0227295
2308,0.00289647
2309,0.0114636
2317,0.000700815
2320,0.00156382
2321,0.00974115
2322,0.311722
2326,0.00498327
2330,0.0145046
2332,0.0291156
2334,0.289601
2336,0.00477975
2337,0.022989
2338,0.0608223
2339,0.027821
2340,0.000843544
2345,0.166559
2346,0.0244664
2350,0.00146615
2351,0.0152857
2353,0.00167811
2354,0.0144498
2357,0.00529175
2359,0.00861441
2360,0.0040993
2362,0.00876387
2363,0.000984859
2366,0.0916913
2373,0.00198829
2375,0.538734
2378,0.0188838
2379,0.00821187
2381,0.0133062
2384,0.0343687
2385,0.143044
2386,0.0981403
2391,3.19819e-05
2393,0.0182538
2395,0.00164542
2396,0.254426
2399,0.00318029
2402,0.966373
2403,0.00015312
2404,0.950448
2410,0.943557
2411,0.95533
2412,0.944971
2414,0.00548126
2415,0.96567
2416,0.9506
2418,0.94143
2419,0.969158
2421,0.0248456
2422,0.0136186
2423,0.00326377
2424,0.270925
2426,0.0843059
2428,0.0123253
2429,0.00964774
2431,0.00266207
2432,0.015032
2438,0.00553594
2441,0.00880265
2442,0.0654996
2444,0.0167176
2445,0.192697
2446,0.0108652
2449,0.0494944
2450,0.0358019
2451,0.00159519
2452,0.00194666
2455,0.000408869
2459,0.00276943
2460,0.155754
2463,0.00297097
2465,0.00217438
2468,0.00832181
2469,0.000997249
2474,0.00254168
2478,0.0581537
2480,0.0046108
2483,0.960449
2486,0.00287122
2487,0.0304464
2488,0.00074294
2491,0.000278388
2492,0.14131
2496,0.0471005
2497,0.0302539
2499,0.146682
2501,0.0135574
2502,0.0261662
2504,0.281155
2505,0.0173284
2506,0.0182319
2507,0.0148334
2509,0.966744
2511,0.963948
2512,0.965182
2514,0.00204401
2515,0.000183891
2519,0.00148084
2521,0.000656853
2522,0.00764778
2525,0.000423933
2529,0.00517204
2531,0.144704
2533,0.00797874
2535,0.160163
2537,0.00291937
2541,0.966331
2543,0.972267
2544,0.0028267
2546,0.000222849
2549,0.0259961
2551,0.00786931
2554,0.0219581
2558,0.144998
2561,0.00727028
2562,0.000916697
2563,0.030061
2564,0.00913784
2565,0.0064889
2567,0.0121809
2568,0.00156321
2570,0.00182141
2572,0.00086051
2573,0.000684002
2574,0.00688118
2577,0.00514764
2580,0.050457
2583,0.282175
2584,0.287955
2585,0.346877
2589,0.0210089
2596,0.0218518
2599,0.00804179
2600,0.0225781
2602,0.032823
2603,0.0193528
2605,0.16344
2606,0.0999705
2607,0.0451925
2608,0.00387605
2609,0.0485682
2610,0.00592666
2612,0.00118944
2614,0.00404516
2615,0.00284625
2616,0.0881372
2617,0.00260757
2621,0.00231133
2623,0.000116405
2624,0.00125387
2626,0.0461345
2634,0.435236
2635,0.00886168
2636,0.00387622
2637,0.102189
2638,0.0707061
2639,0.00629092
2642,0.00260696
2643,0.00615882
2648,0.0240077
2650,0.00753011
2652,0.00201519
2653,0.0714076
2654,0.00200181
2660,0.00424792
2662,0.000249944
2665,0.00336223
2667,0.274387
2668,0.316182
2671,0.221691
2673,0.0198115
2675,0.043672
2678,0.000795372
2679,0.00741712
2684,0.0744077
2686,0.00316542
2688,0.0867023
2689,0.0136217
2692,0.00359892
2693,0.326851
2697,0.00532796
2698,0.0628248
2700,0.131468
2704,0.000400867
2705,0.00250586
2706,0.0409416
2713,0.00969658
2718,0.958317
2720,0.961789
2721,0.958816
2727,0.0354616
2728,0.952319
2729,0.94248
2735,0.00736545
2736,0.0425756
2737,0.780797
2738,0.157112
2739,0.00169236
2740,0.371465
2741,0.11651
2742,0.0127704
2744,0.821127
2746,0.748686
2748,0.740793
2750,0.708829
2751,0.739545
2752,0.803545
2758,0.722496
2759,0.757192
2760,0.843454
2763,0.826252
2765,0.743077
2767,0.77661
2768,0.79419
2769,0.0071867
2771,0.953326
2775,0.935041
2776,0.938534
2778,0.945229
2779,0.957372
2782,0.0440536
2783,0.00186108
2784,0.000871477
2785,0.00227794
2786,0.00173774
2788,0.00344053
2791,0.00470773
2793,0.0696149
2796,0.0275549
2797,0.374374
2803,0.00326904
2804,0.0112463
2807,0.00399973
2808,0.00429754
2810,0.0105376
2811,0.0125523
2817,0.00182726
2818,0.0263455
2820,0.066638
2821,0.116257
2822,0.121522
2823,0.310157
2824,0.0871873
2825,0.0134312
2832,0.331264
2833,0.0156255
2835,0.0125961
2836,0.0982231
2837,0.0180332
2838,0.00334097
2842,0.00429415
2843,0.00915743
2849,0.437542
2850,0.0564578
2851,0.000692446
2852,0.00480672
2855,0.00323695
2858,0.0097442
2861,0.000581185
2862,0.00156584
2866,0.000777874
2868,0.00823159
2869,0.00395887
2871,0.0126975
2872,0.000966242
2874,0.00499301
2875,0.00735284
2876,0.00251683
2879,0.00236166
2884,0.13435
2885,0.189368
2886,0.00273607
2889,0.00083956
2890,0.000685945
2891,0.00467323
2894,0.0023083
2897,0.257407
2899,0.0182923
2901,0.0047582
2902,0.44544
2903,0.00293469
2906,0.00619596
2907,0.00507247
2908,0.00748614
2910,0.00197221
2911,0.00084448
2914,0.00897521
2918,0.00647703
2921,0.636427
2923,0.0194168
2927,0.00220009
2928,0.150686
2930,0.0517607
2934,0.00198062
2935,0.0589945
2939,0.000966799
2940,0.0112848
2941,0.00491142
2942,0.0185715
2943,0.00348617
2944,0.00190204
2945,0.00537038
2946,0.00175412
2947,0.00242217
2949,0.316729
2954,0.3931
2955,0.0816675
2956,0.0236663
2958,0.00202858
2961,0.15701
2962,0.227988
2963,0.172929
2966,0.101866
2967,0.137713
2968,0.101464
2969,0.129684
2970,0.0970786
2971,0.0787309
2976,0.0634775
2978,0.158521
2981,0.0465788
2982,0.0026642
2984,0.0796068
2985,0.00535625
2986,0.00728217
2987,0.00353599
2990,0.0159208
2993,0.0488444
2995,0.0977422
2999,0.271472
3000,0.00671385
3001,0.151001
3005,0.00104793
3006,0.0470028
3007,0.00183512
3008,0.00771205
3009,0.015407
3012,0.0138744
3013,0.199132
3016,0.109774
3017,0.000299623
3018,0.011382
3019,0.157955
3020,0.0104296
3021,0.000896889
3022,0.000686833
3024,0.00457101
3025,0.000895175
3026,0.00177111
3029,0.00806065
3031,0.00652281
3032,0.00759341
3034,0.127878
3039,0.0749189
3041,0.0246467
3042,0.0313152
3044,0.00358793
3046,0.00349827
3047,0.038702
3049,0.0704562
3050,0.00156303
3051,0.00400719
3052,0.00337119
3056,0.00192496
3061,0.00733315
3062,0.00764401
3063,0.088103
3064,7.16602e-06
3065,0.0423482
3066,0.00528103
3067,0.00490711
3075,0.0739188
3077,0.0384675
3078,0.00174875
3079,0.00158477
3080,0.00636645
3081,0.0129829
3082,0.000213493
3083,0.0368495
3085,0.0353503
3086,0.00297397
3088,0.0023143
3091,0.0012909
3092,3.75423e-06
3093,0.00138218
3096,0.00125523
3098,0.0100097
3099,0.00151611
3101,0.0261311
3105,0.000145276
3107,0.0599171
3108,0.0562531
3112,0.00421258
3113,0.764758
3116,0.00143538
3117,0.000228097
3121,0.00952231
3122,0.00104844
3123,0.0377356
3127,0.00286237
3130,0.00832903
3131,0.429286
3133,0.00208785
3137,0.298622
3138,0.0174
3140,0.00109874
3141,0.0024793
3145,0.00243226
3148,0.019921
3150,0.00837363
3152,0.00539137
3153,0.117012
3154,0.0100989
3155,0.0459502
3157,0.0239068
3158,0.000817316
3159,0.00628766
3160,0.0265438
3161,0.00755379
3162,0.00705437
3164,0.00447992
3166,0.0244313
3167,0.00238875
3169,0.000233107
3175,0.0118859
3177,0.00396832
3182,0.0159232
3184,0.104968
3185,0.091639
3186,0.0304123
3187,0.0651551
3189,0.054867
3191,0.0060759
3195,0.0215203
3197,0.00282839
3199,0.000659529
3205,0.229472
3207,3.00322e-05
3211,0.229961
3213,0.00041704
3215,0.200088
3217,0.000461602
3218,0.0365175
3219,0.0626031
3225,0.0589259
3228,0.00106602
3231,0.000195178
3234,0.00834965
3235,0.24013
3236,0.000930293
3242,0.0272092
3243,0.00138941
3245,0.0429336
3246,0.00941879
3249,0.753987
3250,0.778387
3251,0.689584
3253,0.758283
3254,0.00116397
3255,0.749542
3257,0.0330328
3258,0.0408556
3259,0.0212184
3262,0.00833988
3266,0.0945808
3269,0.0547736
3270,0.104453
3271,0.0584189
3273,0.00787058
3275,0.00151963
3277,0.0104716
3278,0.00540806
3281,0.0144884
3282,0.215082
3285,0.00879566
3286,0.0250353
3287,0.000774517
3289,0.0045187
3291,0.00764924
3293,0.0071826
3301,0.108397
3302,0.00357194
3309,0.00576122
3310,0.000309895
3313,0.0161303
3314,0.00270236
3315,0.327073
3323,0.0044132
3324,0.00870759
3327,0.00229015
3331,0.00548662
3335,0.000561217
3336,0.000602843
3338,0.00222671
3340,0.000380874
3341,0.373756
3351,1.33513e-05
3353,0.0487847
3354,0.000515528
3356,0.0154758
3357,0.0227924
3359,0.026887
3360,0.750554
3364,0.733056
3365,0.471691
3368,0.00912529
3370,0.005346
3371,0.00937628
3373,0.00385067
3377,0.000786565
3378,0.00330022
3380,0.0225917
3381,0.0224575
3382,0.0583485
3385,0.00426394
3390,0.0171212
3393,0.00218088
3395,0.0133438
3402,0.00554621
3403,0.00192806
3407,0.00613316
3408,0.0171438
3409,0.00102781
3410,0.00204475
3412,0.00231012
3413,0.0408526
3414,0.00533577
3425,0.00297756
3429,0.00899997
3430,0.00259202
3432,0.00298017
3433,0.029186
3434,0.00318813
3455,0.00112961
3456,0.00819493
3458,0.0370157
3462,0.00302295
3466,0.0392901
3469,0.00592473
3472,0.0016386
3474,0.00157815
3494,0.0106963
3495,0.0234996
3496,0.0071902
3497,0.0268694
3498,0.0313237
3499,0.0312181
3500,0.001855
3501,0.163527
3513,0.00553535
3515,0.00801715
3516,0.0839848
3519,0.0809342
3527,0.00791281
3528,0.825242
3530,0.780123
3531,0.784922
3533,0.117516
3535,0.753647
3536,0.803553
3539,0.743404
3540,0.822961
3547,0.744936
3550,0.815615
3551,0.806586
3552,0.819823
3553,0.820247
3554,0.0174056
3556,0.0768281
3585,0.023168
3587,0.00999106
3590,0.11226
3591,0.0156948
3592,0.00118214
3593,0.016816
3597,0.000548279
3603,0.00125965
3604,0.000622975
3609,0.0034532
3610,0.00146188
3611,0.0022315
3612,0.0165761
3615,0.000679548
3616,0.0206998
3622,0.0167563
3623,0.0536209
3625,0.0249458
3626,0.118943
3629,0.0121787
3630,0.00204348
3631,0.00137052
3632,0.00649806
3634,0.00190973
3638,0.00361411
3641,0.202982
3642,0.00408063
3645,0.0353723
3646,0.00434562
3648,0.0102939
3651,0.000925674
3654,0.012004
3656,0.00245539
3657,0.0589005
3658,0.000190249
3659,0.268441
3661,0.324163
3662,0.00416837
3664,0.990716
3667,0.986578
3669,0.985028
3673,0.983552
3674,0.979182
3675,0.979165
3677,0.976746
3679,0.976264
3681,0.965977
3682,0.977021
3687,0.0057186
3689,0.529017
3691,0.00404118
3692,0.103052
3693,0.0046899
3696,0.00997852
3697,0.0817368
3701,0.55074
3702,0.000880268
3703,0.0270288
3704,0.182801
3705,0.0135107
3709,0.00661674
3710,0.0266524
3711,0.0286224
3712,0.00160109
3713,0.0042472
3714,0.0106795
3717,0.0266182
3718,0.00520678
3720,0.0696082
3721,0.00144694
3722,0.000691356
3723,0.00419189
3754,0.0001243
3756,0.00095265
3757,0.000480229
3759,0.0982764
3762,0.00426932
3764,0.0670901
3765,0.000940594
3773,0.00371749
3774,0.00871947
3775,0.0181508
3776,0.0154472
3777,0.0630153
3779,0.00707051
3782,0.0611914
3786,0.013955
3787,0.000895284
3793,0.0967554
3796,0.0879775
3798,0.0168326
3799,0.257427
3800,0.226567
3801,0.229465
3802,0.160654
3805,0.222638
3806,0.150214
3808,0.213892
3809,0.0730269
3810,0.0018036
3812,0.0311984
3813,0.00283325
3820,0.0144185
3821,0.000764672
3825,0.0449135
3828,0.0161214
3832,0.000859602
3839,0.00911416
3840,0.000853352
3843,0.282176
3844,0.000626019
3846,0.006254
3847,0.0446282
3849,0.106641
3851,0.0041127
3852,0.0145744
3853,0.00051375
3855,0.558946
3858,0.588244
3863,0.00333496
3866,0.0193169
3867,0.145597
3871,0.406763
3873,0.00151549
3874,0.00054006
3877,0.000641582
3879,0.00504986
3880,0.000465669
3882,0.0175641
3883,0.0528166
3885,0.0036342
3888,0.0071904
3891,0.376338
3897,0.00853256
3900,0.00526894
3901,0.00250521
3902,0.0327805
3903,0.00772454
3904,0.000781199
3907,2.47499e-05
3909,0.00101016
3914,0.000335828
3915,0.00192332
3917,0.0107133
3921,0.00168424
3922,0.00158592
3923,0.00363654
3929,0.00635816
3931,0.0262057
3934,0.598339
3935,0.568375
3936,0.595007
3937,0.609188
3939,0.56378
3941,0.000733033
3944,0.0917066
3956,0.000646979
3957,0.00248027
3960,0.00108989
3961,0.0211666
3963,0.00746173
3969,0.00421391
3971,0.0109508
3972,0.0149721
3976,0.00238767
3978,0.0831231
3979,0.00106486
3980,0.0221443
3986,0.00108715
3988,0.00213733
3989,0.00301117
3990,0.00924311
3997,0.0295425
3999,0.00361499
4000,0.000859311
4001,0.00120928
4002,0.0163199
4003,0.094873
4004,0.039183
4006,0.0101637
4014,0.0219764
4018,0.00613072
4019,0.0020936
4020,0.000680453
4021,0.00479855
4022,0.00657821
4023,0.000744129
4024,0.0112702
4031,0.0172759
4033,0.0155898
4035,0.0262951
4038,0.00958753
4039,0.00668606
4041,0.00775959
4043,0.0673319
4044,0.168172
4046,0.00483743
4047,0.00176149
4050,0.00367149
4053,0.0543302
4054,0.00360379
4056,0.0157398
4058,0.00549543
4067,0.809442
4068,0.743883
4069,0.730165
4076,0.0034482
4081,0.00311044
4082,0.158307
4083,0.0011264
4089,0.004859
4090,0.0800085
4092,0.00344836
4093,0.0018038
4094,0.0366588
4097,0.0062787
4100,0.00559956
4101,0.836506
4102,0.715594
4104,0.825135
4105,0.808988
4108,0.758886
4110,0.826689
4111,0.802992
4112,0.848164
4117,0.780217
4121,0.954737
4122,0.0137868
4123,0.819327
4125,0.845184
4126,0.803021
4127,0.811184
4128,0.783135
4131,0.809576
4136,0.958164
4137,0.962221
4138,0.943554
4139,0.941121
4141,0.941251
4151,0.942169
4152,0.948883
4153,0.952176
4154,0.951844
4157,0.940616
4161,0.972057
4163,0.954017
4164,0.950373
4168,0.943657
4169,0.948406
4170,0.936539
4171,0.938877
4172,0.940863
4173,0.963114
4176,0.964625
4180,0.961658
4181,0.966524
4182,0.967552
4184,0.0585723
4185,0.00796313
4188,0.00822592
4199,0.00156944
4200,0.00406393
4202,0.00172686
4205,0.0286737
4208,0.0238744
4209,0.00725413
4210,0.0451625
4211,0.000550874
4215,0.0158099
4216,0.378541
4220,0.000423834
4221,0.00147813
4224,0.0125421
4225,0.00902635
4228,0.00273037
4229,0.00337287
4231,0.0124456
4232,0.000213249
4233,0.0020328
4236,0.00377922
4239,0.00118137
4240,0.0160407
4242,0.0127727
4244,0.0320527
4245,0.00139008
4246,0.0353761
4249,0.270035
4250,0.864041
4254,0.844017
4255,0.0172666
4258,0.827824
4261,0.867359
4263,0.860262
4264,0.841057
4265,0.850865
4267,0.829406
4269,0.857576
4270,0.829243
4274,0.868962
4276,0.0264265
4279,0.00702277
4281,0.0135894
4283,0.993564
4284,0.996075
4286,0.00604184
4289,0.0737273
4293,0.0832706
4294,0.000997402
4296,0.00236524
4297,0.0399673
4301,0.00207761
4306,0.000685139
4308,0.000851552
4310,0.0443629
4312,0.0287107
4313,0.0114802
4315,0.00716876
4319,0.668851
4320,0.625353
4325,0.00847501
4328,0.00275237
4335,0.00769378
4338,0.189469
4340,0.0115585
4341,0.0200915
4342,0.000442107
4344,0.108107
4348,0.916598
4351,0.885933
4355,0.897181
4356,0.89214
4359,0.895903
4360,0.0165374
4363,0.89257
4365,0.903307
4366,0.913069
4368,0.885473
4370,0.894925
4372,0.845618
4373,0.840722
4375,0.862346
4377,0.841851
4378,0.828548
4380,0.822782
4381,0.868497
4383,0.769135
4384,0.793379
4386,0.820604
4390,0.000558038
4394,0.00566799
4395,0.0536716
4396,0.00498391
4397,0.688359
4398,0.0366199
4401,0.00453533
4404,0.00214826
4406,0.00105113
4407,0.0013576
4409,0.000975415
4410,0.00232115
4411,0.0167788
4412,0.00234894
4414,0.000684354
4421,0.0200484
4423,0.0015206
4424,0.109166
4426,0.0393191
4427,0.0319503
4434,0.000604576
4435,0.00556777
4437,0.001305
4439,0.17564
4446,0.186041
4448,0.025941
4450,0.0229298
4461,0.652639
4462,0.00115586
4463,0.365427
4464,0.0239819
4465,0.0188687
4466,0.0087351
4467,0.009669
4468,0.262929
4474,0.610926
4476,0.653422
4477,0.668694
4478,0.635364
4484,0.00219862
4485,0.0156479
4496,0.994228
4499,0.0250076
4500,0.00126107
4502,0.00647466
4506,0.644432
4507,0.637021
4512,0.84096
4513,0.757061
4516,0.798585
4519,0.839806
4521,0.823824
4527,0.905854
4528,0.83689
4529,0.899045
4533,0.868729
4534,0.837434
4535,0.868935
4536,0.886326
4537,0.93616
4538,0.931922
4539,0.928985
4541,0.884445
4547,0.925944
4550,0.959828
4551,0.948251
4555,0.957768
4556,0.949692
4562,0.634681
4563,0.216773
4564,0.00132879
4568,0.00151362
4574,0.011136
4575,0.000785815
4579,0.0193066
4588,0.00396696
4602,0.000174117
4605,0.00460558
4607,0.979236
4608,0.00549904
4611,0.321133
4614,0.468057
4615,0.00116697
4617,0.011008
4619,0.00651731
4620,0.00244253
4623,0.00206352
4625,0.00012772
4626,0.00533379
4629,0.0436381
4630,0.0840264
4631,0.000575428
4641,0.0268726
4651,0.00013327
4654,0.00161085
4656,0.0240917
4660,0.013905
4662,0.545139
4665,0.975678
4666,0.977702
4667,0.979121
4670,0.968195
4671,0.021779
4672,0.0273365
4673,0.00662899
4674,0.153256
4675,0.00133718
4676,0.0012056
4677,0.00111593
4678,0.000688265
4682,0.000769188
4686,0.000491636
4689,0.0123172
4696,0.00307831
4698,0.00192204
4701,0.0165533
4702,0.0154232
4704,0.00887723
4707,0.669634
4711,0.000438167
4712,0.000121329
4715,0.0106921
4718,0.00494118
4721,0.0163995
4727,0.00243131
4728,0.057762
4731,0.0144867
4735,0.00297241
4736,0.0463515
4740,0.236716
4743,0.00173961
4745,0.0476341
4747,0.00120741
4751,0.0152361
4752,0.0123006
4755,0.00791522
4757,0.00340374
4758,0.0124155
4761,0.0054922
4762,0.00536873
4767,0.0144814
4768,0.00351493
4769,0.000370059
4770,0.0177339
4782,0.00728437
4783,0.0434049
4785,0.0403764
4786,0.000699287
4789,0.00205651
4792,9.46716e-05
4805,0.00137922
4807,0.0642752
4808,0.000534106
4811,0.0153122
4813,0.00636732
4815,0.000898391
4816,0.0116477
4821,0.000441477
4823,0.281714
4826,0.0519389
4829,0.0157459
4835,0.0513816
4836,0.296225
4838,0.00105851
4847,0.018685
4850,0.00450916
4852,0.00253454
4853,0.0594746
4855,0.000609435
4858,0.00999874
4860,0.4561
4862,0.99712
4865,0.997188
4867,0.0198233
4869,0.000674516
4870,0.0613797
4876,0.0121496
4877,0.00317846
4882,0.00122738
4885,0.140818
4886,0.00309444
4888,0.0543725
4895,0.00231323
4897,0.0236779
4898,0.0040901
4899,0.00267619
4900,0.00383863
4904,0.135043
4905,0.0187288
4907,0.0633204
4909,0.00347209
4910,0.0192935
4911,0.997172
4912,0.996591
4915,0.0140173
4916,0.0119486
4917,0.292529
4919,0.155472
4922,0.000988
4925,0.0700054
4928,0.00214657
4929,0.0565721
4931,0.00282289
4933,0.079849
4935,0.000627583
4936,0.00569857
4937,0.000505993
4939,0.0101576
4940,0.00277195
4941,0.00310506
4942,0.00660411
4944,0.127916
4946,0.118186
4947,0.0932636
4948,0.389643
4954,0.0156014
4955,0.0532394
4957,0.00666139
4958,0.000223208
4962,0.00425623
4963,0.170653
4966,0.279757
4967,0.0207111
4969,0.0191388
4970,0.052023
4971,0.00630108
4974,0.00715716
4979,0.00260691
4980,0.0550874
4982,0.00658992
4987,0.0411656
4990,0.0147201
4991,0.0077387
4992,0.0049491
4993,0.0240086
4994,0.022386
4995,0.0620062
4997,0.044198
4999,0.0136808
5000,0.00450961
5001,0.146509
5002,0.0295681
5005,0.000407492
5010,0.0497588
5011,0.0165381
5014,0.0167767
5015,0.00709549
5016,0.00788313
5017,0.0113021
5018,0.00183844
5019,0.00524402
5020,0.00280125
5021,0.00930779
5022,0.00791376
5023,0.213254
5024,0.00107555
5025,0.000982464
5026,0.00686713
5027,0.0447976
5028,0.0068814
5030,0.0243018
5031,0.00181635
5032,0.0029999
5033,0.00288465
5034,0.0680631
5039,0.0287633
5040,0.0144554
5041,0.0852464
5042,0.00959808
5045,0.0193918
5046,0.00138149
5049,0.00474536
5050,0.0402674
5054,0.00298996
5057,0.00614563
5060,0.010731
5061,0.012024
5063,0.99663
5064,0.99735
5065,0.997026
5068,0.0826944
5070,0.211921
5071,0.997356
5076,0.00412656
5077,0.0045243
5079,0.108946
5080,0.0159361
5083,0.00439489
5085,0.374022
5087,0.00943102
5089,0.00860149
5090,0.344273
5091,0.157252
5095,0.0079119
5097,0.0730375
5098,0.132484
5101,0.00372407
5102,0.0817977
5103,0.00285939
5105,0.318483
5109,0.0151082
5112,0.00234481
5115,0.0572422
5121,0.993534
5122,0.0119837
5123,0.0175907
5126,0.000928805
5127,0.0182965
5130,0.997623
5131,0.000422717
5137,0.189746
5139,0.305266
5141,0.240661
5143,0.200955
5144,0.00108979
5146,0.190368
5148,0.169183
5149,0.229043
5151,0.162814
5154,0.0046171
5156,0.0191895
5157,0.0803353
5159,0.0201859
5160,0.263728
5166,0.000900362
5169,0.00256611
5170,0.0438973
5172,0.0107636
5174,0.171248
5177,0.000582956
5179,0.0404852
5182,0.00126901
5183,0.12718
5187,0.00233612
5188,0.0151425
5190,0.998278
5192,0.0483982
5195,0.997475
5200,0.0221573
5201,0.129536
5202,0.000677553
5203,0.00419758
5205,0.00346566
5206,0.110767
5207,0.0111971
5217,0.016796
5218,9.54809e-05
5220,0.00785
5221,0.0922368
5224,0.00153411
5225,0.997465
5227,0.00469757
5229,0.0046185
5230,0.0309375
5232,0.129751
5233,0.0156237
5235,0.00246507
5236,0.0104164
5239,0.00356207
5241,0.299957
5242,0.00308063
5244,0.0230846
5246,0.0424039
5247,0.0635074
5250,0.000629642
5251,0.997734
5252,0.99724
5255,0.0010299
5256,0.0036563
5257,0.0011315
5260,0.0647854
5261,0.0381768
5262,0.024135
5264,0.0287405
5267,0.00208396
5268,0.00158302
5270,0.00826253
5273,0.0537624
5275,0.000423314
5277,0.0565265
5279,0.023659
5282,0.175255
5287,0.0108199
5290,0.000551747
5291,0.198928
5293,0.00317433
5297,0.226759
5298,0.0349258
5299,0.0181286
5300,0.0146198
5302,0.0133666
5305,0.00467687
5311,0.00971025
5312,0.000202528
5313,0.0539248
5314,0.0357013
5315,0.0262192
5316,0.00679189
5319,0.00789325
5321,0.00223905
5323,0.00943171
5326,0.0151474
5327,0.00077202
5328,0.00234512
5329,0.0352105
5331,0.00162031
5334,0.186114
5335,0.0234382
5337,0.0513429
5340,0.00343075
5342,0.0139233
5344,0.00207196
5345,0.0483962
5346,0.0672462
5348,0.00145889
5349,0.0441155
5351,0.0923133
5353,0.00819709
5354,8.6885e-05
5357,0.00201563
5359,0.00121394
5362,0.202001
5363,0.00470146
5364,0.00133835
5366,0.114834
5369,0.00629835
5371,0.00509539
5372,0.00802712
5382,0.0704713
5384,0.00164479
5385,0.0439196
5388,0.0183708
5389,0.0312313
5390,0.0698769
5391,0.00525782
5392,0.0107939
5393,0.00863857
5396,0.997691
5398,0.997816
5399,0.998194
5401,0.997772
5402,0.998102
5406,0.99772
5409,0.0737546
5422,0.0176527
5424,0.0170256
5427,0.00585417
5428,0.0263158
5431,0.997697
5433,0.00170512
5434,0.00182621
5435,0.00417548
5438,0.00511902
5439,0.00631179
5444,0.00105087
5445,0.0743679
5446,0.0252422
5448,0.0159889
5450,0.00173488
5453,0.038979
5455,0.0560664
5457,0.00204313
5459,0.0432457
5461,0.0156996
5463,0.00878162
5464,0.00560195
5465,0.0246182
5467,0.0514002
5469,0.025078
5470,0.0584928
5471,0.0177945
5472,0.0223127
5473,0.00179345
5475,0.00106397
5478,0.0209068
5479,0.000931629
5480,0.0152671
5484,0.00279138
5486,8.89961e-06
5487,0.00513227
5489,0.0376563
5492,0.0257316
5494,0.0138713
5495,0.0027109
5501,0.000788603
5502,0.00184832
5503,0.000833878
5507,0.00502617
5508,0.000843946
5511,0.0300174
5515,0.00180346
5519,0.00691576
5522,0.00104726
5524,0.00157855
5525,0.0202629
5527,0.00166233
5531,0.00634307
5533,0.0260936
5534,0.0633395
5535,0.0160248
5536,0.000974098
5543,0.0386453
5545,0.00648859
5547,0.0036117
5548,0.021922
5549,0.00261349
5550,0.0166776
5551,0.000987839
5552,0.0024766
5553,0.00644325
5554,0.00147158
5556,0.0912809
5557,0.146399
5559,0.000744929
5560,0.00741564
5561,0.00695839
5562,0.00551828
5563,0.0251569
5567,0.00485403
5571,0.00171332
5575,0.331215
5582,0.0950046
5585,0.997879
5588,0.409759
5593,0.00306378
5594,0.000717876
5595,0.00698772
5596,0.0102605
5597,0.0114878
5598,0.00186594
5607,0.0119098
5610,0.0210844
5612,0.0017371
5619,0.0738335
5622,0.0167138
5624,0.0046659
5625,0.0317832
5626,0.00160214
5628,0.0524412
5630,0.00696923
5631,0.0633669
5636,0.0862953
5637,0.722499
5638,0.012078
5639,0.00656181
5642,0.0438434
5645,0.0157421
5646,0.00911107
5647,0.0226688
5650,0.00715513
5652,0.157362
5653,0.0475122
5654,0.057244
5655,0.0489687
5658,0.00890258
5659,0.00198108
5660,0.0115608
5661,0.00456711
5664,0.0164213
5665,0.0164953
5667,0.0200569
5669,0.00280062
5670,0.258828
5672,0.0276115
5673,0.0122655
5675,0.00112313
5676,3.5584e-05
5677,0.021902
5679,0.0662619
5680,0.0113226
5685,0.00424468
5686,0.00794652
5687,8.17576e-05
5692,0.0869639
5693,0.00440017
5695,0.784026
5699,0.00214581
5700,0.000444391
5701,0.0521059
5707,0.039944
5708,0.0218511
5714,0.000628578
5716,0.065859
5717,0.00158203
5718,0.000894838
5720,0.00814327
5725,0.0815591
5726,0.00348465
5728,0.00620205
5730,0.0623291
5731,0.000354885
5732,0.00970961
5734,0.00120134
5735,0.00901552
5736,0.0169639
5740,0.00205776
5758,0.0339277
5767,0.12121
5769,0.00190139
5771,0.00859998
5774,0.00122175
5775,0.00245256
5776,0.0154073
5777,0.000741682
5778,0.0281857
5782,0.0590229
5784,0.00551235
5786,0.165398
5791,0.000797524
5794,0.000624636
5795,0.0822759
5797,0.00151597
5802,0.00843711
5803,0.996738
5804,0.0049411
5810,0.995935
5812,0.00791732
5815,0.993466
5816,0.994313
5821,0.00416452
5827,0.0108849
5828,0.000835521
5833,0.0352348
5836,0.210835
5839,0.0112215
5845,0.0717642
5850,0.0411691
5852,0.000845565
5853,0.00182567
5856,0.0389402
5858,0.00404565
5863,0.00598711
5867,0.0406328
5870,0.00487255
5876,0.010851
5877,0.024418
5879,0.0222938
5880,0.0150468
5881,0.00527078
5883,0.0444728
5884,0.18505
5885,0.00381411
5886,0.00360653
5891,0.0557615
5892,0.00603817
5893,0.0213025
5894,0.00610907
5895,0.00106045
5900,0.160578
5905,0.0474466
5906,0.0169483
5912,0.00242351
5913,0.000710651
5919,0.0232078
5920,0.000203791
5922,0.000430944
5923,0.0822544
5928,0.00184502
5929,0.015089
5930,0.00184229
5932,0.0150357
5935,0.000397338
5936,0.0078318
5939,0.0212057
5940,0.00644561
5942,0.00276393
5944,0.172931
5945,0.000649635
5946,0.168445
5947,0.000728191
5948,0.0157135
5954,0.00316821
5955,0.0897422
5956,0.0312112
5958,0.144022
5961,0.00521097
5962,0.000259215
5963,0.0302243
5965,0.00923154
5972,0.00108701
5974,0.0309159
5977,0.00124995
5980,0.00321374
5982,0.000988041
5983,0.0543866
5984,0.0504066
5985,0.00606847
5987,0.00457927
5988,0.000366403
5989,0.00141183
5991,0.438033
5994,0.00333357
5996,0.273689
5997,0.00832346
5998,0.0174725
5999,0.00232115
6000,4.41591e-05
6003,0.00529864
6007,0.00193408
6009,0.0339486
6012,0.0267385
6013,0.00624697
6015,0.0116867
6016,0.0027256
6018,0.0148275
6019,0.291618
6023,0.996328
6024,0.996907
6025,0.995575
6026,0.000411219
6027,0.0344836
6029,0.00177604
6032,0.0216013
6033,0.00208151
6037,0.0242063
6039,0.0119337
6040,0.00461984
6047,0.0296895
6048,0.024505
6050,0.0382256
6051,0.994622
6052,0.122779
6059,0.0174421
6060,0.0163244
6061,0.0295415
6063,0.69291
6067,0.0125945
6069,0.0421752
6073,0.00229192
6075,0.000203214
6076,0.00950588
6079,0.00123874
6082,0.117085
6084,0.0508075
6087,0.00228341
6089,0.0540359
6091,0.0140661
6094,0.0179671
6095,0.00588125
6096,0.0132209
6098,0.0468514
6100,0.0177745
6101,0.996784
6103,0.994258
6104,0.00203202
6105,0.995004
6106,0.0136091
6107,0.0171175
6108,0.00778847
6109,0.0760309
6110,0.0318835
6111,0.00205968
6112,0.00308309
6115,0.00942532
6120,0.00241116
6121,0.0554404
6123,0.00801258
6125,0.0628374
6126,0.0060306
6127,0.00646297
6129,0.0344746
6133,0.0872292
6134,0.0343175
6135,0.0380786
6138,0.00807208
6141,0.0106335
6142,0.0593145
6146,0.00324229
6148,0.0163938
6153,0.00599849
6154,0.0491941
6155,0.004058
6156,0.970018
6157,0.0102287
6158,0.000830656
6159,0.0113359
6160,0.00498958
6161,0.000661551
6163,0.00926473
6165,0.0351977
6167,0.124096
6168,0.00506832
6169,0.0414305
6172,0.00759317
6176,0.0890051
6177,0.00134547
6178,0.00231014
6180,0.009186
6183,0.00101657
6188,0.0375135
6189,0.00288873
6190,0.0746475
6191,0.00160549
6196,0.0016973
6197,0.0446186
6203,0.00493219
6207,0.251255
6208,0.00109821
6211,0.0119386
6213,0.00398291
6214,0.00975232
6217,0.0196507
6218,0.0236069
6219,0.00104782
6223,0.0924034
6227,0.00312332
6229,0.0142546
6231,0.00685722
6236,0.000514251
6238,0.0717877
6239,0.00411433
6240,0.00286007
6242,0.00138295
6245,0.000916577
6249,0.0404795
6250,0.00215992
6251,0.0524138
6253,0.00934219
6254,0.0121134
6256,0.0123402
6260,0.0769316
6261,0.0267191
6263,0.995543
6264,0.994361
6268,0.00348678
6270,0.00154562
6272,0.00785883
6276,0.00185246
6277,0.0899348
6278,0.140198
6279,0.0346229
6285,0.00509848
6286,0.000856931
6287,0.000651406
6289,0.000928913
6290,0.00291556
6291,0.100532
6292,0.00798352
6294,0.135254
6295,0.00314971
6296,0.0108647
6297,0.0935198
6298,0.0179026
6301,0.0108988
6302,0.00338744
6303,0.00286677
6305,0.0275036
6306,0.0210586
6309,0.00173532
6310,0.0149071
6313,0.0051945
6317,0.00236433
6319,0.0955316
6320,0.142798
6321,0.0112476
6326,0.00264709
6329,0.00426624
6330,0.00818436
6331,0.0241207
6334,0.00749579
6335,0.0203914
6336,0.311045
6338,0.0185807
6339,0.185794
6340,0.082557
6341,0.0123815
6342,0.00412346
6345,0.000888525
6348,0.0472783
6356,0.0354016
6358,0.0105846
6359,0.106467
6362,0.0302516
6364,0.0104486
6365,0.0101911
6366,0.00344947
6371,0.0195377
6373,0.106816
6377,0.0365923
6379,0.000666843
6380,0.00955858
6383,0.00398985
6386,0.109483
6389,0.46536
6390,0.00153454
6393,0.00331211
6394,0.00101789
6395,0.194772
6396,0.213976
6397,0.162559
6399,0.101533
6400,0.00511757
6401,0.0543057
6405,0.00207666
6407,0.193501
6409,0.011336
6411,0.0445264
6413,0.0206799
6414,0.00150698
6416,0.0703991
6417,0.00212729
6420,0.00307709
6421,0.00079832
6435,0.0192047
6436,0.00364545
6438,0.0113411
6439,0.00378705
6441,0.0360131
6443,0.00583243
6444,0.0112967
6445,0.000213045
6446,0.00708008
6447,0.00332686
6451,0.000981051
6452,0.00151465
6455,0.00134052
6457,0.00855518
6458,0.392135
6459,0.0799157
6462,0.00667045
6466,0.00645262
6467,0.0112475
6468,0.010339
6471,0.0404672
6474,0.00165121
6475,0.00303197
6476,0.0957696
6478,0.00318891
6480,0.00158475
6483,0.101128
6484,0.00431715
6485,0.0321083
6487,0.146615
6490,0.0198672
6494,0.00362308
6499,0.0642333
6500,0.0607211
6501,0.00120021
6502,0.0603353
6503,0.0609234
6504,0.0261917
6505,0.00361594
6507,0.00396089
6509,0.0162787
6511,0.00289971
6513,0.00748487
6515,0.0241165
6516,0.0617138
6517,0.12035
6520,0.0509263
6523,0.00632243
6528,0.00304521
6530,0.000415093
6532,0.0388733
6533,0.00446425
6535,0.00599109
6536,0.00119143
6539,0.00350571
6542,0.032621
6543,0.0614528
6545,0.000593605
6550,0.0447334
6552,0.0702222
6553,0.00353353
6556,0.221263
6558,0.0085924
6560,0.00767114
6561,0.00693535
6564,0.000562665
6565,0.114649
6574,0.0145749
6577,0.00977183
6581,0.0374257
6582,0.570952
6583,0.156778
6585,0.00545506
6586,0.00065026
6587,0.000834371
6589,0.0778013
6591,0.0120256
6593,0.00182295
6597,0.00164779
6598,0.0202276
6600,0.0688691
6602,0.00485457
6604,0.0098402
6605,0.0853012
6606,0.00287696
6607,0.015458
6608,0.00145084
6611,0.0385645
6612,0.0019933
6613,0.00366308
6614,0.0560728
6615,0.147124
6617,0.029171
6620,0.00531337
6621,0.00386657
6624,0.0303423
6628,0.00471517
6630,0.0409002
6631,0.403799
6634,0.00430711
6635,0.0060063
6637,0.00679217
6638,0.00244842
6641,0.00270723
6642,0.00637932
6643,0.0046579
6647,0.00335417
6648,0.0815597
6649,0.0172847
6650,0.00888124
6652,0.0179321
6654,0.00172401
6657,0.00876798
6658,0.00245757
6659,0.0130394
6660,0.00144771
6661,0.0300993
6664,0.0129822
6669,0.00409742
6672,0.19474
6674,0.00161375
6679,0.109607
6684,0.000782301
6688,0.0197786
6689,0.00132625
6691,0.00750146
6693,0.0225115
6694,0.01282
6700,0.0138953
6701,0.0162196
6702,0.0184652
6704,0.0042114
6706,0.00116545
6710,0.0209869
6711,0.0340496
6713,0.00580019
6714,0.00659689
6715,0.00795502
6716,0.0128624
6724,0.0121417
6727,0.0128505
6729,0.207374
6731,0.00236712
6733,0.515685
6734,0.0145062
6735,0.0246262
6736,0.0889583
6737,0.00883481
6738,0.299689
6740,0.0081774
6742,0.0958166
6744,0.00586917
6746,0.0054877
6747,0.0177545
6749,0.00257601
6750,0.0137259
6753,0.00303221
6754,0.156029
6755,0.000139609
6756,0.0356882
6758,0.0214593
6759,0.0144472
6761,0.00139869
6762,0.00198212
6763,0.0454044
6766,0.000146565
6767,0.0056361
6770,0.995303
6775,0.0517521
6779,0.00430751
6780,0.0235913
6782,0.0631199
6783,0.00996874
6786,0.00117781
6787,0.0028026
6791,0.0301741
6793,0.116541
6796,0.000153443
6798,0.39062
6799,0.264188
6800,0.326031
6803,0.0171516
6806,0.00406478
6807,0.00303462
6810,0.0446303
6811,0.104633
6813,0.000970897
6817,0.0207776
6819,0.00283815
6822,0.0207822
6823,0.0134263
6824,0.113107
6825,0.000590953
6826,0.00546747
6827,0.114839
6830,0.018252
6834,0.0889005
6835,0.00178504
6836,0.000434903
6842,0.667913
6843,0.995038
6846,0.00107516
6847,0.00168684
6850,0.0337308
6855,0.00188665
6856,0.000616899
6857,0.10646
6858,0.00418906
6860,0.0189346
6861,0.0125466
6863,0.00726608
6868,0.00284401
6869,0.00119018
6871,0.0908544
6873,0.000379763
6874,0.00295479
6875,0.0278078
6879,0.00764238
6882,0.0226244
6883,0.00598107
6884,0.00144553
6886,0.00592724
6887,0.153369
6891,0.538117
6892,0.0677788
6893,0.00161137
6896,0.00235561
6898,0.0460407
6899,0.013666
6900,0.0464381
6904,0.00632381
6905,0.000855708
6906,0.00602581
6907,0.712344
6908,0.0669433
6910,0.166865
6912,0.0130459
6915,0.0061343
6916,0.0116772
6921,0.162957
6922,0.0264296
6927,0.033173
6928,0.00847249
6929,0.0183485
6930,0.0318172
6932,4.55108e-05
6933,0.0140039
6937,0.00544207
6939,0.000869628
6942,0.0191195
6943,0.00372133
6944,0.00184511
6945,0.00153195
6947,0.991261
6948,0.990119
6951,0.00974323
6952,0.00848906
6955,0.00337891
6956,0.000598634
6959,0.0551122
6962,0.0462037
6966,0.00346655
6967,0.028016
6968,0.00154397
6970,0.00295238
6971,0.0318346
6972,0.0170976
6973,0.00130159
6974,0.0627524
6976,0.0101889
6977,0.00157685
6978,0.00125607
6979,0.107981
6982,0.00451863
6983,0.0030311
6988,0.00701161
6993,0.00400793
6995,0.106375
6996,0.00363203
6998,0.0862467
6999,0.0235642
7001,0.0544454
7004,0.00170142
7007,0.00248787
7008,0.00296694
7011,0.00459536
7012,0.00447551
7013,0.0170798
7014,0.00270152
7016,0.0175011
7017,0.00401202
7018,0.0057332
7019,0.0345624
7022,0.00472903
7024,0.0429739
7029,0.0223772
7030,0.04334
7031,0.000431701
7032,0.00506168
7034,0.00159133
7037,0.0111269
7038,0.0407391
7039,0.0241369
7040,0.0148275
7042,0.233487
7044,0.00106341
7045,0.0127821
7046,0.0614089
7048,0.00319551
7054,0.0135666
7056,0.0167216
7059,0.0207767
7061,0.0119727
7062,0.0066036
7064,0.00528535
7065,0.102644
7066,0.00108479
7068,0.988879
7073,0.000884983
7076,0.199756
7077,0.00149279
7079,0.000875132
7081,0.0119012
7083,0.231992
7085,0.0111868
7086,0.00145007
7087,0.00130748
7088,0.0146744
7091,0.0603731
7093,0.000596391
7094,0.00153318
7095,0.00551482
7096,0.000614023
7098,0.00407891
7099,0.00213705
7105,0.242514
7108,0.00766971
7109,0.149438
7113,0.990264
7116,0.00617906
7117,0.00102152
7118,0.00177218
7120,0.000720591
7121,0.0768511
7125,0.00707674
7130,0.00186883
7131,0.0128474
7132,0.00105267
7137,0.0199091
7138,0.00308021
7142,0.0667447
7145,0.00131179
7147,0.0227835
7148,0.00223313
7149,0.0101178
7151,0.0431085
7156,0.0389246
7160,0.0207548
7161,0.000822372
7163,0.0450678
7165,0.00867915
7172,0.108256
7174,0.0117409
7175,0.0621596
7177,0.00113206
7181,0.0305156
7182,0.00924608
7184,0.00453735
7187,0.00490519
7189,0.000886886
7190,0.00044628
7197,0.00042291
7199,0.0107937
7201,0.00386604
7202,0.00182687
7203,0.00324625
7206,0.00198463
7209,0.00161276
7211,0.0838734
7212,0.047964
7213,0.00229189
7215,0.00985726
7217,0.00293465
7218,0.681753
7221,0.0027714
7223,0.00145293
7225,0.0018308
7226,0.00836188
7227,0.0805234
7229,0.00240968
7231,0.546247
7234,0.00342691
7235,0.00751428
7238,0.0218789
7239,0.0064592
7240,0.0179224
7245,0.000505445
7246,0.0211655
7248,0.00582809
7250,0.0247938
7251,0.0506905
7256,0.0528115
7257,0.569922
7258,0.00573989
7259,0.00906167
7264,0.0310759
7266,0.0375362
7267,0.00284723
7271,0.0133263
7274,0.930301
7276,0.000915183
7277,0.010232
7279,0.00195026
7280,0.00357019
7282,0.00240535
7283,0.00654099
7291,0.0650557
7295,0.00123025
7296,0.000525811
7298,0.0163675
7300,0.00168232
7302,0.000465282
7304,0.00652899
7305,0.00612816
7311,0.00284999
7315,0.000658916
7316,0.0294983
7319,0.0114416
7321,0.123827
7326,0.0304549
7328,0.111293
7331,0.0641498
7332,0.0152836
7333,0.0531296
7334,0.0597114
7336,0.0168418
7337,0.104937
7338,0.00319762
7339,0.000558747
7340,0.0146409
7341,0.00649184
7343,0.00153016
7344,0.00192026
7346,0.0735129
7347,0.0111821
7349,0.0122935
7351,0.272184
7352,0.00228097
7353,0.933124
7354,0.115862
7356,0.0333771
7360,0.248603
7364,0.704767
7365,0.0155082
7366,0.00283756
7367,0.0385879
7368,0.0079149
7372,0.00326103
7373,0.0015403
7374,0.106078
7376,0.011966
7380,0.0975348
7383,0.0361293
7384,0.013003
7385,0.00515606
7389,0.00549329
7392,0.0457551
7393,0.0240762
7395,0.183574
7396,0.000913512
7399,0.102591
7400,0.0402033
7403,0.00460698
7405,0.0251541
7406,0.221632
7410,0.00183037
7411,0.0150832
7417,0.0267093
7419,0.0431046
7421,0.00318658
7424,0.0206384
7425,0.00911759
7429,0.0036044
7430,0.0722845
7432,0.0153392
7434,0.00277008
7439,0.000945918
7441,0.0126519
7447,0.000859088
7448,0.0249283
7449,0.0981419
7451,0.183478
7452,0.357747
7453,0.0127965
7455,0.0560357
7456,0.00903314
7458,0.0031821
7459,0.00957232
7460,0.00714551
7461,0.219625
7463,0.0382046
7465,0.046203
7469,0.230194
7471,0.00107035
7472,0.0012076
7475,0.0265462
7477,0.0124276
7478,0.0431747
7479,0.00316398
7482,0.0135444
7483,0.00779062
7484,0.0307892
7485,0.0112287
7486,0.00107093
7487,0.00106199
7488,0.00986197
7489,0.00388808
7491,0.00251365
7492,0.0114907
7496,0.0382245
7501,0.0458871
7502,0.00126259
7503,0.0167742
7506,0.0026187
7507,0.117991
7508,0.00364566
7514,0.0271205
7520,0.0123613
7522,0.00406236
7526,0.00161989
7528,0.0102501
7529,0.00233531
7530,0.0239346
7535,0.00981891
7536,0.000361202
7537,0.0061322
7538,0.00682974
7540,0.0179853
7541,0.00452594
7544,0.032875
7545,0.123974
7546,0.00852767
7549,0.00202069
7550,0.0032531
7551,0.0277282
7554,0.0950552
7556,0.00634316
7557,0.0601284
7558,0.00110627
7559,0.014536
7564,0.0633794
7565,0.0055651
7566,0.00651012
7569,0.145724
7570,0.0188736
7571,0.158765
7572,0.0859263
7573,0.0102104
7574,0.0308372
7576,0.155313
7579,0.00792651
7580,0.0149113
7581,0.00981551
7584,0.00191659
7586,0.00299734
7588,0.0152252
7589,0.00108712
7591,0.0084998
7596,0.00739608
7598,0.0108656
7599,0.0155191
7602,0.00326678
7604,0.278292
7605,0.0217438
7609,0.00688533
7612,0.0105996
7615,0.00629826
7624,0.00100701
7626,0.00315684
7627,0.000807044
7628,0.00410648
7630,0.0171519
7636,0.0260284
7637,0.0141009
7640,0.00112942
7641,0.00169174
7642,0.00979396
7645,0.116108
7646,0.0709955
7650,0.00371457
7651,0.0100789
7652,0.0089042
7653,0.00292354
7656,0.00445513
7658,0.0125857
7659,0.00557027
7661,0.000706527
7662,0.00292691
7663,0.000218224
7664,0.257894
7665,0.596527
7666,0.0390778
7667,0.235967
7669,0.0243169
7671,0.00388501
7672,0.042397
7674,0.00524933
7675,0.00434982
7677,0.0531582
7678,0.0267205
7679,0.00341309
7680,0.00223492
7681,0.00479831
7686,0.00179588
7687,0.125992
7688,0.00342702
7690,0.000458502
7691,0.00395171
7694,0.00193564
7695,0.109258
7698,0.0859545
7699,0.000442442
7701,0.00511636
7702,0.00359649
7703,0.00409578
7704,0.00980079
7705,0.0630725
7711,0.203998
7715,0.0175045
7719,0.107999
7724,0.121285
7729,0.0107951
7732,0.168747
7734,0.0033109
7735,0.00261262
7736,0.0802493
7740,0.00143098
7743,0.00493239
7747,0.0181428
7748,0.00270131
7750,0.004172
7751,0.00536916
7752,0.00135236
7755,0.00123895
7756,0.00195504
7759,0.000498181
7760,0.022784
7762,0.00869483
7766,0.0425004
7767,0.00172887
7768,0.00291666
7769,0.00185608
7770,0.00144298
7772,0.0543639
7773,0.0145037
7774,0.0280609
7775,0.00139367
7776,0.427067
7779,0.0204712
7780,0.0408249
7781,0.123964
7782,0.0021309
7783,0.019749
7784,0.0107178
7785,0.0232505
7787,0.000251178
7791,0.00531903
7792,0.0123183
7800,0.122114
7806,0.167411
7808,0.00133949
7809,0.00422387
7813,0.00772811
7815,0.188296
7820,0.00405394
7821,0.326902
7828,0.0312052
7829,0.0162767
7830,0.0116807
7832,0.00134295
7834,0.019681
7835,0.00899567
7836,0.0270942
7843,0.00120054
7845,0.0197047
7846,0.0297738
7847,0.0449485
7848,0.0022134
7849,0.000636831
7851,0.0023888
7852,0.147032
7856,0.00207309
7857,0.0260542
7860,0.00450959
7862,0.00518952
7863,0.077478
7865,0.00620832
7866,0.00406752
7869,0.0417609
7872,0.0190361
7873,0.00540896
7875,0.00180705
7876,0.0005316
7877,0.00464173
7878,0.076993
7880,0.00395276
7882,0.0446715
7883,0.0478833
7887,0.000783163
7888,0.0135228
7890,0.0282244
7893,0.00986415
7895,0.00927915
7896,0.0114951
7898,0.0442546
7899,0.0111642
7900,0.0295496
7901,0.0293811
7902,0.0198809
7905,0.00708521
7909,0.00365451
7910,0.0197619
7912,0.0089398
7914,0.105088
7916,0.0567167
7918,0.000237043
7921,0.0718285
7922,0.0682617
7923,0.00382604
7924,0.00274766
7925,0.0191163
7926,0.0127569
7927,0.0504566
7929,0.00867171
7930,0.0103025
7931,0.00868777
7933,0.000226046
7934,0.00292035
7935,0.0133651
7938,0.0266679
7939,0.0511309
7943,0.0217946
7945,0.00176555
7948,0.163888
7949,0.0123885
7950,0.0123641
7952,0.00896777
7953,0.0993771
7958,0.00597655
7960,0.0104697
7961,0.055303
7962,0.0129282
7963,0.00418224
7964,0.106136
7965,0.0329161
7967,0.0126161
7968,0.021947
7969,0.0170627
7973,0.0222655
7974,0.00949548
7978,0.053415
7980,0.068678
7981,0.00647519
7985,0.464442
7987,0.000848441
7990,0.00401387
7991,0.121119
7992,0.0609784
7994,0.0538785
7995,0.0199429
7996,0.00469785
7997,0.324629
7999,0.2433
8000,0.00530672
8001,0.00427433
8002,0.00874224
8004,0.00200652
8013,0.00382532
8017,0.0128373
8018,0.00261156
8020,0.00604021
8022,0.0302212
8023,0.00397721
8024,0.00255643
8025,0.00298751
8026,0.0598719
8029,0.00177966
8032,0.0567088
8035,0.00420665
8041,0.188964
8042,0.00492047
8044,0.017564
8046,0.00388688
8047,0.00880834
8048,0.00428955
8051,0.0186224
8052,0.0727764
8053,0.241444
8055,0.00267669
8056,0.00774315
8059,0.000545639
8060,0.00191422
8062,0.00176085
8064,0.00196965
8065,0.00694953
8066,0.010989
8067,0.00324092
8068,0.00478174
8069,8.11805e-05
8070,0.00596421
8073,0.000927075
8074,0.00227544
8076,0.00169957
8077,0.00134697
8078,0.0728673
8079,0.0565786
8080,0.00484471
8081,0.0153878
8083,0.017417
8088,0.112519
8089,0.0160032
8090,0.000750691
8091,0.00273004
8096,0.0190101
8103,0.00298696
8104,0.0183593
8106,0.287298
8107,0.0134194
8109,0.00703649
8111,0.423875
8112,0.231891
8113,0.347323
8115,0.000890593
8116,0.00142812
8119,0.00204301
8120,0.568918
8121,0.0661128
8122,0.000469466
8123,0.0219798
8124,9.23219e-05
8126,0.0131484
8127,0.0020563
8128,0.00301224
8129,0.00111667
8130,0.284511
8134,0.67584
8136,0.00568679
8139,0.0190062
8140,0.00561627
8141,0.00458498
8142,0.00590276
8144,0.001864
8145,0.00838643
8148,0.00154634
8151,0.00412473
8156,0.509179
8157,0.104303
8160,0.00136151
8162,0.0386378
8164,0.97977
8168,0.272365
8169,0.000717551
8170,0.301774
8172,0.102908
8173,0.000916375
8175,0.00236111
8177,0.00401831
8179,0.0144733
8181,0.362546
8184,0.00238894
8186,0.00600817
8193,0.0188965
8207,0.00380551
8208,0.00072674
8209,0.000879504
8211,0.00398343
8214,0.00598415
8234,0.471042
8235,0.008887
8236,0.000862814
8237,0.240533
8243,0.00840997
8248,0.172712
8252,0.277555
8253,0.00665488
8256,0.0132979
8263,0.0182112
8267,0.0334716
8268,0.0115698
8269,0.00576837
8273,0.252536
8276,0.00165793
8280,0.00162614
8288,0.00574666
8302,0.00977236
8304,0.413225
8314,0.000477838
8319,0.0111125
8327,0.977286
8330,0.973046
8334,0.98481
8336,0.985717
8337,0.983242
8340,0.980059
8341,0.971689
8343,0.974959
8344,0.975803
8345,0.00445296
8347,0.104874
8350,0.00364288
8353,0.981811
8354,0.984588
8355,0.97978
8357,0.98101
8359,0.776276
8360,0.98215
8369,0.97563
8371,0.974101
8372,0.973971
8373,0.9783
8376,0.970676
8377,0.968846
8384,0.00120935
8385,0.00301803
8387,0.00110292
8389,0.9808
8398,0.0012151
8412,0.0196782
8413,0.816653
8423,0.00260277
8424,0.00914035
8430,0.788262
8431,0.728537
8436,0.852938
8438,0.908284
8439,0.898802
8444,0.000338809
8445,0.0736323
8447,0.0399154
8449,0.0118256
8457,0.00121735
8458,0.271084
8459,0.0211451
8462,0.00466039
8467,0.00489062
8471,0.000487296
8475,0.052527
8476,0.160928
8477,0.00440823
8479,0.012031
8482,0.00230309
8484,0.109706
8486,0.333889
8488,0.316539
8489,0.0946835
8492,0.000989013
8494,0.00134468
8508,0.00769693
8509,0.0125466
8513,0.486738
8516,0.00388048
8521,0.348224
8523,0.0206628
8526,0.0838938
8527,0.0269119
8529,0.139532
8531,0.0186117
8533,0.419929
8534,0.741372
8540,0.111966
8543,0.0133621
8544,0.0118152
8545,0.00513122
8546,0.000202587
8552,0.00101129
8555,0.0364022
8559,0.178096
8561,0.00300042
8573,0.00841946
8576,0.545426
8587,0.0031559
8591,0.00563914
8595,0.000911749
8600,0.00127441
8612,0.871451
8614,0.823043
8615,0.856468
8619,0.00238223
8623,0.592809
8631,0.00383437
8643,0.567174
8648,0.498831
8649,0.0125219
8651,0.601761
8654,0.000715805
8657,0.00568358
8689,0.553632
8691,0.0554787
8717,0.499654
8721,0.488137
8731,0.0188714
8732,0.00491558
8741,0.00303133
8749,0.0153208
8762,0.0029076
8765,0.146957
8766,0.0332042
8767,0.00175276
8768,0.760028
8769,0.770221
8770,0.780485
8772,0.79079
8776,0.815433
8778,0.825046
8782,0.834583
8783,0.848154
8784,0.00135714
8786,0.00545426
8789,0.00147383
8792,0.011673
8795,0.000893289
8799,0.00359163
8800,0.007934
8805,0.0589375
8815,0.400635
8826,0.0095426
8828,0.404748
8829,0.214776
8833,0.24803
8850,0.367276
8875,0.335938
8877,0.312533
8878,0.411092
8879,0.364749
8883,0.00834934
8884,0.424394
8885,0.273794
8887,0.417753
8888,0.255928
8889,0.284106
8894,0.28658
8896,0.232253
8898,0.355182
8899,0.337809
8902,0.0463342
8903,0.0205834
8909,0.000495312
8913,0.102766
8921,0.00659599
8923,0.00637115
8928,0.997363
8929,0.996562
8931,0.996836
8935,0.996904
8936,0.00564221
8937,0.996687
8940,0.0607549
8941,0.000840403
8942,0.996812
8943,0.99694
8944,0.997619
8947,0.0052297
8949,0.99676
8953,0.655458
8956,0.997704
8968,0.570795
8971,0.617249
8974,0.586136
8975,0.61597
8976,0.654767
8977,0.584879
8979,0.00348078
8980,0.00298316
8981,0.997549
8983,0.997285
8984,0.996836
8987,0.996869
8988,0.996582
8989,0.660649
8990,0.646495
8991,0.192839
8992,0.0115693
8998,0.579836
8999,0.60064
9000,0.581357
9002,0.996814
9005,0.00745596
9008,0.997055
9012,0.996458
9013,0.996269
9014,0.996571
9015,0.996221
9016,0.996669
9017,0.996198
9018,0.996637
9019,0.996168
9020,0.996186
9022,0.00204043
9023,0.995662
9024,0.00121539
9025,0.00397788
9033,0.00366193
9037,0.995711
9038,0.995915
9040,0.995792
9041,0.995903
9046,0.00214657
9048,0.000981678
9051,0.996453
9053,0.0606874
9070,0.042218
9075,0.00127782
9078,0.0439246
9079,0.072172
9083,0.99666
9084,0.9971
9087,0.995891
9088,0.996167
9093,0.0521993
9105,0.00275079
9108,0.0069468
9110,0.0282431
9116,0.0335189
9118,0.995333
9120,0.57282
9125,0.00306173
9126,0.996512
9128,0.996962
9129,0.99778
9135,0.490316
9140,0.0642365
9141,0.0105309
9147,0.233896
9153,0.00554565
9156,0.0211563
9159,0.0727586
9161,0.00836077
9163,0.335026
9165,0.442935
9172,0.164634
9175,0.19864
9179,0.207173
9183,0.996941
9185,0.149592
9186,0.077446
9188,0.00153092
9191,0.218252
9192,0.104723
9193,0.997766
9196,0.996714
9199,0.996561
9200,0.996864
9202,0.996907
9204,0.0495111
9208,0.00670045
9225,0.0193383
9230,0.00122769
9232,0.126508
9234,0.00915712
9236,0.00142164
9237,0.11855
9244,0.997172
9245,0.997119
9250,0.997604
9251,0.000642339
9258,0.997725
9259,0.00509303
9265,0.996969
9269,0.996753
9273,0.445448
9274,0.479851
9275,0.430999
9276,0.497475
9277,0.409889
9278,0.497912
9280,0.997402
9282,0.997128
9283,0.997718
9298,0.989989
9299,0.991261
9301,0.0807831
9304,0.729076
9305,0.988991
9308,0.990246
9310,0.991311
9311,0.990538
9313,0.0609263
9317,0.986736
9318,0.988632
9321,0.98832
9322,0.994044
9323,0.982366
9325,0.980695
9327,0.128802
9328,0.533621
9330,0.491011
9331,0.451018
9333,0.776736
9334,0.977515
9335,0.49027
9337,0.446431
9343,0.972711
9344,0.446632
9348,0.472603
9352,0.968199
9353,0.969257
9357,0.467966
9362,0.0151053
9365,0.977392
9367,0.973725
9371,0.198815
9372,0.961697
9375,0.961318
9377,0.964581
9378,0.954192
9380,0.946198
9381,0.949543
9382,0.770973
9383,0.768618
9386,0.768069
9387,0.774665
9388,0.950137
9390,0.948819
9393,0.953824
9395,0.948634
9396,0.948374
9397,0.947128
9399,0.947574
9401,0.936123
9402,0.817228
9405,0.852254
9407,0.931124
9409,0.927969
9410,0.94909
9412,0.949496
9413,0.944714
9414,0.950914
9415,0.952622
9416,0.9546
9417,0.960761
9418,0.95573
9420,0.000141988
9423,0.0305198
