1,0.00246872
2,0.000541753
3,0.00126811
5,0.0738424
6,0.019409
10,0.00776846
14,0.00554036
15,0.00028395
16,0.0112351
19,0.0110772
20,0.00402646
24,0.00427512
25,0.00145678
28,0.00117701
29,0.0112897
32,0.0149228
37,0.142571
38,0.00111724
40,0.0605116
41,0.0536329
44,0.0085668
45,0.00943737
47,8.01859e-06
49,0.00361484
51,0.0152456
52,0.00269491
54,0.0045764
55,0.0753029
60,0.00631465
61,0.223334
63,0.0160947
64,0.0156269
68,0.00673032
70,0.00697607
75,0.00789069
76,0.0176695
78,0.00510635
82,0.0181121
85,0.0514294
86,0.0139854
87,0.000690019
88,0.101385
93,0.0439871
94,0.0932476
99,0.00226974
103,0.0107991
106,0.00374569
107,0.0076062
108,0.150499
109,0.00293615
110,0.0500669
116,0.0026502
119,0.00281187
121,0.00235494
123,0.0253313
124,0.10879
128,0.0806943
132,0.0105837
133,0.0289755
138,0.00286374
141,0.000278484
143,0.00608128
144,0.029609
145,0.000660671
148,0.146834
150,0.0100421
151,0.210612
154,0.00170608
155,0.00454117
157,4.25853e-05
158,0.00880643
159,0.00292407
161,0.0599541
163,0.00370573
166,0.000944292
167,0.00555905
169,0.0201207
170,0.102061
173,0.000849707
174,0.0257574
177,0.164422
178,0.0170636
179,0.0973452
180,0.0562927
182,0.000281263
183,0.00600421
184,0.0522314
185,0.000641843
188,0.00993152
190,0.00831239
194,0.00254519
195,0.00891976
201,0.043534
202,0.972798
204,0.00741767
207,0.00350521
208,0.0374029
210,0.00273204
212,0.0113153
213,0.000369075
214,0.00245424
219,0.000254407
222,0.000669329
223,0.0288465
225,0.0667371
228,0.00332934
229,0.00193844
232,0.00344461
237,0.001859
238,0.000370697
240,0.00945859
241,0.0213213
246,0.00158222
247,0.0508497
248,0.0149622
249,0.000848135
250,0.00126898
251,0.00144693
253,0.0405399
255,0.0203645
257,0.128399
259,0.00234112
263,0.00215638
265,0.561138
270,0.00548835
272,0.011728
279,0.00502757
282,0.00547088
284,0.0588415
285,0.0385866
286,0.0278078
288,0.0123898
290,0.00183053
291,0.0775732
292,0.0258703
294,0.00131551
298,0.0376012
300,0.181202
302,0.00267122
304,0.0475933
306,0.00193003
308,0.0156234
314,0.0494357
316,0.133694
319,0.00329229
320,0.00628769
323,0.00701322
324,0.0144812
326,0.00821521
329,0.460054
337,0.000760322
340,6.1016e-05
342,0.16967
346,0.00402869
347,0.0024191
348,0.0671776
349,0.127292
350,0.00084199
352,0.00344277
353,0.012639
356,0.00211603
357,0.00501542
360,0.0547484
365,0.199125
376,0.0399259
377,0.00408703
379,0.00193848
382,0.000239754
385,0.00810046
390,0.0283398
391,0.00571563
396,0.00908031
401,0.00133784
402,0.0149497
403,0.00441494
404,0.0397079
406,0.00809579
409,0.00943126
411,0.00122874
413,0.0161526
415,0.00172384
416,0.0224636
417,0.00327386
420,0.0129076
421,0.0267384
423,0.0034271
424,0.0130105
434,0.156222
435,0.0182402
436,0.00832493
438,0.0367677
439,0.0931088
445,0.0408297
446,0.112471
447,0.00473723
449,0.00110869
450,0.00567471
455,0.00924767
457,0.00508415
459,0.00618846
460,0.0214353
461,0.00191629
462,0.018443
464,0.018641
465,0.0615143
468,0.0247478
469,0.00351664
471,0.00894973
475,0.00472446
476,0.00446783
479,0.0210306
480,0.00115395
482,0.00862737
483,0.00817594
484,0.0264389
489,0.00894126
490,0.00990221
491,0.00450279
492,0.000675852
493,0.012269
496,0.00523654
498,0.000433276
501,0.00201581
503,0.0220877
506,0.00870895
507,0.0471656
510,0.000598773
514,0.0053682
515,0.0713376
518,0.0077499
520,0.00023967
521,0.00212211
524,0.00186934
525,0.227454
526,0.112297
528,0.00452065
530,0.00349303
533,0.00351029
536,0.000705313
538,0.0105248
539,0.0508896
541,0.00363388
542,0.0703758
543,0.0538369
545,0.0153462
550,0.00329458
552,0.00423717
553,0.609105
554,0.0236701
556,0.218422
560,0.0294825
562,0.00428463
563,0.00338848
567,0.047957
568,0.00217112
571,0.0244986
573,0.000925893
579,0.00799156
586,0.0200132
587,0.0579831
588,0.0562324
590,0.00397117
591,0.054878
592,0.0136735
594,0.0294714
595,0.0281016
596,0.035117
598,0.326048
602,0.00173194
605,0.0322843
608,0.0124895
609,0.00123141
615,0.000977334
616,0.00715981
618,0.019488
619,0.0272177
621,0.247592
622,0.0738647
623,0.000795157
624,0.033922
626,0.00277222
628,0.00600765
632,0.00532436
634,0.0111717
637,0.255141
640,0.00143739
641,0.0379333
643,0.000410154
645,0.0107162
646,0.00527672
647,0.000646512
653,0.254212
654,0.0212355
655,0.0815231
666,0.00825008
667,0.0708344
669,0.0544673
670,0.0284309
671,0.000772944
674,0.275665
677,0.0142176
678,0.00056236
679,0.000749434
680,0.000297406
681,0.304022
686,0.0133749
687,0.0170402
688,0.020894
689,0.00269282
693,0.00455558
694,0.00484847
695,0.00377655
697,0.000939478
699,0.0289203
700,0.0462504
701,0.0174963
702,0.0300387
703,0.00732099
704,0.000334056
706,0.0184573
708,0.00316966
710,0.00382555
712,0.00343107
715,0.00373472
720,0.00411622
723,0.00153629
725,0.00181784
726,0.050445
729,0.0668199
731,0.0106638
732,0.0034774
733,0.000874913
735,0.0101454
736,0.000231021
737,0.242089
741,0.0228117
742,0.00186225
745,0.328282
746,0.00506804
748,0.0860156
751,0.00366121
752,0.144903
754,0.000254518
757,0.244156
760,0.00352532
762,0.000543036
765,0.545287
768,0.780639
769,0.000226042
774,0.00799223
777,0.00400837
779,0.00490409
780,0.016794
781,0.00893637
782,0.0533625
784,0.774655
786,0.0237002
788,0.398734
789,0.0210158
790,0.0147818
793,0.000797094
795,0.164881
796,0.00208135
798,0.00101652
800,0.0587753
801,0.00662663
803,0.0471708
807,0.703904
808,0.00555796
810,0.00855635
813,0.00658672
814,0.0580469
815,0.335668
825,0.00158826
826,0.000730114
827,0.00804932
830,0.00881697
831,0.00464385
833,0.00460974
836,0.0812482
838,0.0213988
841,0.0287015
844,0.00853946
847,0.00234889
848,0.000404374
849,0.0092474
850,0.0163858
851,0.00944937
852,0.00694278
853,0.181123
854,0.0405787
860,0.00503381
862,8.68692e-05
863,0.118657
865,0.00104635
867,0.0182585
868,0.0065193
870,0.00496896
871,0.0978561
873,0.0344456
877,0.00020288
880,0.00497776
883,0.032181
884,0.00237323
885,0.0432195
887,0.000223641
888,1.1447e-05
889,0.0061285
891,0.0421889
892,0.00903578
897,0.0266113
898,0.0666948
900,0.219583
901,0.00476929
902,0.0234229
903,0.00253042
905,0.00353038
908,0.00252578
912,0.00158701
913,0.0996936
916,0.00384314
917,0.0067599
921,0.0496133
924,0.00116281
925,0.346865
927,0.0125807
928,0.00185909
929,0.00141241
930,0.0279478
931,0.000144333
932,0.051119
934,0.00209586
935,0.0242348
936,0.00126729
937,0.0262758
940,0.0125231
942,0.0709055
944,0.00111461
947,0.00384351
949,0.0154642
950,0.0463341
952,0.000437729
954,0.019025
956,0.0341916
958,0.202296
959,0.000278254
961,0.00546775
962,0.00059293
963,0.0325505
964,0.00195008
965,0.0450132
966,0.0180993
967,0.0958854
969,0.001604
972,0.312175
973,0.00342389
976,0.00259537
977,0.0584835
978,0.0551129
980,0.0269067
981,0.309644
982,0.000795217
984,0.0457645
985,0.000271555
987,0.232391
990,0.798541
991,0.00100464
993,0.000974697
995,0.00402465
996,0.021754
997,0.0110245
998,0.0482987
1000,0.0135879
1001,0.0761188
1006,0.00244274
1007,0.0444962
1009,0.967347
1011,0.0150387
1016,0.00149371
1017,0.0703973
1019,0.0315908
1021,0.00521419
1023,0.00105206
1024,0.0208326
1025,0.0308466
1026,0.090677
1027,0.000581102
1028,0.0169882
1029,0.0208649
1032,0.344817
1037,0.494186
1039,0.00132716
1040,0.012079
1041,0.010533
1043,0.0298682
1045,0.121251
1046,0.00890893
1047,0.00981267
1049,0.0523386
1051,0.000822258
1052,0.0521549
1053,0.0424563
1054,0.00426038
1056,0.000822192
1062,0.013764
1063,0.00415234
1068,0.00385831
1069,0.0814367
1071,0.00262212
1075,0.00408982
1077,0.00888372
1078,0.429225
1079,0.00985886
1081,0.0185047
1083,0.0891379
1084,0.00867112
1085,0.00281856
1086,0.00784495
1088,0.00773208
1090,0.0584647
1091,0.00762958
1092,0.0182013
1095,0.00531782
1096,0.0077014
1097,0.00199792
1098,0.010557
1099,0.00918084
1100,0.00167106
1102,0.00627991
1103,0.0252837
1104,0.00681919
1105,0.00256942
1106,0.0671751
1108,0.0220001
1110,0.00120186
1114,0.0068212
1115,0.0283629
1116,0.00961397
1118,0.00174641
1120,0.1598
1121,0.0410519
1122,0.0410378
1126,0.0168382
1127,0.0415297
1129,0.00137554
1130,0.00583214
1131,0.00441058
1132,0.0424718
1134,0.0154098
1139,0.196073
1140,0.051866
1147,0.0089512
1148,0.00952294
1150,0.0247916
1152,0.000613833
1154,0.355349
1157,0.00103298
1158,0.0153412
1159,0.00919129
1160,0.0037096
1161,0.00886136
1164,0.00774557
1169,0.000732483
1172,0.014285
1174,0.00612131
1176,0.00342668
1177,0.113987
1181,0.0114307
1182,0.101018
1186,0.00232263
1189,0.0120051
1190,0.0140071
1194,0.00420078
1200,0.00500409
1203,0.0751187
1204,0.0712451
1211,0.0527967
1212,0.000881404
1214,0.00156004
1215,0.0306245
1218,0.0416506
1219,0.00516783
1221,0.000407438
1222,0.00174321
1223,0.00718966
1227,0.0724045
1229,0.00160587
1230,0.406071
1236,0.00232281
1238,0.00338234
1240,0.00812389
1245,0.00223307
1246,0.000254033
1250,0.112558
1252,0.00683852
1253,0.0341621
1258,0.00458111
1260,0.109094
1262,0.005568
1269,0.00134856
1271,0.0110436
1272,0.0116887
1273,0.0117857
1274,0.00312943
1275,0.0322923
1276,0.186692
1277,0.00598532
1279,0.00958646
1280,0.0251013
1281,0.00714315
1282,0.0221847
1284,4.32352e-06
1285,0.016645
1286,0.00330758
1288,0.0653128
1291,0.00276618
1292,3.06553e-05
1293,0.557242
1295,0.0800428
1296,0.00178319
1297,0.0211904
1299,0.00163482
1301,0.00974046
1302,0.000205755
1303,0.0806224
1308,0.000567126
1310,0.00183611
1312,0.0684177
1313,0.158778
1314,0.00158356
1315,0.117207
1316,0.0186395
1317,0.0320649
1322,0.111505
1323,0.00645407
1326,0.0010241
1328,0.0758757
1331,0.0179787
1333,0.357027
1334,0.000655595
1337,0.0291352
1338,0.00356636
1342,0.00231726
1344,0.00154693
1346,0.00232578
1352,0.0329512
1354,0.00515714
1355,0.00307211
1358,0.0532799
1360,0.00683532
1363,0.00507608
1364,0.00221111
1365,0.000683103
1366,0.00117201
1367,0.0756157
1369,0.209305
1371,0.00285215
1372,0.00511827
1373,0.00215943
1378,0.00375764
1380,0.120073
1381,0.00400588
1383,0.0029963
1384,0.00590654
1386,0.00223162
1387,0.00732635
1388,0.0662014
1390,0.957357
1391,0.0138931
1392,0.00372624
1397,0.00732526
1399,0.0421859
1400,0.00723677
1403,0.0147744
1405,0.288077
1408,0.0148219
1409,0.00213063
1410,0.0641267
1411,0.00160736
1412,2.67737e-05
1415,0.00420868
1416,0.348535
1417,0.0112643
1420,0.00483414
1424,0.0761598
1425,0.543818
1426,0.00452173
1427,0.132155
1428,0.000794344
1429,0.00335992
1433,0.00122453
1434,0.0106265
1436,0.00468182
1438,0.0971442
1440,0.00562606
1441,0.0326536
1442,0.00380704
1443,0.00296297
1447,0.0153068
1450,0.00434935
1452,0.00478504
1455,0.000666462
1461,0.00130876
1462,0.140963
1463,0.00684859
1468,0.00685923
1469,0.010108
1470,0.00191898
1471,0.00233472
1473,0.00039285
1475,0.145662
1476,0.072976
1478,0.0453621
1479,0.0656179
1480,0.00244312
1484,0.0541104
1485,0.0255573
1486,0.00560007
1490,0.00635278
1492,0.00415505
1493,0.00324141
1494,0.0292587
1495,0.00133645
1500,0.00666949
1502,0.00855078
1503,0.00119905
1504,0.00453926
1506,0.00427719
1510,0.270694
1511,0.0631393
1513,0.0826841
1514,0.101856
1517,0.0037279
1519,0.0110325
1522,0.0106222
1523,0.0373927
1527,0.0719321
1528,0.112342
1530,1.49945e-06
1531,0.00504167
1533,0.00763984
1535,0.616082
1536,0.0048184
1537,0.773088
1538,0.0104938
1539,0.00356469
1540,0.00294568
1541,0.737349
1542,0.71774
1543,0.032698
1545,0.00710605
1547,0.6826
1549,0.758617
1550,0.772286
1551,0.785286
1552,0.761976
1558,0.78531
1564,0.00647296
1566,0.0113549
1567,0.000224714
1568,0.00948388
1570,0.00766386
1573,0.0350553
1575,0.00373517
1576,0.0745819
1577,0.0379263
1580,0.665512
1583,0.788938
1585,0.532028
1586,0.559065
1588,0.00302459
1590,0.550469
1593,0.457929
1594,0.394474
1595,0.485783
1597,0.570753
1598,0.520656
1599,0.602446
1601,0.00231621
1604,0.000639845
1605,0.0816025
1607,0.139331
1608,0.0792783
1611,0.000178592
1613,0.0588631
1614,0.551637
1615,0.000387827
1616,0.00401601
1618,0.000673445
1621,0.000811488
1624,0.120965
1626,0.00390749
1628,0.0027717
1629,0.137563
1630,0.00090593
1632,0.00138849
1633,0.0340222
1634,0.00838414
1636,0.094602
1640,0.00518861
1641,0.00217164
1647,0.000147934
1648,0.0347236
1649,0.963195
1654,0.967712
1658,0.970184
1659,0.971806
1660,0.971402
1662,0.0187592
1664,0.00599456
1665,0.00631824
1666,0.00179336
1667,0.963823
1669,0.970772
1670,0.970435
1671,0.977502
1674,0.974407
1675,0.978677
1677,0.978399
1678,0.968379
1679,0.975336
1682,0.103236
1683,0.00172945
1684,0.001851
1686,0.00659655
1687,0.0103272
1688,0.0711955
1690,0.0634577
1693,0.00565034
1694,0.00473392
1695,0.971624
1697,0.968974
1698,0.00337045
1699,0.964565
1702,0.0477648
1703,0.953169
1704,0.972015
1705,0.00144773
1706,0.00560729
1708,0.00299955
1711,0.00369571
1712,0.125768
1714,0.0206986
1715,0.00203799
1716,0.0606813
1717,0.00250275
1718,0.000604108
1719,0.974677
1720,0.977783
1724,0.00259135
1725,0.26796
1726,0.018772
1731,0.000601225
1732,0.00197302
1736,0.00176345
1737,0.0844249
1740,0.00104511
1741,0.00150913
1743,0.0506349
1745,0.966792
1748,0.0620932
1751,0.0118824
1752,0.105275
1754,0.00260931
1755,0.0603728
1756,0.0132948
1757,0.392952
1758,0.0203183
1759,0.095415
1761,0.00341739
1762,0.00689289
1763,0.0475376
1764,0.0018616
1765,0.000649232
1767,0.0524761
1768,0.00902125
1773,0.0129724
1777,0.401172
1779,0.304162
1781,0.325462
1783,0.452496
1784,0.501262
1785,0.00779201
1787,0.0780254
1789,0.327265
1790,0.284426
1792,0.354856
1794,0.276704
1795,0.33846
1796,0.349154
1797,0.349439
1802,0.427144
1803,0.285003
1804,0.105426
1805,0.175169
1806,0.179832
1808,0.213571
1814,0.00156743
1816,0.00392147
1817,0.00201872
1822,0.0212598
1825,0.00645571
1832,0.00174658
1835,0.175201
1838,0.225979
1843,0.0293021
1847,0.0250332
1848,0.0346353
1851,0.17785
1852,0.00101352
1853,8.62733e-05
1854,0.0117912
1855,0.000811921
1859,0.00141371
1864,0.015045
1865,0.00047081
1869,0.22356
1870,0.014936
1873,0.113325
1875,0.131799
1877,0.418151
1878,0.29551
1880,0.0580532
1882,0.394023
1883,0.346581
1885,0.00327423
1886,0.00158155
1888,0.0106439
1893,0.959943
1894,0.975159
1895,0.00479752
1902,0.00671604
1903,0.000431455
1904,0.000399539
1908,0.0128278
1909,0.00598159
1910,0.00823878
1912,0.00440512
1913,0.0924923
1919,0.00284105
1920,0.00312638
1924,0.00468925
1925,0.184686
1928,0.708121
1929,0.681411
1935,0.721512
1936,0.00221533
1937,0.015153
1941,0.0191804
1943,0.030465
1944,0.122138
1945,0.00161266
1947,0.300085
1950,0.0036726
1951,0.00203181
1955,0.00986887
1960,0.0405286
1963,0.059556
1965,0.0512309
1972,0.0289854
1984,0.342509
1985,0.00063962
1988,0.00487783
1989,0.408471
1991,0.0181141
1992,0.0192246
1995,0.0864051
1996,0.0320154
1999,0.00736374
2000,0.0151246
2001,0.0105279
2003,0.00525999
2005,0.348226
2009,0.39881
2011,0.000918276
2013,0.233224
2015,0.000377077
2018,0.00464483
2019,0.000755175
2021,0.00330568
2023,0.0874667
2026,0.00559962
2029,0.00204457
2030,0.00772837
2031,0.00109429
2032,0.00367738
2035,0.247678
2037,0.00033873
2038,0.00013748
2039,0.00275076
2040,0.00286317
2041,0.0404027
2044,0.00573685
2046,0.00761678
2047,0.00210445
2049,0.00341151
2050,0.175255
2051,0.00971473
2052,0.00623041
2053,0.0155006
2055,0.00545424
2056,0.0293509
2063,0.00867944
2068,0.000479387
2069,0.00391318
2070,0.18034
2072,0.00186234
2075,0.00995341
2080,0.00856281
2082,0.00551387
2086,0.399525
2088,0.00740178
2089,0.00890172
2090,0.00249995
2091,0.00323156
2092,0.00813258
2094,0.00889072
2095,0.00417909
2096,0.0167693
2097,0.11023
2098,0.0222353
2100,0.729165
2103,0.00270887
2104,0.160189
2105,0.0225569
2106,0.0462535
2108,0.00850087
2109,0.00393083
2111,0.019219
2112,0.00404413
2114,0.00219845
2115,0.000641517
2117,0.000786916
2118,0.128782
2120,0.992677
2121,0.994165
2122,0.993383
2124,0.994318
2125,0.993473
2127,0.993072
2128,0.993793
2129,0.991755
2131,0.992099
2132,0.00417789
2133,0.0261299
2134,0.0970753
2136,0.000872501
2142,0.0830698
2143,0.974158
2144,0.975519
2145,0.970103
2146,0.133714
2147,0.964703
2148,0.961749
2152,0.964332
2155,0.948955
2156,0.965693
2158,0.00771585
2165,0.982614
2166,0.982908
2175,0.0877905
2176,0.0120176
2177,0.000737371
2178,0.950793
2182,0.00562795
2183,0.00124412
2187,0.00471597
2188,0.00242979
2189,0.0040753
2190,0.000563364
2194,0.001196
2195,0.00223957
2197,0.0707724
2199,0.00234388
2200,0.341182
2205,0.195518
2210,0.335655
2211,0.249852
2213,0.251229
2214,0.265141
2215,0.216934
2218,0.165421
2219,0.152088
2221,0.030033
2223,0.00210899
2224,0.0275893
2225,0.112844
2226,0.27531
2227,0.00648039
2230,0.00172728
2231,0.0663197
2232,1.56871e-05
2233,0.00587515
2234,0.0304313
2235,0.00179474
2236,0.000952519
2237,0.215288
2241,0.0909853
2242,0.00336054
2243,0.00259701
2244,0.0011071
2250,0.188514
2251,0.00725102
2252,0.00255142
2256,0.00845363
2260,0.00344321
2261,0.00166826
2262,0.0107728
2265,0.00117916
2267,0.00209897
2268,0.198681
2284,0.0175297
2285,0.0167447
2288,0.00898559
2293,0.149727
2297,0.00221013
2298,0.0905907
2299,0.00112665
2300,0.0344237
2302,0.0104425
2307,0.0231821
2308,0.00276175
2309,0.0112033
2317,0.000657413
2320,0.00148262
2321,0.00963576
2322,0.301831
2326,0.00477444
2330,0.0143113
2332,0.0286881
2334,0.297951
2336,0.00465598
2337,0.0227875
2338,0.0609148
2339,0.0276539
2340,0.000802146
2345,0.171913
2346,0.02442
2350,0.00139583
2351,0.0152097
2353,0.00161043
2354,0.0142797
2357,0.00514315
2359,0.00843522
2360,0.00398292
2362,0.00846931
2363,0.000932694
2366,0.0950756
2373,0.00188584
2375,0.52518
2378,0.0187305
2379,0.00802202
2381,0.0131394
2384,0.0343926
2385,0.146261
2386,0.100958
2391,2.79269e-05
2393,0.0182157
2395,0.00156858
2396,0.252866
2399,0.00306316
2402,0.969734
2403,0.000139819
2404,0.953688
2410,0.946807
2411,0.958192
2412,0.947697
2414,0.00535712
2415,0.967706
2416,0.953202
2418,0.943457
2419,0.971141
2421,0.0244778
2422,0.0133119
2423,0.00315699
2424,0.269318
2426,0.0854978
2428,0.0121403
2429,0.0094398
2431,0.00257002
2432,0.0147529
2438,0.00536048
2441,0.00862075
2442,0.0663984
2444,0.016498
2445,0.183003
2446,0.0106992
2449,0.0497756
2450,0.0357284
2451,0.00152345
2452,0.00185134
2455,0.000379702
2459,0.00263571
2460,0.148413
2463,0.00285349
2465,0.00207745
2468,0.00811761
2469,0.00094331
2474,0.00242201
2478,0.0595699
2480,0.00446979
2483,0.962263
2486,0.00272381
2487,0.0308251
2488,0.00068882
2491,0.000258629
2492,0.146474
2496,0.0443675
2497,0.030517
2499,0.150487
2501,0.0134878
2502,0.0238765
2504,0.295656
2505,0.0171267
2506,0.018229
2507,0.0146733
2509,0.968705
2511,0.965501
2512,0.966727
2514,0.00198316
2515,0.000168212
2519,0.00140608
2521,0.000604014
2522,0.00743414
2525,0.000402275
2529,0.00504763
2531,0.151687
2533,0.0071271
2535,0.16837
2537,0.00283262
2541,0.968131
2543,0.973471
2544,0.00277575
2546,0.000205649
2549,0.0261474
2551,0.00764198
2554,0.0219994
2558,0.1481
2561,0.00719426
2562,0.000863998
2563,0.0303769
2564,0.00905353
2565,0.00635231
2567,0.011942
2568,0.00148549
2570,0.00174645
2572,0.000803341
2573,0.000637695
2574,0.00674817
2577,0.00497664
2580,0.0452071
2583,0.266524
2584,0.276289
2585,0.32548
2589,0.0207353
2596,0.0219007
2599,0.0079184
2600,0.0201806
2602,0.0299321
2603,0.019337
2605,0.168968
2606,0.10246
2607,0.0452567
2608,0.00373265
2609,0.0492278
2610,0.00517384
2612,0.00112414
2614,0.00392875
2615,0.00272492
2616,0.08986
2617,0.00251879
2621,0.00225523
2623,0.000103909
2624,0.00120414
2626,0.0467529
2634,0.413271
2635,0.00874295
2636,0.0038061
2637,0.104267
2638,0.0716194
2639,0.00616653
2642,0.00250991
2643,0.00600739
2648,0.0241617
2650,0.00735314
2652,0.00190905
2653,0.0732667
2654,0.00192113
2660,0.00413073
2662,0.000229445
2665,0.00322879
2667,0.270859
2668,0.311612
2671,0.215708
2673,0.0195757
2675,0.0440566
2678,0.000742012
2679,0.00727159
2684,0.0763462
2686,0.00303969
2688,0.08757
2689,0.0133877
2692,0.00345335
2693,0.316307
2697,0.00526956
2698,0.0629788
2700,0.136766
2704,0.000377402
2705,0.00243995
2706,0.0368051
2713,0.0096575
2718,0.95904
2720,0.962114
2721,0.958768
2727,0.0356944
2728,0.951902
2729,0.941952
2735,0.00723803
2736,0.0429082
2737,0.777772
2738,0.160814
2739,0.00161539
2740,0.360532
2741,0.119161
2742,0.0125228
2744,0.666803
2746,0.743845
2748,0.736428
2750,0.702656
2751,0.73369
2752,0.798702
2758,0.715646
2759,0.750246
2760,0.698803
2763,0.819365
2765,0.735861
2767,0.757032
2768,0.790121
2769,0.00698335
2771,0.953171
2775,0.934781
2776,0.93786
2778,0.944559
2779,0.957571
2782,0.0445231
2783,0.00177946
2784,0.000825598
2785,0.00216224
2786,0.00167529
2788,0.00299571
2791,0.00457735
2793,0.0707367
2796,0.0274745
2797,0.367455
2803,0.00316184
2804,0.010994
2807,0.00397648
2808,0.00414988
2810,0.00908548
2811,0.012199
2817,0.00172626
2818,0.0259277
2820,0.0678184
2821,0.113288
2822,0.117409
2823,0.295904
2824,0.0822556
2825,0.0132009
2832,0.321149
2833,0.0154963
2835,0.0123613
2836,0.100662
2837,0.0179269
2838,0.00325508
2842,0.00414118
2843,0.00908852
2849,0.449896
2850,0.0572497
2851,0.000653973
2852,0.00461665
2855,0.0031051
2858,0.00953427
2861,0.000542581
2862,0.00150023
2866,0.000726299
2868,0.00818941
2869,0.00391732
2871,0.0124453
2872,0.0009175
2874,0.00481555
2875,0.00718398
2876,0.00240461
2879,0.00224439
2884,0.14033
2885,0.195483
2886,0.00264266
2889,0.000777295
2890,0.000637044
2891,0.00450736
2894,0.00227506
2897,0.243276
2899,0.0181627
2901,0.00462372
2902,0.456388
2903,0.00284324
2906,0.00600891
2907,0.00493565
2908,0.00734046
2910,0.00189687
2911,0.000795375
2914,0.00870928
2918,0.00629415
2921,0.616706
2923,0.0192666
2927,0.00212626
2928,0.154784
2930,0.0528518
2934,0.00187977
2935,0.0520104
2939,0.00091709
2940,0.0110113
2941,0.00469763
2942,0.0184725
2943,0.00327844
2944,0.00180482
2945,0.00515166
2946,0.00166728
2947,0.00230534
2949,0.302998
2954,0.391713
2955,0.083349
2956,0.023663
2958,0.00195348
2961,0.139919
2962,0.208427
2963,0.155721
2966,0.0918426
2967,0.125552
2968,0.0909822
2969,0.116694
2970,0.0860849
2971,0.0694202
2976,0.0552517
2978,0.141631
2981,0.0473717
2982,0.00255318
2984,0.0810415
2985,0.00514211
2986,0.00723572
2987,0.00349126
2990,0.0158165
2993,0.0497241
2995,0.0857291
2999,0.256032
3000,0.00650889
3001,0.154149
3005,0.000985093
3006,0.0468049
3007,0.00176072
3008,0.0076867
3009,0.0152116
3012,0.013639
3013,0.203741
3016,0.110906
3017,0.000271783
3018,0.011142
3019,0.163334
3020,0.0104347
3021,0.000849879
3022,0.000646083
3024,0.00449816
3025,0.000838939
3026,0.00167589
3029,0.00781935
3031,0.00632866
3032,0.00735944
3034,0.130214
3039,0.0754036
3041,0.0245019
3042,0.0315225
3044,0.00345291
3046,0.00336201
3047,0.0383621
3049,0.0723323
3050,0.00147598
3051,0.00383953
3052,0.00322848
3056,0.00183137
3061,0.00713166
3062,0.00746105
3063,0.0897266
3064,6.11405e-06
3065,0.0423079
3066,0.0050847
3067,0.00472921
3075,0.0748508
3077,0.0388128
3078,0.00167488
3079,0.00150522
3080,0.00618495
3081,0.0127425
3082,0.00019409
3083,0.0372534
3085,0.0358711
3086,0.00285658
3088,0.00219722
3091,0.00121955
3092,3.06916e-06
3093,0.00131091
3096,0.00118615
3098,0.0100015
3099,0.0014313
3101,0.0261636
3105,0.00013119
3107,0.0603152
3108,0.0568137
3112,0.00406102
3113,0.76528
3116,0.00137428
3117,0.000210115
3121,0.00933344
3122,0.000999055
3123,0.0381047
3127,0.0028009
3130,0.00806936
3131,0.446212
3133,0.00201145
3137,0.308639
3138,0.0172172
3140,0.00103327
3141,0.00237014
3145,0.00234289
3148,0.0199254
3150,0.00821286
3152,0.00524346
3153,0.11925
3154,0.00985467
3155,0.0464955
3157,0.0241012
3158,0.000767741
3159,0.00609182
3160,0.0264606
3161,0.00749015
3162,0.0068226
3164,0.00432863
3166,0.0242387
3167,0.0022742
3169,0.000209246
3175,0.0118485
3177,0.00382736
3182,0.0157928
3184,0.106793
3185,0.0927691
3186,0.030853
3187,0.0659292
3189,0.0562087
3191,0.00591071
3195,0.0212724
3197,0.0027164
3199,0.000617266
3205,0.234676
3207,2.60116e-05
3211,0.21352
3213,0.000385382
3215,0.207019
3217,0.000428475
3218,0.0371237
3219,0.0551276
3225,0.0513597
3228,0.00101012
3231,0.000181802
3234,0.00809307
3235,0.249433
3236,0.000879185
3242,0.0270676
3243,0.00133193
3245,0.0438774
3246,0.0093516
3249,0.754781
3250,0.773167
3251,0.687317
3253,0.760187
3254,0.001098
3255,0.750711
3257,0.0333018
3258,0.0411694
3259,0.0212984
3262,0.00821831
3266,0.0959592
3269,0.0552379
3270,0.10701
3271,0.0555309
3273,0.00774165
3275,0.00126552
3277,0.0103335
3278,0.00532481
3281,0.0143289
3282,0.198226
3285,0.00873849
3286,0.0250678
3287,0.000734278
3289,0.00441264
3291,0.00759908
3293,0.00714788
3301,0.110288
3302,0.00342233
3309,0.00540117
3310,0.000283038
3313,0.0158668
3314,0.00258769
3315,0.32315
3323,0.00427267
3324,0.00862357
3327,0.00221008
3331,0.00531951
3335,0.000523184
3336,0.000556021
3338,0.00213375
3340,0.000355196
3341,0.383428
3351,1.15669e-05
3353,0.0492484
3354,0.000483267
3356,0.0153426
3357,0.0229172
3359,0.0272795
3360,0.749289
3364,0.727252
3365,0.470202
3368,0.00882627
3370,0.00518999
3371,0.00905421
3373,0.00371402
3377,0.000741772
3378,0.0031925
3380,0.022611
3381,0.0203336
3382,0.0596019
3385,0.00415509
3390,0.0167685
3393,0.00208746
3395,0.0133872
3402,0.00542501
3403,0.00184182
3407,0.00596357
3408,0.0170616
3409,0.000962346
3410,0.00195327
3412,0.00220808
3413,0.0374108
3414,0.00523446
3425,0.00286384
3429,0.00867202
3430,0.00249125
3432,0.00284219
3433,0.029302
3434,0.0031271
3455,0.00106116
3456,0.0080829
3458,0.0377761
3462,0.00290308
3466,0.0394914
3469,0.00573537
3472,0.00154824
3474,0.00149653
3494,0.0108911
3495,0.0232613
3496,0.00701079
3497,0.0268337
3498,0.0311035
3499,0.0310861
3500,0.00180086
3501,0.16697
3513,0.00536614
3515,0.00782492
3516,0.0847531
3519,0.0824124
3527,0.00771301
3528,0.825348
3530,0.779005
3531,0.783055
3533,0.118577
3535,0.750403
3536,0.801891
3539,0.738208
3540,0.820612
3547,0.739594
3550,0.811896
3551,0.803664
3552,0.815504
3553,0.815932
3554,0.0174377
3556,0.0781953
3585,0.0234211
3587,0.00986459
3590,0.115936
3591,0.0158441
3592,0.00110814
3593,0.0166162
3597,0.000508666
3603,0.00123738
3604,0.00059482
3609,0.00334008
3610,0.00138037
3611,0.0021236
3612,0.0163826
3615,0.000636545
3616,0.0206019
3622,0.0166196
3623,0.0539186
3625,0.0250069
3626,0.120198
3629,0.0119339
3630,0.00198131
3631,0.00129217
3632,0.00629601
3634,0.00182022
3638,0.00348481
3641,0.209291
3642,0.00400845
3645,0.0354011
3646,0.00420076
3648,0.0101268
3651,0.000870678
3654,0.011785
3656,0.0023245
3657,0.0604166
3658,0.000174071
3659,0.245126
3661,0.29876
3662,0.00399056
3664,0.991668
3667,0.987605
3669,0.985926
3673,0.984229
3674,0.979813
3675,0.979806
3677,0.977143
3679,0.97654
3681,0.96605
3682,0.977427
3687,0.0056364
3689,0.53788
3691,0.00389219
3692,0.106892
3693,0.00459887
3696,0.0098095
3697,0.0828189
3701,0.553082
3702,0.000836456
3703,0.0271945
3704,0.189273
3705,0.0132857
3709,0.00653975
3710,0.0264721
3711,0.028449
3712,0.00155201
3713,0.00416558
3714,0.0103839
3717,0.0261978
3718,0.00499946
3720,0.0689332
3721,0.00137347
3722,0.000662565
3723,0.00403125
3754,0.000112054
3756,0.000891718
3757,0.000453473
3759,0.100912
3762,0.0041434
3764,0.0675555
3765,0.000900497
3773,0.00364064
3774,0.00845963
3775,0.0181715
3776,0.0154892
3777,0.0651737
3779,0.00696389
3782,0.0619827
3786,0.0137961
3787,0.000846532
3793,0.0935852
3796,0.0842439
3798,0.0167827
3799,0.255869
3800,0.217757
3801,0.220189
3802,0.154857
3805,0.215379
3806,0.142675
3808,0.203911
3809,0.0680607
3810,0.00171609
3812,0.0316092
3813,0.00270543
3820,0.0142382
3821,0.00071602
3825,0.0451221
3828,0.0160798
3832,0.000810392
3839,0.00892965
3840,0.000810085
3843,0.290735
3844,0.00060427
3846,0.00611513
3847,0.0415259
3849,0.108722
3851,0.00394347
3852,0.0145167
3853,0.00047732
3855,0.538028
3858,0.602512
3863,0.00321849
3866,0.0191986
3867,0.15015
3871,0.382103
3873,0.00144217
3874,0.000517113
3877,0.000598857
3879,0.00496419
3880,0.000434471
3882,0.0174232
3883,0.0533649
3885,0.00348445
3888,0.00691638
3891,0.350384
3897,0.00847363
3900,0.00518116
3901,0.002449
3902,0.0329932
3903,0.00752216
3904,0.000736016
3907,1.87928e-05
3909,0.000956612
3914,0.000309369
3915,0.0018378
3917,0.00990006
3921,0.00160451
3922,0.00151642
3923,0.00349282
3929,0.0062153
3931,0.026322
3934,0.608546
3935,0.576869
3936,0.602656
3937,0.616176
3939,0.568839
3941,0.000694536
3944,0.095579
3956,0.000606219
3957,0.0023936
3960,0.00101974
3961,0.0211178
3963,0.00729511
3969,0.00421005
3971,0.0106962
3972,0.0150217
3976,0.00229537
3978,0.0846436
3979,0.00101847
3980,0.0221571
3986,0.00102424
3988,0.00205188
3989,0.00294517
3990,0.00893975
3997,0.0299667
3999,0.00347453
4000,0.000811088
4001,0.00119962
4002,0.016111
4003,0.0973481
4004,0.0399019
4006,0.0100565
4014,0.0223116
4018,0.00607635
4019,0.00198981
4020,0.000632346
4021,0.0046892
4022,0.00646234
4023,0.000708487
4024,0.0112545
4031,0.0172714
4033,0.0154333
4035,0.0260667
4038,0.00837768
4039,0.00651676
4041,0.00696922
4043,0.0688161
4044,0.173568
4046,0.00471375
4047,0.00169778
4050,0.00348413
4053,0.0555576
4054,0.00353471
4056,0.0154523
4058,0.00535766
4067,0.80173
4068,0.73505
4069,0.715441
4076,0.00335545
4081,0.00300963
4082,0.162798
4083,0.00106932
4089,0.00467087
4090,0.0823659
4092,0.00333253
4093,0.00172246
4094,0.0369367
4097,0.00620241
4100,0.00541818
4101,0.830023
4102,0.704814
4104,0.81754
4105,0.799855
4108,0.748583
4110,0.818666
4111,0.79303
4112,0.840962
4117,0.772946
4121,0.954713
4122,0.0136229
4123,0.809818
4125,0.836985
4126,0.78903
4127,0.798221
4128,0.769124
4131,0.79774
4136,0.958684
4137,0.963153
4138,0.944452
4139,0.941474
4141,0.941719
4151,0.941893
4152,0.948588
4153,0.952115
4154,0.951243
4157,0.94017
4161,0.972366
4163,0.953929
4164,0.949665
4168,0.943322
4169,0.947884
4170,0.935394
4171,0.937765
4172,0.939666
4173,0.962755
4176,0.964284
4180,0.961299
4181,0.966281
4182,0.967137
4184,0.059836
4185,0.00769129
4188,0.00819429
4199,0.00148004
4200,0.00394517
4202,0.00164074
4205,0.0285635
4208,0.0239583
4209,0.00708418
4210,0.0453726
4211,0.000516372
4215,0.0137733
4216,0.387489
4220,0.000390729
4221,0.00141438
4224,0.0124225
4225,0.00885178
4228,0.00261303
4229,0.00327632
4231,0.0123349
4232,0.000195452
4233,0.00194853
4236,0.00364327
4239,0.00112651
4240,0.015809
4242,0.0127262
4244,0.0327404
4245,0.00133783
4246,0.0360033
4249,0.284224
4250,0.860008
4254,0.84411
4255,0.0171058
4258,0.826882
4261,0.866864
4263,0.860058
4264,0.840068
4265,0.850437
4267,0.827291
4269,0.855153
4270,0.825989
4274,0.86701
4276,0.0263434
4279,0.00695913
4281,0.0134062
4283,0.993573
4284,0.996057
4286,0.00525043
4289,0.0746135
4293,0.0849579
4294,0.00094682
4296,0.00227484
4297,0.0403655
4301,0.0019915
4306,0.000638594
4308,0.000789863
4310,0.0444077
4312,0.0286415
4313,0.0112008
4315,0.00697641
4319,0.669659
4320,0.624597
4325,0.00843381
4328,0.00264622
4335,0.00753369
4338,0.176682
4340,0.0113806
4341,0.0201256
4342,0.000415116
4344,0.110308
4348,0.915679
4351,0.884126
4355,0.895369
4356,0.890271
4359,0.893668
4360,0.0165637
4363,0.890221
4365,0.901196
4366,0.91097
4368,0.88206
4370,0.891929
4372,0.840503
4373,0.835001
4375,0.858016
4377,0.836385
4378,0.82241
4380,0.815222
4381,0.862949
4383,0.758619
4384,0.783837
4386,0.812521
4390,0.0005194
4394,0.00550593
4395,0.0545272
4396,0.00480617
4397,0.676666
4398,0.036809
4401,0.00440152
4404,0.00204093
4406,0.00101388
4407,0.00129078
4409,0.000950524
4410,0.00222066
4411,0.0172196
4412,0.00229371
4414,0.000641695
4421,0.0199878
4423,0.00145773
4424,0.110808
4426,0.0389905
4427,0.0321459
4434,0.000568055
4435,0.00542311
4437,0.0012472
4439,0.179841
4446,0.194408
4448,0.026198
4450,0.0230283
4461,0.653574
4462,0.00107977
4463,0.375415
4464,0.0242133
4465,0.0190334
4466,0.00858211
4467,0.00954482
4468,0.251208
4474,0.608772
4476,0.653235
4477,0.669001
4478,0.633764
4484,0.00206926
4485,0.01551
4496,0.994178
4499,0.0245983
4500,0.00117692
4502,0.00626447
4506,0.643293
4507,0.634582
4512,0.696715
4513,0.749926
4516,0.793126
4519,0.83269
4521,0.818212
4527,0.903652
4528,0.831196
4529,0.89597
4533,0.864332
4534,0.831545
4535,0.864539
4536,0.88242
4537,0.934771
4538,0.930239
4539,0.927912
4541,0.87986
4547,0.923815
4550,0.959564
4551,0.947656
4555,0.956917
4556,0.94881
4562,0.632208
4563,0.224073
4564,0.00126395
4568,0.00145708
4574,0.0110255
4575,0.000729705
4579,0.0192428
4588,0.00386028
4602,0.000159672
4605,0.0044686
4607,0.980175
4608,0.00540844
4611,0.329318
4614,0.484584
4615,0.00109879
4617,0.0109133
4619,0.00636946
4620,0.00232469
4623,0.00199274
4625,0.000116917
4626,0.00524088
4629,0.0440203
4630,0.0858893
4631,0.000542507
4641,0.0270951
4651,0.000122852
4654,0.00154578
4656,0.02382
4660,0.0139086
4662,0.537107
4665,0.976636
4666,0.978613
4667,0.979876
4670,0.969055
4671,0.0216298
4672,0.0279284
4673,0.00652024
4674,0.158206
4675,0.0012792
4676,0.00115071
4677,0.00105781
4678,0.000651525
4682,0.000734429
4686,0.000454419
4689,0.0121937
4696,0.00296088
4698,0.00183027
4701,0.0166239
4702,0.0151812
4704,0.00783737
4707,0.668201
4711,0.000406124
4712,0.000110496
4715,0.0105245
4718,0.00481164
4721,0.0163435
4727,0.0023326
4728,0.0583296
4731,0.0143496
4735,0.00286677
4736,0.0469967
4740,0.239058
4743,0.00167636
4745,0.0484551
4747,0.00114861
4751,0.0153296
4752,0.0123873
4755,0.00786132
4757,0.00329183
4758,0.012276
4761,0.00539254
4762,0.00524061
4767,0.01432
4768,0.00340594
4769,0.000337661
4770,0.0175386
4782,0.00710686
4783,0.0443676
4785,0.0411016
4786,0.000657762
4789,0.00196638
4792,8.42508e-05
4805,0.00131784
4807,0.065243
4808,0.000498336
4811,0.01522
4813,0.00622153
4815,0.000848199
4816,0.0115709
4821,0.000407618
4823,0.294265
4826,0.0533667
4829,0.0157282
4835,0.0516806
4836,0.30713
4838,0.00100447
4847,0.0185803
4850,0.00435679
4852,0.00245396
4853,0.0604872
4855,0.000576784
4858,0.00985477
4860,0.461027
4862,0.997181
4865,0.997238
4867,0.0200161
4869,0.000621719
4870,0.0624011
4876,0.0118412
4877,0.00305639
4882,0.00115915
4885,0.145822
4886,0.00300057
4888,0.0559271
4895,0.00222533
4897,0.0238973
4898,0.00390272
4899,0.00261049
4900,0.00367653
4904,0.140386
4905,0.0186217
4907,0.0636201
4909,0.0029706
4910,0.0193269
4911,0.997235
4912,0.996632
4915,0.0138075
4916,0.0118552
4917,0.300928
4919,0.160156
4922,0.000923619
4925,0.0713666
4928,0.00207379
4929,0.0556395
4931,0.00272387
4933,0.0817178
4935,0.000593282
4936,0.00560461
4937,0.000473704
4939,0.0100909
4940,0.00266727
4941,0.00299055
4942,0.00641441
4944,0.130698
4946,0.122524
4947,0.0935439
4948,0.400715
4954,0.0154434
4955,0.0534316
4957,0.00644799
4958,0.000184879
4962,0.00414519
4963,0.176571
4966,0.287669
4967,0.0207972
4969,0.0189988
4970,0.0551779
4971,0.00613864
4974,0.00701513
4979,0.00251802
4980,0.0565402
4982,0.00648434
4987,0.04106
4990,0.0147653
4991,0.00758547
4992,0.0048073
4993,0.0238262
4994,0.0223813
4995,0.0634586
4997,0.0447764
4999,0.0137067
5000,0.00386449
5001,0.154065
5002,0.029771
5005,0.000383548
5010,0.0507506
5011,0.0164705
5014,0.0167442
5015,0.00707334
5016,0.00773461
5017,0.0111043
5018,0.00156345
5019,0.00511277
5020,0.00270104
5021,0.00908524
5022,0.00771696
5023,0.218467
5024,0.00102221
5025,0.000933308
5026,0.00589406
5027,0.0454555
5028,0.00686445
5030,0.0246514
5031,0.00174302
5032,0.00283652
5033,0.00271862
5034,0.0693564
5039,0.0291254
5040,0.0146825
5041,0.084394
5042,0.00935615
5045,0.019313
5046,0.00131518
5049,0.00463888
5050,0.0408712
5054,0.00286043
5057,0.00588447
5060,0.0105404
5061,0.0119204
5063,0.996669
5064,0.997395
5065,0.997054
5068,0.08376
5070,0.199258
5071,0.997394
5076,0.00396413
5077,0.00445564
5079,0.111542
5080,0.0157683
5083,0.00424323
5085,0.35625
5087,0.00940739
5089,0.00847811
5090,0.354628
5091,0.143603
5095,0.00784919
5097,0.0738072
5098,0.136466
5101,0.00356985
5102,0.0833028
5103,0.00275244
5105,0.332319
5109,0.014984
5112,0.0022889
5115,0.0585556
5121,0.993407
5122,0.0118685
5123,0.0175083
5126,0.000880364
5127,0.0183997
5130,0.997668
5131,0.000391781
5137,0.179174
5139,0.294655
5141,0.230005
5143,0.190238
5144,0.00102891
5146,0.179335
5148,0.157767
5149,0.214917
5151,0.150474
5154,0.00449532
5156,0.0190456
5157,0.082876
5159,0.020116
5160,0.270101
5166,0.000851656
5169,0.00250094
5170,0.0445739
5172,0.0106891
5174,0.177405
5177,0.000549943
5179,0.0410573
5182,0.00119805
5183,0.130339
5187,0.0022216
5188,0.0150396
5190,0.998331
5192,0.0489549
5195,0.99752
5200,0.0224964
5201,0.134557
5202,0.000642833
5203,0.00408423
5205,0.00337347
5206,0.11385
5207,0.0112174
5217,0.0165051
5218,8.61538e-05
5220,0.0076221
5221,0.0930481
5224,0.0014557
5225,0.997515
5227,0.00458244
5229,0.0039142
5230,0.0312618
5232,0.132669
5233,0.0154629
5235,0.00237419
5236,0.0102716
5239,0.00342173
5241,0.300482
5242,0.00294819
5244,0.0231609
5246,0.0429474
5247,0.0650158
5250,0.000597417
5251,0.997791
5252,0.997299
5255,0.000977337
5256,0.00350621
5257,0.00106326
5260,0.0658553
5261,0.0381521
5262,0.0241839
5264,0.0287122
5267,0.00202282
5268,0.00152479
5270,0.00819748
5273,0.0539159
5275,0.0003936
5277,0.0577393
5279,0.0244203
5282,0.159935
5287,0.0107119
5290,0.000517437
5291,0.205528
5293,0.0030723
5297,0.231042
5298,0.035302
5299,0.0180141
5300,0.0146463
5302,0.0136391
5305,0.00450082
5311,0.00961403
5312,0.000186161
5313,0.0490993
5314,0.0362206
5315,0.0260648
5316,0.00659787
5319,0.00773339
5321,0.00213616
5323,0.00927352
5326,0.0149652
5327,0.000731193
5328,0.00224967
5329,0.0359099
5331,0.00154722
5334,0.19111
5335,0.0231404
5337,0.052
5340,0.00334352
5342,0.0139658
5344,0.00197665
5345,0.0493926
5346,0.0683399
5348,0.00138821
5349,0.0455297
5351,0.0941046
5353,0.00806265
5354,7.76317e-05
5357,0.0019107
5359,0.0011569
5362,0.209586
5363,0.00454742
5364,0.00129038
5366,0.118142
5369,0.00613906
5371,0.00497522
5372,0.00791588
5382,0.0748016
5384,0.00156261
5385,0.0445554
5388,0.0184194
5389,0.0314391
5390,0.0719502
5391,0.00511122
5392,0.0108203
5393,0.00851728
5396,0.997728
5398,0.997864
5399,0.998241
5401,0.997829
5402,0.998165
5406,0.997785
5409,0.0749231
5422,0.0175249
5424,0.0171974
5427,0.00572283
5428,0.0259961
5431,0.997772
5433,0.00164914
5434,0.00173741
5435,0.00402751
5438,0.00496555
5439,0.00615562
5444,0.000988908
5445,0.06722
5446,0.0253012
5448,0.0157799
5450,0.00164868
5453,0.039497
5455,0.0568459
5457,0.00198631
5459,0.0436143
5461,0.015595
5463,0.00856449
5464,0.0054815
5465,0.0243242
5467,0.0523707
5469,0.0250677
5470,0.0589568
5471,0.0179183
5472,0.0223862
5473,0.00168713
5475,0.00101065
5478,0.0208373
5479,0.000888106
5480,0.0151525
5484,0.00268556
5486,7.79964e-06
5487,0.00507289
5489,0.0378178
5492,0.0260041
5494,0.0136759
5495,0.00260043
5501,0.000750609
5502,0.00176617
5503,0.000790138
5507,0.00490162
5508,0.00079531
5511,0.0304885
5515,0.00173002
5519,0.00663253
5522,0.000985506
5524,0.00151945
5525,0.020015
5527,0.00160065
5531,0.00615267
5533,0.0260071
5534,0.0641334
5535,0.0158409
5536,0.000919259
5543,0.0390456
5545,0.00638267
5547,0.00349117
5548,0.0220369
5549,0.00251988
5550,0.016432
5551,0.000936649
5552,0.00237815
5553,0.00640525
5554,0.00143851
5556,0.0923826
5557,0.150933
5559,0.000701506
5560,0.00729942
5561,0.00682976
5562,0.00543903
5563,0.0253555
5567,0.00473009
5571,0.00162756
5575,0.342674
5582,0.0968172
5585,0.997896
5588,0.420735
5593,0.0029459
5594,0.000677982
5595,0.00676413
5596,0.0100378
5597,0.0114119
5598,0.0018107
5607,0.0116323
5610,0.0220854
5612,0.00167048
5619,0.0738716
5622,0.0164737
5624,0.00449834
5625,0.0322232
5626,0.00153651
5628,0.0531735
5630,0.00684107
5631,0.0653136
5636,0.079424
5637,0.71675
5638,0.0120913
5639,0.00638167
5642,0.0446457
5645,0.0156028
5646,0.00895283
5647,0.0227838
5650,0.00698852
5652,0.163304
5653,0.0527453
5654,0.0576733
5655,0.0498197
5658,0.00878391
5659,0.00188452
5660,0.0113628
5661,0.00442047
5664,0.0168805
5665,0.0163986
5667,0.0199093
5669,0.00270074
5670,0.267185
5672,0.0275806
5673,0.0121776
5675,0.00106183
5676,3.1281e-05
5677,0.0215661
5679,0.0674657
5680,0.0111352
5685,0.00414493
5686,0.00770256
5687,7.41781e-05
5692,0.0888372
5693,0.00421563
5695,0.795936
5699,0.00206018
5700,0.000412122
5701,0.0531121
5707,0.0402012
5708,0.0217933
5714,0.000586688
5716,0.0666869
5717,0.00152062
5718,0.000849354
5720,0.0080226
5725,0.0820532
5726,0.0033614
5728,0.00597774
5730,0.0631527
5731,0.000325945
5732,0.00960135
5734,0.00114262
5735,0.00881952
5736,0.0169099
5740,0.00194377
5758,0.0342946
5767,0.125091
5769,0.00182079
5771,0.00850622
5774,0.00115891
5775,0.0023997
5776,0.0153801
5777,0.000695058
5778,0.0285111
5782,0.0611233
5784,0.00537527
5786,0.170452
5791,0.00074309
5794,0.000586133
5795,0.0848299
5797,0.00144139
5802,0.00750277
5803,0.99678
5804,0.00481123
5810,0.995949
5812,0.00779447
5815,0.993355
5816,0.994241
5821,0.00397164
5827,0.0107994
5828,0.000791288
5833,0.0352734
5836,0.215758
5839,0.0111033
5845,0.0731461
5850,0.0413724
5852,0.000790031
5853,0.00174363
5856,0.039116
5858,0.00389707
5863,0.00582807
5867,0.041005
5870,0.0046872
5876,0.0106905
5877,0.0241551
5879,0.0221659
5880,0.0149427
5881,0.00513476
5883,0.0449388
5884,0.190854
5885,0.00370512
5886,0.00346452
5891,0.0568057
5892,0.00589007
5893,0.0211286
5894,0.00595931
5895,0.00102041
5900,0.163751
5905,0.0481684
5906,0.0167015
5912,0.00231862
5913,0.000671892
5919,0.0231511
5920,0.000187162
5922,0.000402793
5923,0.0839626
5928,0.00177812
5929,0.0149178
5930,0.00175617
5932,0.0148687
5935,0.000368071
5936,0.00773675
5939,0.0211662
5940,0.00627361
5942,0.0026633
5944,0.16525
5945,0.00061029
5946,0.16044
5947,0.000682614
5948,0.0155492
5954,0.00305506
5955,0.0912807
5956,0.0311485
5958,0.138661
5961,0.00511136
5962,0.000214267
5963,0.0303896
5965,0.00903904
5972,0.00103093
5974,0.0307124
5977,0.00118774
5980,0.00307569
5982,0.000932543
5983,0.0559863
5984,0.0505986
5985,0.0059292
5987,0.00443554
5988,0.000336411
5989,0.00135472
5991,0.448152
5994,0.00324368
5996,0.256701
5997,0.00817529
5998,0.0174671
5999,0.00223129
6000,3.93844e-05
6003,0.00517724
6007,0.00188013
6009,0.0345025
6012,0.0267566
6013,0.00617505
6015,0.0114993
6016,0.00262135
6018,0.0147131
6019,0.303972
6023,0.996324
6024,0.996887
6025,0.99557
6026,0.000384451
6027,0.0347331
6029,0.00169805
6032,0.0219117
6033,0.00198359
6037,0.021787
6039,0.0106524
6040,0.00403388
6047,0.029798
6048,0.0241876
6050,0.0354609
6051,0.994572
6052,0.121732
6059,0.0175108
6060,0.016329
6061,0.0293534
6063,0.726076
6067,0.0125565
6069,0.0422864
6073,0.00219902
6075,0.000185167
6076,0.0093557
6079,0.00117127
6082,0.121007
6084,0.0519997
6087,0.00220302
6089,0.0488339
6091,0.0139761
6094,0.0177961
6095,0.00571653
6096,0.012958
6098,0.0477809
6100,0.017243
6101,0.996736
6103,0.994161
6104,0.00193982
6105,0.994947
6106,0.0136126
6107,0.0171017
6108,0.00757184
6109,0.0777366
6110,0.0319229
6111,0.00195937
6112,0.00299304
6115,0.00920551
6120,0.0023143
6121,0.0562742
6123,0.0078107
6125,0.0640436
6126,0.00584291
6127,0.00632873
6129,0.0346571
6133,0.0902996
6134,0.034859
6135,0.0380452
6138,0.0079311
6141,0.0105348
6142,0.0601989
6146,0.00313475
6148,0.0162306
6153,0.00578071
6154,0.0499201
6155,0.00389069
6156,0.971299
6157,0.0102035
6158,0.000776115
6159,0.0111707
6160,0.00481963
6161,0.000607003
6163,0.00912882
6165,0.0352857
6167,0.127541
6168,0.00487428
6169,0.0412638
6172,0.00747147
6176,0.0952282
6177,0.00114536
6178,0.00221832
6180,0.00903697
6183,0.00096249
6188,0.0375959
6189,0.00282086
6190,0.0759822
6191,0.00152658
6196,0.00162176
6197,0.0450522
6203,0.00487333
6207,0.258885
6208,0.00103093
6211,0.0117804
6213,0.00386068
6214,0.00960608
6217,0.0182571
6218,0.0233729
6219,0.000992928
6223,0.093686
6227,0.00302118
6229,0.0141932
6231,0.00665867
6236,0.000481494
6238,0.0738018
6239,0.00400817
6240,0.00277599
6242,0.00132072
6245,0.000858568
6249,0.0407297
6250,0.00206617
6251,0.0533972
6253,0.00922144
6254,0.0118449
6256,0.0122755
6260,0.0786759
6261,0.027076
6263,0.995506
6264,0.994271
6268,0.00333901
6270,0.00145927
6272,0.00779095
6276,0.00176958
6277,0.0918379
6278,0.143738
6279,0.0346778
6285,0.00492379
6286,0.000810032
6287,0.000615636
6289,0.000884758
6290,0.00279305
6291,0.104434
6292,0.0078723
6294,0.137261
6295,0.00304154
6296,0.0107201
6297,0.0945376
6298,0.0178481
6301,0.0106967
6302,0.00322512
6303,0.00275943
6305,0.0274033
6306,0.0212091
6309,0.00164762
6310,0.0146571
6313,0.00504346
6317,0.00225417
6319,0.0984627
6320,0.147308
6321,0.0110686
6326,0.00254106
6329,0.00411441
6330,0.00806862
6331,0.024316
6334,0.00737068
6335,0.0204553
6336,0.321915
6338,0.018412
6339,0.193984
6340,0.0841941
6341,0.0123836
6342,0.00396888
6345,0.000840984
6348,0.0476981
6356,0.0355323
6358,0.0104447
6359,0.108083
6362,0.0305443
6364,0.0101566
6365,0.00883329
6366,0.00330307
6371,0.0194521
6373,0.109741
6377,0.0369125
6379,0.000617723
6380,0.00932767
6383,0.00388867
6386,0.111556
6389,0.475279
6390,0.00145969
6393,0.00319406
6394,0.000943823
6395,0.185692
6396,0.204474
6397,0.152483
6399,0.104263
6400,0.00501219
6401,0.05516
6405,0.00196128
6407,0.197752
6409,0.0111603
6411,0.0446404
6413,0.0204827
6414,0.00143875
6416,0.0716434
6417,0.00204517
6420,0.0029594
6421,0.000760591
6435,0.019135
6436,0.00357644
6438,0.0111777
6439,0.00368161
6441,0.0363879
6443,0.004967
6444,0.0111255
6445,0.000194582
6446,0.00679871
6447,0.00322287
6451,0.000926611
6452,0.00143743
6455,0.00128772
6457,0.00853263
6458,0.401525
6459,0.0813738
6462,0.00646179
6466,0.00636688
6467,0.0110193
6468,0.0101751
6471,0.0409589
6474,0.0015561
6475,0.00263133
6476,0.0986316
6478,0.00309454
6480,0.0015279
6483,0.0918457
6484,0.00418483
6485,0.0321779
6487,0.135139
6490,0.0172839
6494,0.00349539
6499,0.0656226
6500,0.0620451
6501,0.0011337
6502,0.0617106
6503,0.0613667
6504,0.0263831
6505,0.0035301
6507,0.00388464
6509,0.0141931
6511,0.00279957
6513,0.00739119
6515,0.0212523
6516,0.0624232
6517,0.124516
6520,0.052171
6523,0.00614761
6528,0.00292205
6530,0.000383548
6532,0.0386274
6533,0.00434864
6535,0.00578646
6536,0.00110896
6539,0.0033932
6542,0.0328649
6543,0.062892
6545,0.000563949
6550,0.0450083
6552,0.0716002
6553,0.00341258
6556,0.206853
6558,0.00835903
6560,0.00749637
6561,0.00678571
6564,0.000529976
6565,0.11902
6574,0.0143895
6577,0.00963727
6581,0.034526
6582,0.565128
6583,0.160443
6585,0.00530332
6586,0.000603555
6587,0.000776059
6589,0.0799527
6591,0.0119436
6593,0.00177839
6597,0.00157686
6598,0.0202723
6600,0.0704538
6602,0.00478404
6604,0.00972663
6605,0.0873616
6606,0.0027964
6607,0.0155316
6608,0.00138019
6611,0.0389111
6612,0.00190031
6613,0.00353547
6614,0.0568393
6615,0.151848
6617,0.0260491
6620,0.00522543
6621,0.00371451
6624,0.0270829
6628,0.00459486
6630,0.0414527
6631,0.415817
6634,0.00418566
6635,0.00587622
6637,0.00659292
6638,0.0023699
6641,0.00258433
6642,0.00619309
6643,0.004512
6647,0.00326278
6648,0.0838041
6649,0.0172362
6650,0.00867321
6652,0.0178064
6654,0.00164809
6657,0.00865777
6658,0.00236043
6659,0.0128567
6660,0.00136842
6661,0.0301359
6664,0.0129254
6669,0.0039511
6672,0.199743
6674,0.0015408
6679,0.112485
6684,0.00073107
6688,0.0197301
6689,0.00125581
6691,0.00743773
6693,0.0222393
6694,0.0126464
6700,0.0138081
6701,0.0161551
6702,0.0183458
6704,0.00409497
6706,0.00110635
6710,0.0210898
6711,0.0343753
6713,0.00565891
6714,0.00642233
6715,0.00709681
6716,0.0126197
6724,0.0119568
6727,0.0111446
6729,0.213365
6731,0.00227858
6733,0.528589
6734,0.0144233
6735,0.0244289
6736,0.0911937
6737,0.00863674
6738,0.313392
6740,0.00810246
6742,0.0971904
6744,0.00507096
6746,0.0053383
6747,0.0177598
6749,0.00250444
6750,0.0137011
6753,0.00291293
6754,0.164755
6755,0.000126215
6756,0.0359424
6758,0.0219076
6759,0.0142632
6761,0.0013353
6762,0.00193411
6763,0.0456741
6766,0.00013442
6767,0.00542264
6770,0.995268
6775,0.0527404
6779,0.00415542
6780,0.02353
6782,0.0643052
6783,0.00873713
6786,0.00111523
6787,0.00267588
6791,0.0303885
6793,0.105468
6796,0.00013464
6798,0.377169
6799,0.272046
6800,0.315746
6803,0.0168956
6806,0.00395159
6807,0.00260844
6810,0.0409894
6811,0.106474
6813,0.000902936
6817,0.0205138
6819,0.00273238
6822,0.0209695
6823,0.0133036
6824,0.115034
6825,0.000554216
6826,0.00535994
6827,0.108976
6830,0.0182213
6834,0.091307
6835,0.0017007
6836,0.000403795
6842,0.683117
6843,0.994987
6846,0.0010098
6847,0.00161796
6850,0.0338663
6855,0.00179884
6856,0.000578332
6857,0.0973619
6858,0.00359513
6860,0.018932
6861,0.0124303
6863,0.00710979
6868,0.00272011
6869,0.00111798
6871,0.0919652
6873,0.000352632
6874,0.00284854
6875,0.0278784
6879,0.00755427
6882,0.0224605
6883,0.00588126
6884,0.00138337
6886,0.00597028
6887,0.15749
6891,0.51232
6892,0.0696882
6893,0.00152027
6896,0.00226539
6898,0.0465629
6899,0.0134326
6900,0.0470868
6904,0.00622723
6905,0.000810806
6906,0.00582582
6907,0.725088
6908,0.067411
6910,0.171519
6912,0.0131395
6915,0.00603714
6916,0.0114568
6921,0.167509
6922,0.0264856
6927,0.0335981
6928,0.00819264
6929,0.0183234
6930,0.0319174
6932,3.9395e-05
6933,0.0136979
6937,0.00535769
6939,0.000823608
6942,0.0191836
6943,0.00356999
6944,0.00176083
6945,0.0012847
6947,0.99093
6948,0.989818
6951,0.00963716
6952,0.00827594
6955,0.00328434
6956,0.000561643
6959,0.0532605
6962,0.0472198
6966,0.00309498
6967,0.0280884
6968,0.00129376
6970,0.00282845
6971,0.0325696
6972,0.017185
6973,0.00124135
6974,0.0624228
6976,0.0101118
6977,0.00150669
6978,0.00118582
6979,0.112849
6982,0.00445444
6983,0.00292921
6988,0.00683235
6993,0.00389224
6995,0.110137
6996,0.00350584
6998,0.0832414
6999,0.0235217
7001,0.0554921
7004,0.00163618
7007,0.00239068
7008,0.00288694
7011,0.00441334
7012,0.00431854
7013,0.0171807
7014,0.00259991
7016,0.0175778
7017,0.00366062
7018,0.00558465
7019,0.0347127
7022,0.00457332
7024,0.043599
7029,0.0223189
7030,0.0436975
7031,0.000406858
7032,0.00490662
7034,0.00151301
7037,0.0111488
7038,0.0412718
7039,0.0242469
7040,0.0147661
7042,0.25444
7044,0.00101329
7045,0.012888
7046,0.0644104
7048,0.00305219
7054,0.0135341
7056,0.0167477
7059,0.0206559
7061,0.0117389
7062,0.00653504
7064,0.00517256
7065,0.104808
7066,0.00104624
7068,0.988519
7073,0.000835594
7076,0.206176
7077,0.0014032
7079,0.000832338
7081,0.0116738
7083,0.216095
7085,0.00983421
7086,0.00139191
7087,0.001248
7088,0.0146586
7091,0.0624476
7093,0.000561583
7094,0.00144435
7095,0.00478482
7096,0.000585593
7098,0.00396087
7099,0.0020554
7105,0.247778
7108,0.00744784
7109,0.153208
7113,0.989997
7116,0.0060431
7117,0.000972789
7118,0.00170322
7120,0.000674798
7121,0.0775497
7125,0.00693926
7130,0.00177895
7131,0.0129344
7132,0.000999293
7137,0.0199219
7138,0.00292807
7142,0.068877
7145,0.00126004
7147,0.0201263
7148,0.00215813
7149,0.0101243
7151,0.0433786
7156,0.0392051
7160,0.0208041
7161,0.000779856
7163,0.0454012
7165,0.00854392
7172,0.110079
7174,0.011361
7175,0.0629708
7177,0.00109218
7181,0.0305079
7182,0.00899268
7184,0.00442195
7187,0.00475653
7189,0.000834172
7190,0.000418446
7197,0.000385759
7199,0.00941931
7201,0.00375134
7202,0.00173007
7203,0.00309596
7206,0.00191088
7209,0.00154179
7211,0.0852081
7212,0.0485537
7213,0.00218912
7215,0.0096897
7217,0.00283429
7218,0.688521
7221,0.00269779
7223,0.00137938
7225,0.00176
7226,0.00819873
7227,0.0833133
7229,0.00229665
7231,0.568449
7234,0.00332264
7235,0.00742344
7238,0.0219527
7239,0.00635365
7240,0.0178453
7245,0.000465575
7246,0.0210003
7248,0.0056683
7250,0.0246738
7251,0.051146
7256,0.0534451
7257,0.560537
7258,0.00559696
7259,0.00890477
7264,0.0310816
7266,0.0376485
7267,0.00274924
7271,0.013104
7274,0.926134
7276,0.00089276
7277,0.0100229
7279,0.00185665
7280,0.00347143
7282,0.00230289
7283,0.00641446
7291,0.0660625
7295,0.00117493
7296,0.000491946
7298,0.0161917
7300,0.00160069
7302,0.000426289
7304,0.00633914
7305,0.00603931
7311,0.00269135
7315,0.000632711
7316,0.0300669
7319,0.0113567
7321,0.127929
7326,0.030204
7328,0.114944
7331,0.0652411
7332,0.013385
7333,0.0536859
7334,0.0605483
7336,0.0166761
7337,0.107674
7338,0.00306426
7339,0.000517556
7340,0.0146505
7341,0.00629688
7343,0.00148263
7344,0.00185502
7346,0.0746536
7347,0.0110937
7349,0.0120271
7351,0.258964
7352,0.00219869
7353,0.929049
7354,0.118855
7356,0.0332978
7360,0.258108
7364,0.705013
7365,0.0154674
7366,0.00272751
7367,0.0384076
7368,0.0076748
7372,0.00315918
7373,0.00147427
7374,0.108196
7376,0.0117467
7380,0.0997441
7383,0.0361252
7384,0.0128889
7385,0.00504725
7389,0.00530396
7392,0.046481
7393,0.0215476
7395,0.18829
7396,0.000867084
7399,0.105754
7400,0.0403708
7403,0.00438889
7405,0.0247781
7406,0.229285
7410,0.00176703
7411,0.0148772
7417,0.0266587
7419,0.0430924
7421,0.00306579
7424,0.0203388
7425,0.00912101
7429,0.00350727
7430,0.0736808
7432,0.0150287
7434,0.00267337
7439,0.000891007
7441,0.0123944
7447,0.000799498
7448,0.0250867
7449,0.100886
7451,0.190227
7452,0.367498
7453,0.0124898
7455,0.0575346
7456,0.0088513
7458,0.00309231
7459,0.00951944
7460,0.00705866
7461,0.227649
7463,0.0382985
7465,0.0465042
7469,0.236092
7471,0.00102369
7472,0.0011568
7475,0.026656
7477,0.0126102
7478,0.0438705
7479,0.00306914
7482,0.013429
7483,0.00765467
7484,0.0314753
7485,0.0110329
7486,0.00102144
7487,0.00101585
7488,0.00978058
7489,0.00353518
7491,0.00242507
7492,0.0113199
7496,0.0385961
7501,0.0460276
7502,0.00120639
7503,0.0165733
7506,0.0024799
7507,0.120973
7508,0.0035234
7514,0.0270827
7520,0.0122856
7522,0.00401198
7526,0.00155785
7528,0.0100308
7529,0.00226416
7530,0.0241019
7535,0.00959135
7536,0.000330917
7537,0.00600836
7538,0.00664499
7540,0.01801
7541,0.00441789
7544,0.0331989
7545,0.12705
7546,0.00837753
7549,0.00195592
7550,0.00313709
7551,0.0277476
7554,0.0965532
7556,0.00623247
7557,0.0605952
7558,0.00104512
7559,0.0145307
7564,0.064134
7565,0.00534173
7566,0.00636572
7569,0.149009
7570,0.0187534
7571,0.163695
7572,0.0865909
7573,0.0101268
7574,0.0305756
7576,0.161535
7579,0.00774469
7580,0.0146831
7581,0.00972861
7584,0.00183669
7586,0.00287024
7588,0.01516
7589,0.00101774
7591,0.00839476
7596,0.00720004
7598,0.0106934
7599,0.0154162
7602,0.00319239
7604,0.288935
7605,0.0216625
7609,0.00675553
7612,0.0104748
7615,0.00617468
7624,0.000843592
7626,0.00305388
7627,0.000752412
7628,0.00398456
7630,0.0171247
7636,0.0259529
7637,0.0140913
7640,0.00108169
7641,0.00161192
7642,0.00973797
7645,0.118172
7646,0.0720318
7650,0.00360104
7651,0.00998469
7652,0.0087184
7653,0.00285983
7656,0.00432096
7658,0.0125882
7659,0.0054337
7661,0.000671497
7662,0.00283873
7663,0.000203554
7664,0.262817
7665,0.579613
7666,0.0398741
7667,0.244102
7669,0.0241366
7671,0.0038035
7672,0.0431796
7674,0.00514643
7675,0.00425894
7677,0.0537064
7678,0.0269486
7679,0.00328439
7680,0.00214959
7681,0.00467367
7686,0.00174008
7687,0.131397
7688,0.00328745
7690,0.000421265
7691,0.00382347
7694,0.0018495
7695,0.111367
7698,0.0860631
7699,0.000413799
7701,0.00502421
7702,0.00349914
7703,0.00397918
7704,0.00981197
7705,0.0639623
7711,0.186186
7715,0.017359
7719,0.112167
7724,0.124712
7729,0.0107413
7732,0.17521
7734,0.00319185
7735,0.0025201
7736,0.0815206
7740,0.00137888
7743,0.00473817
7747,0.017845
7748,0.002599
7750,0.00408778
7751,0.00539286
7752,0.00130872
7755,0.0011826
7756,0.0018585
7759,0.000465624
7760,0.0227027
7762,0.00851426
7766,0.0426303
7767,0.00164633
7768,0.00279544
7769,0.00176541
7770,0.00137545
7772,0.0550679
7773,0.0145954
7774,0.0280507
7775,0.00132573
7776,0.446805
7779,0.0206589
7780,0.0409991
7781,0.127287
7782,0.0020134
7783,0.0195038
7784,0.0105257
7785,0.0235658
7787,0.00023247
7791,0.00517409
7792,0.0123102
7800,0.126743
7806,0.171912
7808,0.00125686
7809,0.00412752
7813,0.00769895
7815,0.193879
7820,0.00395032
7821,0.313364
7828,0.031151
7829,0.0161446
7830,0.0114689
7832,0.00125193
7834,0.0195912
7835,0.00879314
7836,0.0270353
7843,0.00112679
7845,0.0193072
7846,0.0293939
7847,0.0451676
7848,0.00213542
7849,0.000593058
7851,0.00228305
7852,0.149389
7856,0.00200402
7857,0.0261905
7860,0.0044008
7862,0.00511664
7863,0.0788547
7865,0.00603508
7866,0.0039152
7869,0.0423862
7872,0.0185914
7873,0.00528705
7875,0.00172174
7876,0.000492137
7877,0.00462343
7878,0.0780906
7880,0.00383574
7882,0.0451546
7883,0.0481866
7887,0.000740742
7888,0.013414
7890,0.0281634
7893,0.00971504
7895,0.00824015
7896,0.0100677
7898,0.0442435
7899,0.0110931
7900,0.0300132
7901,0.0294053
7902,0.0196222
7905,0.0069571
7909,0.00349312
7910,0.0195911
7912,0.00882103
7914,0.107512
7916,0.0576017
7918,0.000219309
7921,0.0727933
7922,0.0688694
7923,0.00368048
7924,0.00264398
7925,0.0189058
7926,0.0125898
7927,0.0505208
7929,0.0085794
7930,0.0100929
7931,0.00855047
7933,0.000206768
7934,0.00275919
7935,0.0131472
7938,0.0266757
7939,0.0523842
7943,0.0216242
7945,0.00167221
7948,0.168439
7949,0.0122788
7950,0.0109831
7952,0.00873761
7953,0.102507
7958,0.00584776
7960,0.0101916
7961,0.055833
7962,0.0128208
7963,0.00401191
7964,0.108339
7965,0.0330185
7967,0.0124652
7968,0.0223162
7969,0.0171328
7973,0.0221781
7974,0.00929628
7978,0.046466
7980,0.0598731
7981,0.00635403
7985,0.462968
7987,0.000798977
7990,0.00392242
7991,0.123163
7992,0.0626757
7994,0.0463095
7995,0.019961
7996,0.0045285
7997,0.309411
7999,0.226881
8000,0.0051313
8001,0.00413314
8002,0.00859176
8004,0.00192602
8013,0.00367079
8017,0.0126617
8018,0.00251783
8020,0.00594584
8022,0.0303451
8023,0.00383027
8024,0.00246213
8025,0.00286514
8026,0.061565
8029,0.00169479
8032,0.0572955
8035,0.00403101
8041,0.193559
8042,0.00477263
8044,0.0175108
8046,0.00376281
8047,0.0087506
8048,0.00414022
8051,0.0183744
8052,0.0743852
8053,0.250289
8055,0.00257501
8056,0.00756766
8059,0.000510892
8060,0.00183704
8062,0.00169319
8064,0.00188325
8065,0.00681732
8066,0.0108827
8067,0.00313715
8068,0.0046333
8069,6.49187e-05
8070,0.00584807
8073,0.000877197
8074,0.00218139
8076,0.00160853
8077,0.00129615
8078,0.0742368
8079,0.0507566
8080,0.004693
8081,0.0151448
8083,0.017231
8088,0.115276
8089,0.0156883
8090,0.000704244
8091,0.00254609
8096,0.0191436
8103,0.00255926
8104,0.0162085
8106,0.295277
8107,0.0117076
8109,0.00685207
8111,0.416186
8112,0.222309
8113,0.335344
8115,0.000830368
8116,0.00134454
8119,0.00196415
8120,0.583148
8121,0.0674995
8122,0.000435033
8123,0.0219002
8124,8.35078e-05
8126,0.012873
8127,0.00192547
8128,0.00289908
8129,0.00106197
8130,0.283819
8134,0.697465
8136,0.00549755
8139,0.0187429
8140,0.0054658
8141,0.00443055
8142,0.00574551
8144,0.00178659
8145,0.0082019
8148,0.00148632
8151,0.0039689
8156,0.520089
8157,0.108489
8160,0.00127572
8162,0.0388937
8164,0.980919
8168,0.254323
8169,0.00067378
8170,0.297353
8172,0.10461
8173,0.000849756
8175,0.00227081
8177,0.00385195
8179,0.01424
8181,0.357524
8184,0.00233478
8186,0.00582226
8193,0.0187787
8207,0.00367755
8208,0.000680693
8209,0.000819739
8211,0.0038557
8214,0.00583034
8234,0.48737
8235,0.00870899
8236,0.000810615
8237,0.252104
8243,0.00820525
8248,0.156039
8252,0.258809
8253,0.00649825
8256,0.0130547
8263,0.0180988
8267,0.0330744
8268,0.0102637
8269,0.00502515
8273,0.259149
8276,0.0015608
8280,0.0015645
8288,0.00560499
8302,0.00953882
8304,0.414568
8314,0.000445085
8319,0.0109802
8327,0.978082
8330,0.973925
8334,0.986168
8336,0.98695
8337,0.984334
8340,0.981055
8341,0.972389
8343,0.975514
8344,0.976434
8345,0.00433199
8347,0.107464
8350,0.00350216
8353,0.982561
8354,0.985312
8355,0.980595
8357,0.981701
8359,0.774683
8360,0.98274
8369,0.975999
8371,0.974555
8372,0.974384
8373,0.978787
8376,0.971065
8377,0.968976
8384,0.00115763
8385,0.0025933
8387,0.00103739
8389,0.981717
8398,0.00100924
8412,0.019404
8413,0.811503
8423,0.00250183
8424,0.00900356
8430,0.786421
8431,0.724702
8436,0.849265
8438,0.905337
8439,0.89523
8444,0.0003111
8445,0.0739987
8447,0.0396666
8449,0.0115659
8457,0.00114916
8458,0.283751
8459,0.0213912
8462,0.00447445
8467,0.00470808
8471,0.000448589
8475,0.0525729
8476,0.165701
8477,0.00424759
8479,0.0117945
8482,0.00224152
8484,0.101864
8486,0.310936
8488,0.290394
8489,0.0867661
8492,0.000933332
8494,0.0012561
8508,0.00754868
8509,0.0124223
8513,0.498432
8516,0.00375712
8521,0.359042
8523,0.0205143
8526,0.0843576
8527,0.0268798
8529,0.14215
8531,0.0185253
8533,0.397634
8534,0.739767
8540,0.115126
8543,0.0131017
8544,0.011555
8545,0.0049526
8546,0.00018388
8552,0.000943244
8555,0.0363556
8559,0.18336
8561,0.00286684
8573,0.00820123
8576,0.520996
8587,0.00303258
8591,0.00485699
8595,0.000854262
8600,0.00121531
8612,0.74173
8614,0.813342
8615,0.846867
8619,0.00226704
8623,0.6048
8631,0.00364073
8643,0.569233
8648,0.51243
8649,0.0122756
8651,0.587582
8654,0.000667376
8657,0.00555309
8689,0.566524
8691,0.0562262
8717,0.507226
8721,0.489595
8731,0.0187656
8732,0.0041892
8741,0.00290179
8749,0.0151418
8762,0.00280176
8765,0.150873
8766,0.029527
8767,0.00166852
8768,0.757421
8769,0.76706
8770,0.776783
8772,0.786565
8776,0.811164
8778,0.820306
8782,0.829403
8783,0.842705
8784,0.00128968
8786,0.00526139
8789,0.00138557
8792,0.0114259
8795,0.000840584
8799,0.00344367
8800,0.00772777
8805,0.0595546
8815,0.408052
8826,0.00825589
8828,0.373252
8829,0.200333
8833,0.260011
8850,0.374801
8875,0.321904
8877,0.29726
8878,0.390259
8879,0.341996
8883,0.00799681
8884,0.235372
8885,0.25567
8887,0.229296
8888,0.236583
8889,0.262703
8894,0.263636
8896,0.210663
8898,0.323659
8899,0.305103
8902,0.046895
8903,0.0203357
8909,0.000454004
8913,0.105355
8921,0.00636227
8923,0.00618847
8928,0.997406
8929,0.996619
8931,0.996904
8935,0.99697
8936,0.00547757
8937,0.996746
8940,0.0614004
8941,0.000790387
8942,0.996877
8943,0.997008
8944,0.997668
8947,0.00502913
8949,0.996818
8953,0.644341
8956,0.997725
8968,0.554811
8971,0.604631
8974,0.572061
8975,0.601328
8976,0.639787
8977,0.565046
8979,0.00337523
8980,0.00291284
8981,0.997569
8983,0.997325
8984,0.996879
8987,0.996909
8988,0.996627
8989,0.644497
8990,0.62837
8991,0.198058
8992,0.0101389
8998,0.561217
8999,0.582044
9000,0.561045
9002,0.996863
9005,0.0073109
9008,0.997093
9012,0.996499
9013,0.9963
9014,0.996618
9015,0.996249
9016,0.996713
9017,0.996211
9018,0.996653
9019,0.996163
9020,0.996184
9022,0.00193489
9023,0.995625
9024,0.00114661
9025,0.00383857
9033,0.0034813
9037,0.995679
9038,0.995909
9040,0.995776
9041,0.995897
9046,0.00206731
9048,0.000925908
9051,0.996457
9053,0.0610806
9070,0.0423102
9075,0.00120684
9078,0.0440623
9079,0.0730253
9083,0.996678
9084,0.997118
9087,0.995878
9088,0.996156
9093,0.052764
9105,0.00267022
9108,0.00623928
9110,0.0284795
9116,0.0334408
9118,0.99528
9120,0.563739
9125,0.00262318
9126,0.996506
9128,0.996969
9129,0.997795
9135,0.477126
9140,0.0662207
9141,0.00915008
9147,0.237258
9153,0.00476968
9156,0.0196439
9159,0.0742183
9161,0.00731863
9163,0.341556
9165,0.453033
9172,0.156385
9175,0.187693
9179,0.193546
9183,0.996994
9185,0.149109
9186,0.0789669
9188,0.00144378
9191,0.218431
9192,0.107232
9193,0.997783
9196,0.996757
9199,0.996596
9200,0.996908
9202,0.996909
9204,0.0494649
9208,0.0064752
9225,0.0191703
9230,0.0011551
9232,0.125191
9234,0.00894488
9236,0.00133818
9237,0.11597
9244,0.997184
9245,0.997132
9250,0.997601
9251,0.00059523
9258,0.997742
9259,0.00503748
9265,0.996966
9269,0.996735
9273,0.449162
9274,0.483699
9275,0.432366
9276,0.498554
9277,0.408755
9278,0.496066
9280,0.997409
9282,0.997124
9283,0.997747
9298,0.989588
9299,0.990962
9301,0.0782968
9304,0.730375
9305,0.988555
9308,0.989879
9310,0.990977
9311,0.990159
9313,0.0624216
9317,0.986114
9318,0.988183
9321,0.987859
9322,0.993799
9323,0.981446
9325,0.979606
9327,0.132586
9328,0.529205
9330,0.487692
9331,0.445956
9333,0.773031
9334,0.976242
9335,0.483699
9337,0.438289
9343,0.971046
9344,0.437239
9348,0.461336
9352,0.966335
9353,0.967332
9357,0.451958
9362,0.0130977
9365,0.97601
9367,0.972081
9371,0.203246
9372,0.959039
9375,0.958631
9377,0.962126
9378,0.950899
9380,0.942247
9381,0.94584
9382,0.767195
9383,0.764018
9386,0.762952
9387,0.768996
9388,0.946447
9390,0.944947
9393,0.950362
9395,0.944706
9396,0.9444
9397,0.943034
9399,0.94349
9401,0.930981
9402,0.813097
9405,0.845866
9407,0.925511
9409,0.921982
9410,0.944941
9412,0.945347
9413,0.940122
9414,0.946601
9415,0.948428
9416,0.950612
9417,0.957362
9418,0.95179
9420,0.000114272
9423,0.0288371
