1,0.00245996
2,0.000538725
3,0.00126204
5,0.0739863
6,0.0193933
10,0.00775106
14,0.00552049
15,0.000282008
16,0.011213
19,0.0110503
20,0.00401261
24,0.0042619
25,0.00144967
28,0.00117255
29,0.0112396
32,0.0149171
37,0.142839
38,0.0011067
40,0.0600718
41,0.0532204
44,0.00853937
45,0.00944126
47,7.93478e-06
49,0.00360183
51,0.0152223
52,0.00268411
54,0.00456651
55,0.075453
60,0.00629809
61,0.223808
63,0.0161039
64,0.0156117
68,0.00670243
70,0.00697103
75,0.00786978
76,0.0176501
78,0.00509593
82,0.0180821
85,0.0514709
86,0.0139652
87,0.000685558
88,0.101544
93,0.0439345
94,0.0934436
99,0.00225853
103,0.0107602
106,0.0037295
107,0.00759378
108,0.150634
109,0.00292492
110,0.0500411
116,0.0026379
119,0.00279905
121,0.00234768
123,0.0253096
124,0.108963
128,0.0807745
132,0.0105515
133,0.0289255
138,0.00283534
141,0.000276868
143,0.00606692
144,0.0296331
145,0.000656768
148,0.146869
150,0.0100271
151,0.210931
154,0.00169903
155,0.00452774
157,4.22311e-05
158,0.00879661
159,0.00291445
161,0.0599789
163,0.00370204
166,0.000938713
167,0.00554181
169,0.0200933
170,0.102198
173,0.000845799
174,0.0257487
177,0.164781
178,0.0170313
179,0.0972592
180,0.0565251
182,0.000279503
183,0.00598828
184,0.0523465
185,0.000637385
188,0.00990402
190,0.00828602
194,0.00253717
195,0.00890701
201,0.0436734
202,0.973041
204,0.00738661
207,0.00349973
208,0.0373575
210,0.00272137
212,0.011287
213,0.000366992
214,0.00244491
219,0.000252856
222,0.000665998
223,0.0288632
225,0.0667456
228,0.0033174
229,0.00193099
232,0.00343229
237,0.00185192
238,0.000368586
240,0.00943092
241,0.0212743
246,0.00157488
247,0.0509957
248,0.0149387
249,0.000842676
250,0.00126188
251,0.00143858
253,0.0405386
255,0.0203668
257,0.128805
259,0.0023291
263,0.00215136
265,0.56099
270,0.00546938
272,0.0117093
279,0.0050137
282,0.005425
284,0.0587584
285,0.0386502
286,0.0277945
288,0.0123456
290,0.00182169
291,0.0774968
292,0.0258093
294,0.00130866
298,0.0376409
300,0.181825
302,0.00266162
304,0.0475417
306,0.00192151
308,0.0156081
314,0.0494113
316,0.133968
319,0.00328039
320,0.00626449
323,0.00699645
324,0.0144647
326,0.00818975
329,0.460614
337,0.000756399
340,6.05705e-05
342,0.169762
346,0.00398966
347,0.00241112
348,0.067302
349,0.127588
350,0.000837788
352,0.00342983
353,0.012609
356,0.00210923
357,0.00499424
360,0.054734
365,0.199766
376,0.0399585
377,0.00407066
379,0.00192973
382,0.000238342
385,0.00807987
390,0.0283412
391,0.00569542
396,0.00904696
401,0.0013312
402,0.01491
403,0.00439664
404,0.0397111
406,0.00806213
409,0.0094114
411,0.00122434
413,0.0161259
415,0.0017175
416,0.0224594
417,0.00326104
420,0.0128742
421,0.0267285
423,0.00341755
424,0.0129626
434,0.156453
435,0.0182077
436,0.00829682
438,0.036755
439,0.0931951
445,0.0408069
446,0.112369
447,0.00472908
449,0.0011028
450,0.00565248
455,0.00922532
457,0.00505779
459,0.00616945
460,0.0214101
461,0.00190799
462,0.0184364
464,0.0186076
465,0.0615163
468,0.0246916
469,0.00350509
471,0.00891498
475,0.00470876
476,0.00445586
479,0.021029
480,0.00114839
482,0.00860646
483,0.00816683
484,0.0264127
489,0.00891723
490,0.00987237
491,0.00448799
492,0.000672555
493,0.0122417
496,0.00517481
498,0.000429634
501,0.00200744
503,0.0220505
506,0.00869759
507,0.0470869
510,0.000595392
514,0.00535171
515,0.0713386
518,0.0077477
520,0.000238193
521,0.00211168
524,0.00186155
525,0.227769
526,0.11242
528,0.0045072
530,0.00348002
533,0.00349723
536,0.000700389
538,0.0105082
539,0.0509216
541,0.00361922
542,0.0704172
543,0.053937
545,0.015338
550,0.00327887
552,0.00422647
553,0.610152
554,0.0236928
556,0.218933
560,0.0295103
562,0.00426436
563,0.00337832
567,0.0480044
568,0.00216038
571,0.0244771
573,0.000922038
579,0.00795792
586,0.0199736
587,0.0581274
588,0.0563547
590,0.0039555
591,0.0549619
592,0.0136242
594,0.0294679
595,0.0280884
596,0.0351024
598,0.326091
602,0.00172276
605,0.0322987
608,0.0124478
609,0.00122515
615,0.000972381
616,0.00713637
618,0.0194612
619,0.0271913
621,0.246641
622,0.0739474
623,0.00079182
624,0.0339152
626,0.00276288
628,0.00599914
632,0.00530727
634,0.0111325
637,0.256007
640,0.00143149
641,0.0379153
643,0.000407807
645,0.0107014
646,0.00526284
647,0.00064337
653,0.254663
654,0.021248
655,0.0816124
666,0.00821962
667,0.0708338
669,0.054443
670,0.0284375
671,0.000767692
674,0.276207
677,0.0141801
678,0.000558899
679,0.000745184
680,0.000295469
681,0.304461
686,0.0133334
687,0.0170331
688,0.020838
689,0.00267571
693,0.00454193
694,0.00483698
695,0.00376302
697,0.000933838
699,0.0288587
700,0.0461453
701,0.0174721
702,0.0300208
703,0.00729559
704,0.000332136
706,0.0183997
708,0.00315968
710,0.00381624
712,0.00341508
715,0.00372418
720,0.00410449
723,0.00152922
725,0.00181142
726,0.0505024
729,0.0668142
731,0.0106476
732,0.00346582
733,0.000870916
735,0.0101195
736,0.000229697
737,0.242624
741,0.0227526
742,0.00185407
745,0.328269
746,0.00505229
748,0.0867579
751,0.00364607
752,0.145009
754,0.000252752
757,0.244625
760,0.00351246
762,0.000539556
765,0.545592
768,0.781011
769,0.000224638
774,0.00796129
777,0.00399443
779,0.00488372
780,0.0167494
781,0.00890162
782,0.0532675
784,0.775054
786,0.0236738
788,0.399537
789,0.0210207
790,0.0147464
793,0.000792043
795,0.165292
796,0.00206993
798,0.00101054
800,0.0587343
801,0.00660912
803,0.0471964
807,0.704162
808,0.0055399
810,0.00855497
813,0.00657241
814,0.0580135
815,0.335701
825,0.00157945
826,0.000725869
827,0.00802386
830,0.00880141
831,0.00462958
833,0.00459159
836,0.0814598
838,0.0213637
841,0.0287398
844,0.00850315
847,0.00233772
848,0.000401957
849,0.00922994
850,0.016367
851,0.00943714
852,0.00691581
853,0.181709
854,0.0405857
860,0.00502114
862,8.62574e-05
863,0.118845
865,0.00104118
867,0.0182204
868,0.006512
870,0.00495193
871,0.0980109
873,0.0343671
877,0.000201479
880,0.00496465
883,0.0321188
884,0.00236439
885,0.0431956
887,0.000222193
888,1.13524e-05
889,0.00608067
891,0.0421263
892,0.0090123
897,0.0265662
898,0.0667616
900,0.219667
901,0.00475805
902,0.0234447
903,0.00252288
905,0.003519
908,0.00251517
912,0.0015803
913,0.0998885
916,0.00383531
917,0.00674381
921,0.0497095
924,0.00115721
925,0.346861
927,0.0125203
928,0.00185135
929,0.001404
930,0.0279048
931,0.00014345
932,0.0511576
934,0.00208842
935,0.0242026
936,0.00126068
937,0.0262328
940,0.0125013
942,0.0710586
944,0.00110906
947,0.003841
949,0.0154402
950,0.0463113
952,0.000435404
954,0.0190212
956,0.0342485
958,0.202545
959,0.00027632
961,0.00545047
962,0.000590709
963,0.0326047
964,0.00194091
965,0.0449933
966,0.0180752
967,0.0960974
969,0.00159608
972,0.312155
973,0.00341432
976,0.00258466
977,0.0585241
978,0.0551265
980,0.0268947
981,0.310059
982,0.00079112
984,0.0458051
985,0.000269896
987,0.232844
990,0.798688
991,0.000999998
993,0.000969591
995,0.00400958
996,0.0217153
997,0.011007
998,0.0483047
1000,0.0135718
1001,0.0761561
1006,0.00243203
1007,0.0444719
1009,0.967567
1011,0.0149969
1016,0.00148585
1017,0.0704522
1019,0.0316095
1021,0.00519189
1023,0.00104757
1024,0.0207594
1025,0.0308153
1026,0.0909105
1027,0.000578253
1028,0.0169077
1029,0.0208464
1032,0.343719
1037,0.495993
1039,0.00132035
1040,0.0120579
1041,0.0105171
1043,0.0299325
1045,0.121418
1046,0.00887911
1047,0.00979168
1049,0.0523247
1051,0.00081785
1052,0.0521825
1053,0.0424947
1054,0.00424724
1056,0.000818084
1062,0.0137584
1063,0.00414045
1068,0.0038442
1069,0.08154
1071,0.00261273
1075,0.00406832
1077,0.00884882
1078,0.430561
1079,0.00982686
1081,0.0184577
1083,0.0891515
1084,0.0086735
1085,0.00280721
1086,0.00782426
1088,0.00770662
1090,0.0584546
1091,0.00760467
1092,0.0181857
1095,0.00529229
1096,0.00767777
1097,0.00198892
1098,0.0105491
1099,0.00918809
1100,0.00166335
1102,0.00626262
1103,0.0252704
1104,0.00680286
1105,0.00255856
1106,0.0671459
1108,0.0219317
1110,0.0011967
1114,0.00678849
1115,0.0283233
1116,0.00958869
1118,0.00174037
1120,0.159995
1121,0.0410024
1122,0.0410495
1126,0.0168237
1127,0.0415245
1129,0.00136925
1130,0.00581398
1131,0.00440703
1132,0.0422182
1134,0.0153871
1139,0.195146
1140,0.0519159
1147,0.00892362
1148,0.00950416
1150,0.0247495
1152,0.00060982
1154,0.354024
1157,0.00102856
1158,0.0153071
1159,0.00918486
1160,0.00369633
1161,0.00884289
1164,0.00771482
1169,0.000728221
1172,0.0142839
1174,0.00609553
1176,0.00340626
1177,0.113951
1181,0.0114102
1182,0.10118
1186,0.00231527
1189,0.01199
1190,0.013891
1194,0.00418835
1200,0.00498309
1203,0.0753137
1204,0.0712689
1211,0.0528308
1212,0.000877811
1214,0.00155133
1215,0.0306311
1218,0.0416387
1219,0.00515045
1221,0.000405141
1222,0.00173615
1223,0.00716942
1227,0.0724614
1229,0.00159754
1230,0.404835
1236,0.00230897
1238,0.00337485
1240,0.00810154
1245,0.00222386
1246,0.0002522
1250,0.112412
1252,0.00681822
1253,0.0341639
1258,0.00456461
1260,0.109217
1262,0.00554954
1269,0.00134157
1271,0.0110029
1272,0.0116623
1273,0.0117687
1274,0.00311929
1275,0.0322857
1276,0.186801
1277,0.00596371
1279,0.00956411
1280,0.0250831
1281,0.00712509
1282,0.0221636
1284,4.27303e-06
1285,0.0166098
1286,0.0032951
1288,0.0653757
1291,0.00275337
1292,3.03617e-05
1293,0.55742
1295,0.0801737
1296,0.00177499
1297,0.021012
1299,0.00162592
1301,0.00970297
1302,0.000204834
1303,0.0806014
1308,0.000563551
1310,0.00182936
1312,0.0684946
1313,0.158861
1314,0.00157489
1315,0.117552
1316,0.0186145
1317,0.0319913
1322,0.111776
1323,0.00642176
1326,0.00101871
1328,0.0760279
1331,0.0179435
1333,0.35819
1334,0.000651768
1337,0.0290972
1338,0.00355372
1342,0.00230474
1344,0.00153949
1346,0.00231665
1352,0.0329738
1354,0.00514629
1355,0.0030642
1358,0.0532895
1360,0.00681424
1363,0.00505533
1364,0.00220125
1365,0.00068065
1366,0.00116629
1367,0.0756807
1369,0.209717
1371,0.00284147
1372,0.0051035
1373,0.00214891
1378,0.00374541
1380,0.120257
1381,0.00399982
1383,0.0029839
1384,0.00588656
1386,0.00222113
1387,0.00730074
1388,0.0662629
1390,0.957523
1391,0.0138888
1392,0.00371231
1397,0.00730613
1399,0.0421817
1400,0.00723221
1403,0.0147809
1405,0.286697
1408,0.0147803
1409,0.00212092
1410,0.0640238
1411,0.00160004
1412,2.66046e-05
1415,0.00419471
1416,0.348787
1417,0.0112422
1420,0.00481678
1424,0.0763579
1425,0.543191
1426,0.00450754
1427,0.132585
1428,0.000789622
1429,0.00334599
1433,0.00121844
1434,0.0106041
1436,0.00466425
1438,0.0972506
1440,0.00560919
1441,0.0326219
1442,0.00379141
1443,0.00294958
1447,0.0152902
1450,0.00433428
1452,0.00476673
1455,0.000662958
1461,0.00130302
1462,0.141099
1463,0.00683374
1468,0.00683338
1469,0.0100928
1470,0.00191156
1471,0.00232535
1473,0.000390054
1475,0.145501
1476,0.0730409
1478,0.0452851
1479,0.0656677
1480,0.00243244
1484,0.0542222
1485,0.0255645
1486,0.00558907
1490,0.00633479
1492,0.00414558
1493,0.00323025
1494,0.0291967
1495,0.00132965
1500,0.00664434
1502,0.00852476
1503,0.0011936
1504,0.00453126
1506,0.00426989
1510,0.271413
1511,0.0631532
1513,0.0826373
1514,0.101917
1517,0.00371764
1519,0.0110147
1522,0.0105826
1523,0.0373788
1527,0.0719508
1528,0.112528
1530,1.47994e-06
1531,0.0050236
1533,0.00762369
1535,0.617042
1536,0.00479917
1537,0.773274
1538,0.0104566
1539,0.00355024
1540,0.00293572
1541,0.73823
1542,0.718447
1543,0.0325837
1545,0.00705218
1547,0.682164
1549,0.758246
1550,0.771805
1551,0.784827
1552,0.761155
1558,0.784822
1564,0.00644979
1566,0.011341
1567,0.000223044
1568,0.00947362
1570,0.00765263
1573,0.035022
1575,0.003716
1576,0.0747506
1577,0.0378954
1580,0.664989
1583,0.788254
1585,0.531999
1586,0.559114
1588,0.00301121
1590,0.5504
1593,0.457458
1594,0.393795
1595,0.486342
1597,0.570734
1598,0.520322
1599,0.602376
1601,0.00230695
1604,0.000635819
1605,0.0817191
1607,0.139507
1608,0.0793514
1611,0.000177285
1613,0.058948
1614,0.551284
1615,0.000385722
1616,0.00400466
1618,0.000669259
1621,0.000806331
1624,0.120757
1626,0.00388979
1628,0.00275783
1629,0.137602
1630,0.000900983
1632,0.00138097
1633,0.0340048
1634,0.00831743
1636,0.0947441
1640,0.00516166
1641,0.00216115
1647,0.000146821
1648,0.0346765
1649,0.963392
1654,0.967929
1658,0.970352
1659,0.971991
1660,0.97159
1662,0.0187232
1664,0.00598235
1665,0.00630454
1666,0.00178522
1667,0.963975
1669,0.970938
1670,0.970593
1671,0.977667
1674,0.97459
1675,0.978839
1677,0.978562
1678,0.968541
1679,0.975505
1682,0.103433
1683,0.00172157
1684,0.00184066
1686,0.00658289
1687,0.0103255
1688,0.0713679
1690,0.0633734
1693,0.00560259
1694,0.00472646
1695,0.971778
1697,0.969136
1698,0.00335728
1699,0.964706
1702,0.0477596
1703,0.953191
1704,0.972164
1705,0.00144329
1706,0.00559139
1708,0.00298862
1711,0.00368148
1712,0.125943
1714,0.0206669
1715,0.00202965
1716,0.0605651
1717,0.00249085
1718,0.000601236
1719,0.974825
1720,0.977934
1724,0.00258166
1725,0.268298
1726,0.0187343
1731,0.000598518
1732,0.0019629
1736,0.0017545
1737,0.0846497
1740,0.0010399
1741,0.00150616
1743,0.0506785
1745,0.96691
1748,0.0620832
1751,0.0118586
1752,0.105073
1754,0.00259813
1755,0.0600884
1756,0.0132669
1757,0.392123
1758,0.0203616
1759,0.0949651
1761,0.00340241
1762,0.00687075
1763,0.0476467
1764,0.001856
1765,0.00064546
1767,0.0524682
1768,0.0089977
1773,0.0129428
1777,0.400695
1779,0.30326
1781,0.325171
1783,0.45227
1784,0.500682
1785,0.00776348
1787,0.0775452
1789,0.326661
1790,0.283715
1792,0.354231
1794,0.275797
1795,0.337607
1796,0.348311
1797,0.348417
1802,0.426142
1803,0.283861
1804,0.104721
1805,0.17406
1806,0.178638
1808,0.212222
1814,0.00156114
1816,0.00390838
1817,0.00201212
1822,0.0212181
1825,0.00644405
1832,0.00173893
1835,0.175562
1838,0.226185
1843,0.0293152
1847,0.0248874
1848,0.0346261
1851,0.178189
1852,0.00100874
1853,8.5654e-05
1854,0.0117785
1855,0.000807169
1859,0.00140789
1864,0.0150096
1865,0.000468248
1869,0.222682
1870,0.0149454
1873,0.113394
1875,0.132094
1877,0.417651
1878,0.294512
1880,0.0580953
1882,0.392633
1883,0.345675
1885,0.0032575
1886,0.0015762
1888,0.0106374
1893,0.960057
1894,0.975289
1895,0.00478041
1902,0.00669183
1903,0.000428865
1904,0.00039712
1908,0.0128043
1909,0.00596713
1910,0.00823519
1912,0.00438674
1913,0.0927197
1919,0.00282471
1920,0.00311743
1924,0.00468223
1925,0.184897
1928,0.707538
1929,0.680778
1935,0.721146
1936,0.0022032
1937,0.0151098
1941,0.0191334
1943,0.0304379
1944,0.122816
1945,0.00160656
1947,0.298985
1950,0.0036702
1951,0.00202297
1955,0.00983983
1960,0.0405062
1963,0.0594609
1965,0.0512534
1972,0.0289521
1984,0.341612
1985,0.000635832
1988,0.00486065
1989,0.406929
1991,0.0179887
1992,0.0191806
1995,0.0865006
1996,0.0320357
1999,0.00734607
2000,0.0151237
2001,0.0105038
2003,0.00524394
2005,0.346978
2009,0.398372
2011,0.00091438
2013,0.232945
2015,0.000374833
2018,0.00463511
2019,0.000751233
2021,0.00329268
2023,0.0876169
2026,0.00558423
2029,0.00203462
2030,0.0077054
2031,0.00108157
2032,0.00366278
2035,0.248062
2037,0.000336686
2038,0.000136409
2039,0.00273928
2040,0.00284966
2041,0.0404911
2044,0.00571771
2046,0.00759449
2047,0.00209451
2049,0.00339569
2050,0.175058
2051,0.00970562
2052,0.00620481
2053,0.0154437
2055,0.0054434
2056,0.0293521
2063,0.00865535
2068,0.000477309
2069,0.00389913
2070,0.18055
2072,0.00185607
2075,0.00992174
2080,0.00855362
2082,0.00549135
2086,0.398375
2088,0.00737923
2089,0.00886993
2090,0.00248861
2091,0.00321948
2092,0.0081205
2094,0.00885823
2095,0.00416618
2096,0.0167334
2097,0.110289
2098,0.0221879
2100,0.729416
2103,0.00269799
2104,0.160516
2105,0.0224916
2106,0.0463331
2108,0.0084893
2109,0.00391927
2111,0.0192201
2112,0.00402782
2114,0.00218888
2115,0.00063713
2117,0.000782312
2118,0.128949
2120,0.992803
2121,0.994264
2122,0.993484
2124,0.994407
2125,0.99357
2127,0.993162
2128,0.99388
2129,0.99186
2131,0.992193
2132,0.00416345
2133,0.0261301
2134,0.0971293
2136,0.000867697
2142,0.083061
2143,0.974352
2144,0.975676
2145,0.970257
2146,0.133971
2147,0.964854
2148,0.961929
2152,0.964488
2155,0.949027
2156,0.965821
2158,0.00768075
2165,0.982698
2166,0.982993
2175,0.0878671
2176,0.0119844
2177,0.000732794
2178,0.950789
2182,0.00560974
2183,0.00123708
2187,0.0046936
2188,0.00242383
2189,0.00406376
2190,0.00055937
2194,0.00119242
2195,0.00223257
2197,0.0708333
2199,0.00233425
2200,0.340896
2205,0.194769
2210,0.33541
2211,0.249466
2213,0.250729
2214,0.264615
2215,0.216297
2218,0.164724
2219,0.151361
2221,0.0299461
2223,0.00210244
2224,0.0275622
2225,0.112774
2226,0.274095
2227,0.00645941
2230,0.00171909
2231,0.0664542
2232,1.55469e-05
2233,0.00584753
2234,0.0304037
2235,0.00178712
2236,0.000946566
2237,0.215832
2241,0.0909664
2242,0.00335014
2243,0.00258369
2244,0.00110157
2250,0.189054
2251,0.00721314
2252,0.00253885
2256,0.00843498
2260,0.00343015
2261,0.0016604
2262,0.0107387
2265,0.00117367
2267,0.00209038
2268,0.198948
2284,0.0174762
2285,0.0167254
2288,0.00896308
2293,0.14982
2297,0.00220121
2298,0.090666
2299,0.0011217
2300,0.0344559
2302,0.0104212
2307,0.0232307
2308,0.00275088
2309,0.0111801
2317,0.000654084
2320,0.00147576
2321,0.00961882
2322,0.301281
2326,0.00475691
2330,0.0143101
2332,0.028662
2334,0.298565
2336,0.00464417
2337,0.0227482
2338,0.0609339
2339,0.027647
2340,0.000797972
2345,0.172241
2346,0.0244216
2350,0.00138975
2351,0.015192
2353,0.00160191
2354,0.0142412
2357,0.00513034
2359,0.0084099
2360,0.00396559
2362,0.00844175
2363,0.000928462
2366,0.0951882
2373,0.00187528
2375,0.525388
2378,0.0186934
2379,0.00800522
2381,0.0131071
2384,0.0343243
2385,0.146441
2386,0.101042
2391,2.76527e-05
2393,0.0181912
2395,0.0015613
2396,0.253088
2399,0.00305052
2402,0.97004
2403,0.000139058
2404,0.953991
2410,0.947115
2411,0.958462
2412,0.947959
2414,0.00534306
2415,0.967898
2416,0.953452
2418,0.943648
2419,0.971326
2421,0.0244196
2422,0.0132993
2423,0.0031466
2424,0.269642
2426,0.0856541
2428,0.0121158
2429,0.00942919
2431,0.00255861
2432,0.0147178
2438,0.00533872
2441,0.00860673
2442,0.0664086
2444,0.0164654
2445,0.182489
2446,0.010672
2449,0.0497725
2450,0.0357446
2451,0.00151671
2452,0.0018415
2455,0.000377042
2459,0.00262227
2460,0.148344
2463,0.00284462
2465,0.00206869
2468,0.00807935
2469,0.000938331
2474,0.00241261
2478,0.0596165
2480,0.00445179
2483,0.962454
2486,0.00271196
2487,0.0307803
2488,0.000684554
2491,0.000256924
2492,0.146694
2496,0.0443827
2497,0.030487
2499,0.150896
2501,0.013456
2502,0.0237883
2504,0.297269
2505,0.0171158
2506,0.0182019
2507,0.0146588
2509,0.968896
2511,0.965665
2512,0.966886
2514,0.00197492
2515,0.00016727
2519,0.00139911
2521,0.000600012
2522,0.007412
2525,0.000400356
2529,0.0050301
2531,0.152563
2533,0.00708871
2535,0.169181
2537,0.00282282
2541,0.968314
2543,0.973598
2544,0.0027682
2546,0.000204128
2549,0.0261391
2551,0.00762309
2554,0.0219936
2558,0.148437
2561,0.00718341
2562,0.000860069
2563,0.0304194
2564,0.00902738
2565,0.00634224
2567,0.0119147
2568,0.001479
2570,0.00174015
2572,0.000799726
2573,0.00063384
2574,0.00672941
2577,0.00495528
2580,0.0448316
2583,0.265555
2584,0.275646
2585,0.324079
2589,0.0206716
2596,0.0219113
2599,0.00790314
2600,0.0200979
2602,0.0298403
2603,0.019324
2605,0.169525
2606,0.102529
2607,0.0451989
2608,0.00372028
2609,0.0492811
2610,0.00512943
2612,0.00111892
2614,0.00391526
2615,0.00271536
2616,0.0899847
2617,0.00250865
2621,0.00225308
2623,0.000103162
2624,0.00119817
2626,0.0467496
2634,0.411838
2635,0.0087184
2636,0.00379709
2637,0.104546
2638,0.07156
2639,0.00613919
2642,0.00249946
2643,0.00597998
2648,0.0241448
2650,0.00733162
2652,0.00190316
2653,0.0734223
2654,0.00191315
2660,0.00411365
2662,0.00022796
2665,0.00321372
2667,0.270893
2668,0.311712
2671,0.215668
2673,0.0195165
2675,0.0441031
2678,0.000738264
2679,0.00726194
2684,0.076459
2686,0.00302998
2688,0.0875159
2689,0.0133442
2692,0.00344025
2693,0.315751
2697,0.00525739
2698,0.0630259
2700,0.137057
2704,0.000375041
2705,0.0024359
2706,0.0366176
2713,0.00963837
2718,0.959125
2720,0.962164
2721,0.958789
2727,0.0357033
2728,0.951897
2729,0.941934
2735,0.00721688
2736,0.0428824
2737,0.777633
2738,0.161055
2739,0.00160821
2740,0.359924
2741,0.119315
2742,0.0124963
2744,0.666601
2746,0.743565
2748,0.73619
2750,0.702256
2751,0.733251
2752,0.79839
2758,0.71519
2759,0.749784
2760,0.698236
2763,0.818914
2765,0.735312
2767,0.756091
2768,0.789948
2769,0.00695021
2771,0.953198
2775,0.934812
2776,0.937843
2778,0.944535
2779,0.957624
2782,0.0445142
2783,0.00177003
2784,0.000821287
2785,0.00215298
2786,0.00166745
2788,0.0029699
2791,0.00456052
2793,0.0708079
2796,0.0274193
2797,0.367516
2803,0.00314715
2804,0.0109634
2807,0.00396658
2808,0.00413572
2810,0.00901449
2811,0.0122079
2817,0.00171865
2818,0.0258537
2820,0.0678245
2821,0.113234
2822,0.117363
2823,0.295213
2824,0.0820727
2825,0.0131698
2832,0.320937
2833,0.0154683
2835,0.0123282
2836,0.100887
2837,0.0179201
2838,0.00324546
2842,0.00412174
2843,0.00907385
2849,0.450612
2850,0.0573049
2851,0.000649871
2852,0.00459596
2855,0.00309003
2858,0.00951129
2861,0.000539296
2862,0.00149239
2866,0.000722576
2868,0.00816832
2869,0.00390485
2871,0.0124292
2872,0.00091369
2874,0.00478817
2875,0.00716017
2876,0.0023946
2879,0.0022353
2884,0.140648
2885,0.195996
2886,0.00263419
2889,0.000772631
2890,0.000634188
2891,0.00449246
2894,0.0022648
2897,0.242542
2899,0.0181187
2901,0.00460939
2902,0.45681
2903,0.00283381
2906,0.00598881
2907,0.00491216
2908,0.00731817
2910,0.00188956
2911,0.0007908
2914,0.00869342
2918,0.00627659
2921,0.616329
2923,0.0192371
2927,0.00211851
2928,0.155009
2930,0.0528737
2934,0.00187221
2935,0.051603
2939,0.000912585
2940,0.0109727
2941,0.00467777
2942,0.0184451
2943,0.00327208
2944,0.0017977
2945,0.00513539
2946,0.00165771
2947,0.00229404
2949,0.302409
2954,0.391963
2955,0.0834304
2956,0.0236334
2958,0.00194407
2961,0.139065
2962,0.207482
2963,0.154835
2966,0.0912426
2967,0.124827
2968,0.0903597
2969,0.115912
2970,0.0854205
2971,0.0688535
2976,0.0547706
2978,0.140576
2981,0.0473421
2982,0.00254189
2984,0.081229
2985,0.00511846
2986,0.00721804
2987,0.00349712
2990,0.0158011
2993,0.0497113
2995,0.0850046
2999,0.255259
3000,0.00648134
3001,0.15445
3005,0.000980035
3006,0.0467242
3007,0.00175557
3008,0.00766953
3009,0.0151792
3012,0.0136257
3013,0.203787
3016,0.110883
3017,0.000269958
3018,0.0111174
3019,0.163894
3020,0.010426
3021,0.000847599
3022,0.000642699
3024,0.00449037
3025,0.000834322
3026,0.00166846
3029,0.00779201
3031,0.00630299
3032,0.00733389
3034,0.130463
3039,0.0753976
3041,0.0244316
3042,0.0315376
3044,0.00344175
3046,0.00334774
3047,0.0382533
3049,0.0724898
3050,0.00146904
3051,0.0038252
3052,0.0032166
3056,0.00182398
3061,0.00710831
3062,0.00745527
3063,0.0899286
3064,6.0555e-06
3065,0.0423956
3066,0.00506785
3067,0.00471561
3075,0.0749657
3077,0.0387985
3078,0.00167103
3079,0.00149888
3080,0.0061672
3081,0.0127262
3082,0.000192956
3083,0.0373188
3085,0.0358077
3086,0.00284609
3088,0.00218665
3091,0.00121236
3092,3.03085e-06
3093,0.00130366
3096,0.00118114
3098,0.00997805
3099,0.00142484
3101,0.0261442
3105,0.000130146
3107,0.0603443
3108,0.0568778
3112,0.0040475
3113,0.765336
3116,0.00136788
3117,0.000208721
3121,0.00931603
3122,0.000994178
3123,0.0381237
3127,0.00279013
3130,0.00803196
3131,0.447562
3133,0.00200184
3137,0.309303
3138,0.0172059
3140,0.00102802
3141,0.00236228
3145,0.00233508
3148,0.0199164
3150,0.00818363
3152,0.00522965
3153,0.11936
3154,0.00982929
3155,0.0465803
3157,0.0241188
3158,0.00076337
3159,0.00607272
3160,0.0264627
3161,0.00746121
3162,0.00680892
3164,0.00430956
3166,0.0241638
3167,0.00226544
3169,0.000207891
3175,0.0118225
3177,0.00381428
3182,0.0157793
3184,0.106859
3185,0.0928866
3186,0.0308199
3187,0.0660056
3189,0.0563982
3191,0.0058945
3195,0.0212626
3197,0.00270548
3199,0.000613288
3205,0.234874
3207,2.5767e-05
3211,0.212642
3213,0.000383059
3215,0.207676
3217,0.000426513
3218,0.037126
3219,0.0546905
3225,0.0509211
3228,0.00100481
3231,0.000180435
3234,0.00806155
3235,0.250058
3236,0.000874877
3242,0.0270107
3243,0.0013266
3245,0.0440071
3246,0.00933176
3249,0.75484
3250,0.77265
3251,0.687081
3253,0.760472
3254,0.00109281
3255,0.750976
3257,0.0333362
3258,0.0411636
3259,0.0213046
3262,0.00819064
3266,0.0959546
3269,0.0551262
3270,0.107129
3271,0.0554171
3273,0.00772214
3275,0.00125364
3277,0.0103203
3278,0.00530928
3281,0.0143009
3282,0.197306
3285,0.00872492
3286,0.0250234
3287,0.000730827
3289,0.00439979
3291,0.00758299
3293,0.00713946
3301,0.110351
3302,0.00341778
3309,0.00537268
3310,0.000281105
3313,0.0158237
3314,0.00257685
3315,0.323718
3323,0.00426304
3324,0.00860506
3327,0.00220077
3331,0.00530375
3335,0.000520247
3336,0.000553232
3338,0.00212662
3340,0.000353149
3341,0.384091
3351,1.14498e-05
3353,0.0493253
3354,0.000480413
3356,0.0153212
3357,0.0229218
3359,0.027324
3360,0.749183
3364,0.726778
3365,0.470486
3368,0.00879735
3370,0.00517215
3371,0.00902789
3373,0.00370351
3377,0.000737537
3378,0.00317867
3380,0.0225668
3381,0.0202021
3382,0.0597017
3385,0.0041406
3390,0.0167017
3393,0.00207875
3395,0.0133838
3402,0.00540924
3403,0.00183645
3407,0.00595529
3408,0.0170297
3409,0.000957884
3410,0.00194456
3412,0.00220081
3413,0.0372513
3414,0.00521963
3425,0.00285297
3429,0.00865286
3430,0.00248359
3432,0.0028328
3433,0.0292734
3434,0.00311607
3455,0.00105613
3456,0.00807492
3458,0.037793
3462,0.00289146
3466,0.0394474
3469,0.00571886
3472,0.00154038
3474,0.00148917
3494,0.0108704
3495,0.0232466
3496,0.00699101
3497,0.0268299
3498,0.0310713
3499,0.0310527
3500,0.00179352
3501,0.167313
3513,0.00535156
3515,0.00780692
3516,0.0848109
3519,0.0824794
3527,0.00768999
3528,0.825374
3530,0.778882
3531,0.782883
3533,0.11851
3535,0.750178
3536,0.801743
3539,0.737835
3540,0.820433
3547,0.73908
3550,0.811596
3551,0.803401
3552,0.815151
3553,0.815571
3554,0.0174471
3556,0.0784607
3585,0.0234334
3587,0.00984494
3590,0.116157
3591,0.0158282
3592,0.0011018
3593,0.0165766
3597,0.000504983
3603,0.00123082
3604,0.000592059
3609,0.00332878
3610,0.00137481
3611,0.00211305
3612,0.0163525
3615,0.000633425
3616,0.0205922
3622,0.0166131
3623,0.0540314
3625,0.0250138
3626,0.120321
3629,0.0118937
3630,0.00197214
3631,0.00128501
3632,0.00626997
3634,0.00181367
3638,0.00347103
3641,0.209776
3642,0.00399503
3645,0.0354918
3646,0.00418108
3648,0.0100974
3651,0.000866394
3654,0.0117887
3656,0.00231384
3657,0.0604526
3658,0.000172778
3659,0.243615
3661,0.297127
3662,0.00398353
3664,0.991752
3667,0.987698
3669,0.986008
3673,0.984292
3674,0.979873
3675,0.979865
3677,0.977186
3679,0.976568
3681,0.966066
3682,0.977465
3687,0.00562199
3689,0.538882
3691,0.00387657
3692,0.107315
3693,0.00458598
3696,0.0097809
3697,0.0829381
3701,0.552976
3702,0.000831012
3703,0.0271534
3704,0.189639
3705,0.0132515
3709,0.00653001
3710,0.0264644
3711,0.0284359
3712,0.0015459
3713,0.00415635
3714,0.0103575
3717,0.0261314
3718,0.00498277
3720,0.0688403
3721,0.00136778
3722,0.000659481
3723,0.00401911
3754,0.000111196
3756,0.000887963
3757,0.000451262
3759,0.100888
3762,0.00412829
3764,0.067605
3765,0.000896148
3773,0.00362717
3774,0.00843946
3775,0.0181652
3776,0.0154752
3777,0.0653168
3779,0.00693455
3782,0.0621146
3786,0.0137861
3787,0.000842235
3793,0.0934767
3796,0.0840798
3798,0.016743
3799,0.256134
3800,0.217375
3801,0.219818
3802,0.154678
3805,0.215098
3806,0.142386
3808,0.203475
3809,0.067825
3810,0.00171125
3812,0.0315925
3813,0.00269437
3820,0.0142083
3821,0.000712101
3825,0.0451405
3828,0.0160964
3832,0.000807358
3839,0.00890071
3840,0.000805556
3843,0.291551
3844,0.000601026
3846,0.00609757
3847,0.0414084
3849,0.108997
3851,0.00392485
3852,0.0145058
3853,0.000474624
3855,0.537488
3858,0.603016
3863,0.00320506
3866,0.0191783
3867,0.150341
3871,0.380343
3873,0.00143585
3874,0.000513778
3877,0.000595401
3879,0.00496031
3880,0.000432014
3882,0.0174171
3883,0.0532544
3885,0.00347137
3888,0.00690585
3891,0.34852
3897,0.00845657
3900,0.00516387
3901,0.00244283
3902,0.033041
3903,0.00750436
3904,0.000732479
3907,1.85185e-05
3909,0.000951281
3914,0.000307261
3915,0.00183121
3917,0.00983123
3921,0.00159621
3922,0.00151198
3923,0.00347559
3929,0.00620314
3931,0.0263472
3934,0.609635
3935,0.577886
3936,0.603622
3937,0.61716
3939,0.569645
3941,0.000691029
3944,0.095709
3956,0.000602957
3957,0.00238409
3960,0.00101321
3961,0.0210551
3963,0.00728846
3969,0.00420307
3971,0.0106703
3972,0.0149858
3976,0.0022854
3978,0.0846729
3979,0.00101466
3980,0.0221456
3986,0.00101791
3988,0.00204384
3989,0.0029329
3990,0.00890877
3997,0.0299477
3999,0.00346482
4000,0.000806414
4001,0.00119897
4002,0.0160593
4003,0.0974376
4004,0.0398904
4006,0.0100437
4014,0.0222629
4018,0.00606768
4019,0.00198094
4020,0.000628898
4021,0.0046744
4022,0.00645867
4023,0.000704704
4024,0.0112596
4031,0.0172786
4033,0.0154034
4035,0.0260838
4038,0.00831976
4039,0.00649911
4041,0.00691645
4043,0.0688488
4044,0.173824
4046,0.00469668
4047,0.00169053
4050,0.00348299
4053,0.0556024
4054,0.00352428
4056,0.0154025
4058,0.00533702
4067,0.801104
4068,0.734436
4069,0.714414
4076,0.0033446
4081,0.00299909
4082,0.162968
4083,0.00106383
4089,0.00465482
4090,0.0822751
4092,0.00331899
4093,0.00171645
4094,0.0369446
4097,0.00619253
4100,0.0054029
4101,0.829568
4102,0.703829
4104,0.816971
4105,0.799155
4108,0.747824
4110,0.818
4111,0.792312
4112,0.840475
4117,0.772253
4121,0.954698
4122,0.0136159
4123,0.809059
4125,0.836363
4126,0.787976
4127,0.797229
4128,0.76805
4131,0.796931
4136,0.958691
4137,0.963206
4138,0.944492
4139,0.941462
4141,0.941719
4151,0.941814
4152,0.948519
4153,0.952073
4154,0.951153
4157,0.940092
4161,0.972378
4163,0.953897
4164,0.94958
4168,0.943254
4169,0.94781
4170,0.935257
4171,0.937627
4172,0.939534
4173,0.962707
4176,0.964243
4180,0.961259
4181,0.966252
4182,0.967092
4184,0.0598583
4185,0.00766814
4188,0.00818892
4199,0.00147249
4200,0.00392842
4202,0.00163214
4205,0.0285305
4208,0.023966
4209,0.00705726
4210,0.045275
4211,0.000513398
4215,0.0136855
4216,0.387777
4220,0.000388185
4221,0.00140808
4224,0.0124055
4225,0.00881307
4228,0.00260122
4229,0.00326404
4231,0.0123542
4232,0.000194712
4233,0.00194162
4236,0.00363122
4239,0.00112131
4240,0.0157793
4242,0.0127018
4244,0.0327488
4245,0.00133097
4246,0.0360588
4249,0.285342
4250,0.859552
4254,0.844075
4255,0.0170638
4258,0.826708
4261,0.866755
4263,0.859981
4264,0.839901
4265,0.850331
4267,0.827021
4269,0.854843
4270,0.825602
4274,0.866786
4276,0.0262552
4279,0.00695094
4281,0.0133719
4283,0.993549
4284,0.996046
4286,0.00520816
4289,0.0745118
4293,0.085103
4294,0.000941356
4296,0.00226593
4297,0.040325
4301,0.00198205
4306,0.000634964
4308,0.000786708
4310,0.0444773
4312,0.0286366
4313,0.0111774
4315,0.00694745
4319,0.669421
4320,0.624248
4325,0.00844216
4328,0.00263443
4335,0.00752403
4338,0.175934
4340,0.0113629
4341,0.020098
4342,0.000412867
4344,0.110663
4348,0.915552
4351,0.883919
4355,0.895154
4356,0.890051
4359,0.893417
4360,0.0165529
4363,0.889964
4365,0.90096
4366,0.910728
4368,0.881708
4370,0.891624
4372,0.839994
4373,0.834435
4375,0.857575
4377,0.835895
4378,0.821851
4380,0.81451
4381,0.862423
4383,0.757702
4384,0.782939
4386,0.811787
4390,0.000516632
4394,0.00549185
4395,0.0546189
4396,0.00478854
4397,0.675753
4398,0.0368144
4401,0.00439051
4404,0.0020336
4406,0.00100993
4407,0.00128574
4409,0.000945975
4410,0.00221138
4411,0.0172866
4412,0.00228196
4414,0.000638211
4421,0.0199155
4423,0.00145073
4424,0.110854
4426,0.0389533
4427,0.0321537
4434,0.000564648
4435,0.0054082
4437,0.00124078
4439,0.179968
4446,0.195076
4448,0.0261936
4450,0.0230109
4461,0.653365
4462,0.00107488
4463,0.375668
4464,0.024232
4465,0.0190301
4466,0.00855503
4467,0.00952247
4468,0.250507
4474,0.608332
4476,0.652934
4477,0.668729
4478,0.633359
4484,0.00206109
4485,0.015485
4496,0.994154
4499,0.0245643
4500,0.00117105
4502,0.00625147
4506,0.64291
4507,0.634143
4512,0.696352
4513,0.749592
4516,0.792853
4519,0.832293
4521,0.817925
4527,0.903562
4528,0.830844
4529,0.895798
4533,0.864111
4534,0.831266
4535,0.864334
4536,0.882223
4537,0.934753
4538,0.930209
4539,0.927861
4541,0.879645
4547,0.923771
4550,0.959575
4551,0.947653
4555,0.956947
4556,0.94878
4562,0.631762
4563,0.224584
4564,0.00125784
4568,0.00145192
4574,0.0110207
4575,0.000725812
4579,0.0192034
4588,0.00385243
4602,0.000158538
4605,0.00445224
4607,0.980269
4608,0.00539418
4611,0.330109
4614,0.485962
4615,0.00109355
4617,0.0108683
4619,0.00635579
4620,0.00231405
4623,0.00198292
4625,0.000115986
4626,0.00522332
4629,0.0440281
4630,0.0860161
4631,0.000538919
4641,0.0271333
4651,0.000122074
4654,0.0015375
4656,0.0237685
4660,0.0138911
4662,0.536338
4665,0.976735
4666,0.978711
4667,0.979957
4670,0.969154
4671,0.0215807
4672,0.0279186
4673,0.00651439
4674,0.158398
4675,0.00127376
4676,0.00114441
4677,0.00105299
4678,0.000647878
4682,0.000730803
4686,0.000452512
4689,0.012163
4696,0.00294643
4698,0.00182312
4701,0.0166157
4702,0.0151594
4704,0.00776757
4707,0.667815
4711,0.000403663
4712,0.000109727
4715,0.0105201
4718,0.00479663
4721,0.0163266
4727,0.00232476
4728,0.0583498
4731,0.0143408
4735,0.00285411
4736,0.0469749
4740,0.238854
4743,0.00167142
4745,0.0484987
4747,0.00114269
4751,0.0153309
4752,0.0124024
4755,0.0078397
4757,0.00327997
4758,0.0122461
4761,0.00537106
4762,0.00522979
4767,0.0142855
4768,0.00339741
4769,0.000335309
4770,0.0175127
4782,0.00708281
4783,0.0443955
4785,0.0411986
4786,0.000653499
4789,0.00195859
4792,8.35661e-05
4805,0.0013121
4807,0.0652751
4808,0.00049536
4811,0.0152236
4813,0.00620788
4815,0.000844312
4816,0.0115479
4821,0.000405139
4823,0.295001
4826,0.0534219
4829,0.0156838
4835,0.0516428
4836,0.308021
4838,0.000999323
4847,0.0185608
4850,0.00434086
4852,0.00244617
4853,0.060586
4855,0.000573227
4858,0.00983938
4860,0.461811
4862,0.997179
4865,0.997235
4867,0.019994
4869,0.000617605
4870,0.0624295
4876,0.0117846
4877,0.00303823
4882,0.00115406
4885,0.14632
4886,0.00298931
4888,0.0559547
4895,0.00221659
4897,0.0239085
4898,0.00388775
4899,0.00260191
4900,0.00366195
4904,0.140766
4905,0.0186328
4907,0.0637407
4909,0.00294272
4910,0.0193108
4911,0.997234
4912,0.996626
4915,0.0137798
4916,0.0118338
4917,0.301077
4919,0.160605
4922,0.000918311
4925,0.0714616
4928,0.00206506
4929,0.0555708
4931,0.00271612
4933,0.0817768
4935,0.00058942
4936,0.00559262
4937,0.000471161
4939,0.0100824
4940,0.00265501
4941,0.00297535
4942,0.00638167
4944,0.130755
4946,0.122926
4947,0.0935649
4948,0.401204
4954,0.0154351
4955,0.053431
4957,0.00642616
4958,0.000182863
4962,0.00413517
4963,0.176796
4966,0.288281
4967,0.0208085
4969,0.0190004
4970,0.0554874
4971,0.00612746
4974,0.00699664
4979,0.00250872
4980,0.0567153
4982,0.00647231
4987,0.0409527
4990,0.0147367
4991,0.00758025
4992,0.00478778
4993,0.023822
4994,0.0223747
4995,0.0634969
4997,0.0447365
4999,0.01371
5000,0.00383302
5001,0.154753
5002,0.0297658
5005,0.000381216
5010,0.0507983
5011,0.0164279
5014,0.0167238
5015,0.00706322
5016,0.00772694
5017,0.0110831
5018,0.0015465
5019,0.00509597
5020,0.00269069
5021,0.00904889
5022,0.00770033
5023,0.218722
5024,0.00101713
5025,0.000928858
5026,0.00583097
5027,0.045459
5028,0.0068598
5030,0.0246727
5031,0.00173474
5032,0.00282562
5033,0.00270267
5034,0.0693708
5039,0.0291298
5040,0.0146885
5041,0.0843108
5042,0.00932152
5045,0.0192923
5046,0.00131053
5049,0.00462688
5050,0.040904
5054,0.00285235
5057,0.00586309
5060,0.0105201
5061,0.0119093
5063,0.996663
5064,0.997392
5065,0.997049
5068,0.083983
5070,0.198418
5071,0.99739
5076,0.00394616
5077,0.00444234
5079,0.111664
5080,0.0157508
5083,0.0042238
5085,0.355441
5087,0.00939268
5089,0.00847348
5090,0.355279
5091,0.142809
5095,0.00783936
5097,0.0738708
5098,0.136463
5101,0.00355577
5102,0.0834311
5103,0.00274314
5105,0.333656
5109,0.0149848
5112,0.00228179
5115,0.0586004
5121,0.993382
5122,0.0118388
5123,0.0174723
5126,0.000875195
5127,0.018404
5130,0.997667
5131,0.000389652
5137,0.178586
5139,0.294173
5141,0.229385
5143,0.18957
5144,0.00102407
5146,0.178649
5148,0.157048
5149,0.214109
5151,0.149713
5154,0.00448587
5156,0.0190353
5157,0.082967
5159,0.0201417
5160,0.270743
5166,0.000846911
5169,0.00248741
5170,0.0446453
5172,0.0106762
5174,0.178013
5177,0.000547031
5179,0.0410832
5182,0.00119225
5183,0.130724
5187,0.00221193
5188,0.0150237
5190,0.998332
5192,0.0488916
5195,0.997516
5200,0.0225112
5201,0.13492
5202,0.000639175
5203,0.00407018
5205,0.00336012
5206,0.114023
5207,0.0112006
5217,0.0164637
5218,8.54594e-05
5220,0.00760635
5221,0.0931133
5224,0.00144877
5225,0.997513
5227,0.00456526
5229,0.00388281
5230,0.0312699
5232,0.132665
5233,0.0154341
5235,0.00236383
5236,0.0102607
5239,0.00340891
5241,0.300886
5242,0.0029412
5244,0.0231494
5246,0.0429628
5247,0.065073
5250,0.000594033
5251,0.997789
5252,0.997295
5255,0.000972522
5256,0.00349329
5257,0.00106137
5260,0.0660253
5261,0.0380692
5262,0.0241452
5264,0.0287026
5267,0.00201646
5268,0.00151774
5270,0.00818611
5273,0.0538314
5275,0.000390582
5277,0.0577156
5279,0.0245002
5282,0.159097
5287,0.010701
5290,0.000514249
5291,0.206008
5293,0.0030581
5297,0.231275
5298,0.0352983
5299,0.0180188
5300,0.0146395
5302,0.0136529
5305,0.00448625
5311,0.00959482
5312,0.000184879
5313,0.0488857
5314,0.0362353
5315,0.026019
5316,0.00657921
5319,0.00771565
5321,0.00213352
5323,0.00925082
5326,0.0149482
5327,0.000727539
5328,0.00223924
5329,0.0359022
5331,0.00154137
5334,0.191593
5335,0.0231061
5337,0.0520213
5340,0.00333599
5342,0.013968
5344,0.00196968
5345,0.049412
5346,0.068447
5348,0.0013813
5349,0.0456642
5351,0.0941801
5353,0.00803912
5354,7.70035e-05
5357,0.00190145
5359,0.00114965
5362,0.209882
5363,0.00452724
5364,0.00128762
5366,0.11828
5369,0.00611944
5371,0.00495601
5372,0.00789201
5382,0.075162
5384,0.00155738
5385,0.0446012
5388,0.0183696
5389,0.0314497
5390,0.072139
5391,0.00509006
5392,0.0108031
5393,0.00852195
5396,0.997726
5398,0.997861
5399,0.99824
5401,0.997827
5402,0.998165
5406,0.997784
5409,0.0750251
5422,0.017512
5424,0.017173
5427,0.0057057
5428,0.026005
5431,0.997771
5433,0.00164506
5434,0.00172986
5435,0.00401823
5438,0.00494702
5439,0.00614071
5444,0.000984558
5445,0.066901
5446,0.0252864
5448,0.0157173
5450,0.00163811
5453,0.0395176
5455,0.0569205
5457,0.00198054
5459,0.0436539
5461,0.0155683
5463,0.00852531
5464,0.00546515
5465,0.0243249
5467,0.0524255
5469,0.0250381
5470,0.0589082
5471,0.0179227
5472,0.0223769
5473,0.0016808
5475,0.00100576
5478,0.020787
5479,0.000882809
5480,0.0151422
5484,0.00267819
5486,7.71916e-06
5487,0.00506081
5489,0.0378978
5492,0.0260035
5494,0.0136309
5495,0.00258943
5501,0.000745963
5502,0.00175945
5503,0.000785991
5507,0.00489357
5508,0.000791077
5511,0.0305797
5515,0.00172236
5519,0.00660152
5522,0.000981423
5524,0.00151276
5525,0.0199833
5527,0.00159441
5531,0.00614364
5533,0.025965
5534,0.0639529
5535,0.0158138
5536,0.000914722
5543,0.0390008
5545,0.00635643
5547,0.00348184
5548,0.0220537
5549,0.00251415
5550,0.0164076
5551,0.000932317
5552,0.00236972
5553,0.00638868
5554,0.00143511
5556,0.0923568
5557,0.151117
5559,0.000698133
5560,0.00729276
5561,0.00681302
5562,0.00542126
5563,0.0253673
5567,0.00471515
5571,0.00162202
5575,0.343232
5582,0.0970023
5585,0.997894
5588,0.421075
5593,0.00293458
5594,0.000674149
5595,0.00673825
5596,0.00999214
5597,0.0113878
5598,0.00179997
5607,0.0116157
5610,0.0221475
5612,0.0016652
5619,0.0739953
5622,0.0164299
5624,0.00447694
5625,0.0322775
5626,0.00153073
5628,0.0531978
5630,0.00682357
5631,0.0654982
5636,0.0791701
5637,0.716282
5638,0.0120743
5639,0.00636484
5642,0.0446847
5645,0.0155724
5646,0.00892383
5647,0.0227835
5650,0.00698247
5652,0.163567
5653,0.0532002
5654,0.0576011
5655,0.0498651
5658,0.00876552
5659,0.00187866
5660,0.0113247
5661,0.00441125
5664,0.0169208
5665,0.0163403
5667,0.0199041
5669,0.00268783
5670,0.267505
5672,0.0276168
5673,0.0121588
5675,0.00105669
5676,3.0984e-05
5677,0.0215059
5679,0.0674941
5680,0.0111118
5685,0.00413239
5686,0.00768906
5687,7.35466e-05
5692,0.0889145
5693,0.00419643
5695,0.796338
5699,0.00205638
5700,0.000409528
5701,0.0531104
5707,0.0401733
5708,0.0218013
5714,0.00058394
5716,0.0666922
5717,0.00151364
5718,0.000845475
5720,0.00799065
5725,0.0817946
5726,0.00335165
5728,0.00594887
5730,0.0632167
5731,0.000323775
5732,0.00957998
5734,0.00113713
5735,0.00879567
5736,0.0169077
5740,0.00193185
5758,0.0342816
5767,0.125385
5769,0.00181347
5771,0.00849739
5774,0.00115324
5775,0.0023933
5776,0.015389
5777,0.00069073
5778,0.0284759
5782,0.0614227
5784,0.00535371
5786,0.171052
5791,0.000739442
5794,0.000582696
5795,0.0849662
5797,0.00143554
5802,0.00746646
5803,0.996773
5804,0.00480183
5810,0.995937
5812,0.00778174
5815,0.993324
5816,0.994216
5821,0.00395831
5827,0.0107756
5828,0.000787065
5833,0.0352373
5836,0.215973
5839,0.0110708
5845,0.0733007
5850,0.0414013
5852,0.000786318
5853,0.00173602
5856,0.0391816
5858,0.00388242
5863,0.00581044
5867,0.040939
5870,0.00467364
5876,0.01068
5877,0.0241294
5879,0.0221118
5880,0.0149171
5881,0.00511304
5883,0.0449138
5884,0.191212
5885,0.00368854
5886,0.00345044
5891,0.0567736
5892,0.00588348
5893,0.0211023
5894,0.00593336
5895,0.00101826
5900,0.163894
5905,0.0482269
5906,0.0166855
5912,0.00230621
5913,0.000668589
5919,0.0231887
5920,0.000185884
5922,0.000400325
5923,0.0840717
5928,0.00177146
5929,0.0148745
5930,0.00174657
5932,0.0148431
5935,0.000365785
5936,0.00770949
5939,0.0211367
5940,0.00624831
5942,0.00265802
5944,0.16479
5945,0.000606838
5946,0.15995
5947,0.000679219
5948,0.0155313
5954,0.00304506
5955,0.0913937
5956,0.0311566
5958,0.13852
5961,0.00509227
5962,0.000211408
5963,0.0303701
5965,0.00903151
5972,0.0010261
5974,0.0306492
5977,0.00118258
5980,0.00306411
5982,0.000926794
5983,0.0561667
5984,0.0505716
5985,0.0059122
5987,0.0044268
5988,0.000334401
5989,0.00135005
5991,0.448209
5994,0.00323175
5996,0.255794
5997,0.00816309
5998,0.0174337
5999,0.0022217
6000,3.90392e-05
6003,0.00515813
6007,0.0018726
6009,0.0345184
6012,0.0267076
6013,0.00615488
6015,0.0114951
6016,0.00261112
6018,0.0147112
6019,0.305106
6023,0.996314
6024,0.99688
6025,0.995555
6026,0.000381922
6027,0.0347549
6029,0.00169083
6032,0.0219006
6033,0.00197478
6037,0.0216417
6039,0.010591
6040,0.00400437
6047,0.029788
6048,0.0241613
6050,0.0353566
6051,0.99455
6052,0.121614
6059,0.0175036
6060,0.0163397
6061,0.0293387
6063,0.729521
6067,0.012524
6069,0.0422749
6073,0.00218833
6075,0.000183858
6076,0.00934226
6079,0.00116683
6082,0.121346
6084,0.0520528
6087,0.00219279
6089,0.0485646
6091,0.0139722
6094,0.0177508
6095,0.00570138
6096,0.0129097
6098,0.0478912
6100,0.017231
6101,0.996726
6103,0.994133
6104,0.00193504
6105,0.994925
6106,0.0136157
6107,0.0170722
6108,0.00754697
6109,0.0778804
6110,0.031964
6111,0.00195023
6112,0.00298085
6115,0.00918195
6120,0.00230479
6121,0.0563261
6123,0.00780154
6125,0.064045
6126,0.00582184
6127,0.00631178
6129,0.0346386
6133,0.0903986
6134,0.0347596
6135,0.0379705
6138,0.007908
6141,0.0105131
6142,0.0601945
6146,0.00312395
6148,0.016185
6153,0.00576777
6154,0.0499916
6155,0.00387336
6156,0.971443
6157,0.0101825
6158,0.000773305
6159,0.0111734
6160,0.00480953
6161,0.000603586
6163,0.00909627
6165,0.0352613
6167,0.127569
6168,0.00485176
6169,0.0412685
6172,0.00745298
6176,0.0958078
6177,0.00113295
6178,0.00220891
6180,0.00901789
6183,0.000957542
6188,0.0376373
6189,0.00280742
6190,0.0760775
6191,0.00151979
6196,0.00161476
6197,0.0450257
6203,0.00486974
6207,0.259598
6208,0.00102676
6211,0.0117692
6213,0.00384564
6214,0.00959404
6217,0.0181728
6218,0.0233237
6219,0.000988109
6223,0.0937214
6227,0.0030092
6229,0.0141599
6231,0.00664167
6236,0.000478783
6238,0.0739567
6239,0.00399029
6240,0.00276775
6242,0.00131522
6245,0.000852993
6249,0.0406877
6250,0.00205849
6251,0.0533462
6253,0.0092085
6254,0.0118119
6256,0.0122476
6260,0.0787054
6261,0.0270878
6263,0.99549
6264,0.994244
6268,0.00332542
6270,0.00145226
6272,0.00777113
6276,0.00176268
6277,0.0919292
6278,0.143958
6279,0.0346605
6285,0.00490708
6286,0.000805986
6287,0.000612303
6289,0.000880175
6290,0.00277922
6291,0.104642
6292,0.00785895
6294,0.137403
6295,0.00303191
6296,0.0107043
6297,0.0944637
6298,0.017824
6301,0.0106728
6302,0.00321976
6303,0.00275434
6305,0.0273965
6306,0.0212209
6309,0.00164004
6310,0.0146218
6313,0.00502513
6317,0.0022463
6319,0.0986476
6320,0.147435
6321,0.0110615
6326,0.00253199
6329,0.00410095
6330,0.00805404
6331,0.0243023
6334,0.00734849
6335,0.020411
6336,0.3225
6338,0.0184115
6339,0.19465
6340,0.084245
6341,0.0123875
6342,0.00395217
6345,0.000836112
6348,0.0476297
6356,0.0355488
6358,0.0104381
6359,0.108012
6362,0.0305459
6364,0.0101311
6365,0.00877116
6366,0.00329426
6371,0.019433
6373,0.110043
6377,0.0369042
6379,0.000614908
6380,0.00930013
6383,0.00387975
6386,0.111605
6389,0.475889
6390,0.00145265
6393,0.00318442
6394,0.000940818
6395,0.185175
6396,0.203929
6397,0.151902
6399,0.104456
6400,0.00499805
6401,0.0552298
6405,0.00195164
6407,0.197598
6409,0.0111341
6411,0.0446976
6413,0.020464
6414,0.00143277
6416,0.0716516
6417,0.00203607
6420,0.00294739
6421,0.000756375
6435,0.0190972
6436,0.00356274
6438,0.0111671
6439,0.00366549
6441,0.0363849
6443,0.00492151
6444,0.0111057
6445,0.000193168
6446,0.00676692
6447,0.00320786
6451,0.000921903
6452,0.00143133
6455,0.00128137
6457,0.00852985
6458,0.401921
6459,0.0812413
6462,0.0064431
6466,0.00634488
6467,0.0109957
6468,0.0101723
6471,0.0409353
6474,0.00154935
6475,0.00260549
6476,0.0987401
6478,0.00308433
6480,0.00152095
6483,0.0912835
6484,0.0041703
6485,0.0321888
6487,0.13446
6490,0.0170864
6494,0.00347813
6499,0.0656498
6500,0.0622084
6501,0.00112792
6502,0.0617429
6503,0.0614349
6504,0.0263664
6505,0.00352261
6507,0.00387272
6509,0.0140618
6511,0.00278758
6513,0.00737094
6515,0.0210431
6516,0.062427
6517,0.124899
6520,0.0521662
6523,0.00612994
6528,0.00291027
6530,0.000381628
6532,0.0385679
6533,0.00433573
6535,0.00576251
6536,0.00110258
6539,0.00338041
6542,0.032809
6543,0.0629983
6545,0.000560564
6550,0.0450364
6552,0.0716868
6553,0.00339512
6556,0.206284
6558,0.00833863
6560,0.00747816
6561,0.0067648
6564,0.000527212
6565,0.119521
6574,0.01433
6577,0.00961454
6581,0.034375
6582,0.564608
6583,0.160968
6585,0.0052874
6586,0.000600086
6587,0.000771181
6589,0.0799149
6591,0.0119316
6593,0.00177129
6597,0.00156955
6598,0.0202674
6600,0.0707498
6602,0.0047651
6604,0.00972001
6605,0.0875379
6606,0.00278502
6607,0.0155063
6608,0.00137513
6611,0.0388531
6612,0.00189255
6613,0.00352443
6614,0.0567914
6615,0.15205
6617,0.0258821
6620,0.00520537
6621,0.00369937
6624,0.0269678
6628,0.00458032
6630,0.0414737
6631,0.416518
6634,0.00416854
6635,0.00585103
6637,0.00657285
6638,0.00235937
6641,0.00257317
6642,0.0061726
6643,0.00449896
6647,0.00325343
6648,0.0838484
6649,0.0172055
6650,0.00866237
6652,0.017811
6654,0.00164174
6657,0.00863369
6658,0.00234889
6659,0.0128521
6660,0.00136246
6661,0.0301249
6664,0.0128962
6669,0.00393484
6672,0.20015
6674,0.00153481
6679,0.112665
6684,0.000726788
6688,0.0197036
6689,0.00124936
6691,0.00743349
6693,0.0221762
6694,0.012624
6700,0.0137853
6701,0.0161432
6702,0.0183181
6704,0.00407809
6706,0.00109996
6710,0.0210571
6711,0.0343799
6713,0.00563873
6714,0.00640504
6715,0.00705212
6716,0.0125976
6724,0.0119288
6727,0.0110763
6729,0.213658
6731,0.00226876
6733,0.529432
6734,0.0143823
6735,0.0244558
6736,0.0913489
6737,0.00860025
6738,0.314476
6740,0.00810291
6742,0.0972902
6744,0.00502101
6746,0.00532721
6747,0.017769
6749,0.00249334
6750,0.013706
6753,0.00290124
6754,0.165525
6755,0.000125219
6756,0.0359267
6758,0.021978
6759,0.0142293
6761,0.0013284
6762,0.00192328
6763,0.0456409
6766,0.000133483
6767,0.00541762
6770,0.995249
6775,0.0527825
6779,0.00414041
6780,0.0235481
6782,0.0643173
6783,0.00868221
6786,0.00110847
6787,0.00266709
6791,0.0303476
6793,0.104801
6796,0.000133711
6798,0.376005
6799,0.272593
6800,0.315416
6803,0.0168737
6806,0.00393982
6807,0.00258159
6810,0.0407595
6811,0.106513
6813,0.000899359
6817,0.0205198
6819,0.00272
6822,0.0209587
6823,0.0132684
6824,0.115009
6825,0.00055076
6826,0.00533644
6827,0.108768
6830,0.0182246
6834,0.0914092
6835,0.00169304
6836,0.000401404
6842,0.684222
6843,0.994965
6846,0.0010055
6847,0.00160989
6850,0.0338433
6855,0.0017915
6856,0.000575096
6857,0.0969355
6858,0.00355937
6860,0.0189102
6861,0.0124214
6863,0.00709688
6868,0.00270919
6869,0.00111226
6871,0.0921565
6873,0.000350468
6874,0.00283682
6875,0.0278507
6879,0.00753837
6882,0.0224224
6883,0.00586463
6884,0.00137705
6886,0.00597528
6887,0.157603
6891,0.511603
6892,0.0698238
6893,0.00151349
6896,0.00225652
6898,0.0465122
6899,0.0133823
6900,0.047118
6904,0.00621356
6905,0.000805759
6906,0.00581113
6907,0.725899
6908,0.0673845
6910,0.171968
6912,0.0131327
6915,0.00602002
6916,0.0114251
6921,0.167754
6922,0.026455
6927,0.0335879
6928,0.00816472
6929,0.0183117
6930,0.0319589
6932,3.91294e-05
6933,0.013669
6937,0.00534207
6939,0.00081844
6942,0.0191793
6943,0.00355468
6944,0.00175372
6945,0.0012725
6947,0.990888
6948,0.989761
6951,0.00960801
6952,0.0082626
6955,0.00327765
6956,0.000558577
6959,0.053141
6962,0.0472632
6966,0.00307013
6967,0.0281087
6968,0.00127888
6970,0.00281445
6971,0.03254
6972,0.0171675
6973,0.00123669
6974,0.0623613
6976,0.0100821
6977,0.00150047
6978,0.00118013
6979,0.113415
6982,0.00444452
6983,0.00291991
6988,0.00681601
6993,0.00387775
6995,0.110267
6996,0.00349174
6998,0.0829916
6999,0.02351
7001,0.0555816
7004,0.00163013
7007,0.00237825
7008,0.00287154
7011,0.00439843
7012,0.00430321
7013,0.017161
7014,0.00259047
7016,0.0175933
7017,0.00363766
7018,0.00555933
7019,0.0347054
7022,0.00455413
7024,0.0436543
7029,0.0223036
7030,0.0436363
7031,0.000404485
7032,0.00489151
7034,0.00150597
7037,0.0111371
7038,0.0412948
7039,0.0242748
7040,0.0147333
7042,0.256121
7044,0.00101046
7045,0.0129037
7046,0.0646331
7048,0.0030401
7054,0.0134965
7056,0.0167199
7059,0.0206478
7061,0.0116884
7062,0.00651825
7064,0.00515513
7065,0.104996
7066,0.00104014
7068,0.988453
7073,0.000831354
7076,0.206546
7077,0.00139684
7079,0.000827471
7081,0.01166
7083,0.215176
7085,0.00977343
7086,0.00138588
7087,0.00124364
7088,0.0146322
7091,0.0625525
7093,0.000559796
7094,0.00143681
7095,0.0047352
7096,0.000582594
7098,0.0039436
7099,0.00204719
7105,0.2482
7108,0.00741832
7109,0.153514
7113,0.989944
7116,0.00602046
7117,0.000968222
7118,0.00169503
7120,0.000670781
7121,0.0775289
7125,0.00692507
7130,0.001771
7131,0.0129492
7132,0.000993383
7137,0.0198923
7138,0.00291859
7142,0.0689287
7145,0.00125522
7147,0.0200075
7148,0.00214531
7149,0.0101241
7151,0.0433608
7156,0.0392115
7160,0.0207891
7161,0.000774365
7163,0.045409
7165,0.00852712
7172,0.110072
7174,0.0113319
7175,0.0629608
7177,0.0010872
7181,0.0305217
7182,0.00899303
7184,0.00440838
7187,0.00473869
7189,0.000829381
7190,0.000415784
7197,0.000383528
7199,0.00934837
7201,0.00373833
7202,0.0017232
7203,0.00308355
7206,0.00190325
7209,0.00153302
7211,0.0852944
7212,0.0484303
7213,0.00217946
7215,0.00966467
7217,0.0028254
7218,0.689799
7221,0.00269015
7223,0.00137441
7225,0.00175189
7226,0.00818027
7227,0.0834115
7229,0.0022868
7231,0.569986
7234,0.00330983
7235,0.00741
7238,0.0219664
7239,0.00634066
7240,0.0177908
7245,0.000462707
7246,0.020987
7248,0.0056577
7250,0.0246353
7251,0.0511948
7256,0.0534797
7257,0.559768
7258,0.00558396
7259,0.00887818
7264,0.0310604
7266,0.037572
7267,0.00273485
7271,0.0130573
7274,0.925603
7276,0.000887655
7277,0.0100057
7279,0.0018499
7280,0.00346186
7282,0.00229156
7283,0.00639543
7291,0.0661656
7295,0.00117201
7296,0.00048838
7298,0.0161739
7300,0.00159362
7302,0.000423825
7304,0.00631401
7305,0.00601751
7311,0.00268201
7315,0.00062959
7316,0.0300589
7319,0.0113305
7321,0.128354
7326,0.0301848
7328,0.115318
7331,0.0652998
7332,0.0132784
7333,0.0536308
7334,0.0605537
7336,0.0166472
7337,0.107893
7338,0.00304866
7339,0.000514146
7340,0.0146248
7341,0.00626986
7343,0.00147615
7344,0.00184945
7346,0.0746817
7347,0.0110762
7349,0.0120186
7351,0.258339
7352,0.00218879
7353,0.928528
7354,0.119116
7356,0.0332557
7360,0.258612
7364,0.704832
7365,0.0154526
7366,0.0027145
7367,0.0383267
7368,0.00765212
7372,0.00314929
7373,0.00146715
7374,0.108259
7376,0.0117323
7380,0.0998917
7383,0.0361047
7384,0.0128597
7385,0.00502431
7389,0.00528698
7392,0.0464625
7393,0.0213814
7395,0.188528
7396,0.0008623
7399,0.106063
7400,0.0404111
7403,0.00437742
7405,0.0247282
7406,0.230004
7410,0.00176097
7411,0.014868
7417,0.0266596
7419,0.043049
7421,0.00305559
7424,0.0202937
7425,0.00910792
7429,0.00349042
7430,0.0737155
7432,0.0150081
7434,0.00266544
7439,0.000886342
7441,0.012363
7447,0.000794576
7448,0.0250649
7449,0.101
7451,0.190582
7452,0.368009
7453,0.0124723
7455,0.0575974
7456,0.00884024
7458,0.00307897
7459,0.0095022
7460,0.00704023
7461,0.228192
7463,0.0382793
7465,0.0464638
7469,0.236555
7471,0.00102055
7472,0.00114962
7475,0.0266282
7477,0.0125999
7478,0.043902
7479,0.0030586
7482,0.0134177
7483,0.00762976
7484,0.0315181
7485,0.0110093
7486,0.00101625
7487,0.00101093
7488,0.00975835
7489,0.00350311
7491,0.0024159
7492,0.0112881
7496,0.0386368
7501,0.0460751
7502,0.00120114
7503,0.0165547
7506,0.00247049
7507,0.121356
7508,0.00351239
7514,0.0271038
7520,0.012278
7522,0.00400365
7526,0.00155023
7528,0.00999496
7529,0.00226066
7530,0.0240585
7535,0.00957044
7536,0.000328463
7537,0.00598629
7538,0.00663561
7540,0.0180004
7541,0.00440552
7544,0.0331954
7545,0.127118
7546,0.00836873
7549,0.00194612
7550,0.00312774
7551,0.0277514
7554,0.0968231
7556,0.00622615
7557,0.0605853
7558,0.00103968
7559,0.0145155
7564,0.0641799
7565,0.0053243
7566,0.00634865
7569,0.149188
7570,0.0187295
7571,0.163767
7572,0.0866825
7573,0.0101067
7574,0.0305079
7576,0.161957
7579,0.007726
7580,0.0146399
7581,0.00970997
7584,0.00182987
7586,0.00285899
7588,0.0151192
7589,0.00101311
7591,0.00838238
7596,0.00717871
7598,0.0106627
7599,0.0153831
7602,0.00318025
7604,0.289746
7605,0.0216943
7609,0.00673493
7612,0.0104676
7615,0.00615955
7624,0.000834639
7626,0.00304571
7627,0.000749469
7628,0.00396922
7630,0.0171277
7636,0.0259478
7637,0.0140534
7640,0.00107605
7641,0.00160491
7642,0.0097173
7645,0.118222
7646,0.0722186
7650,0.00358691
7651,0.00995956
7652,0.00869716
7653,0.00285522
7656,0.00431247
7658,0.0125861
7659,0.00542442
7661,0.000667371
7662,0.00282941
7663,0.000202095
7664,0.262891
7665,0.579817
7666,0.0398872
7667,0.24482
7669,0.024173
7671,0.00379095
7672,0.0431947
7674,0.00514386
7675,0.00425203
7677,0.0538325
7678,0.0269418
7679,0.00327058
7680,0.00214166
7681,0.00466175
7686,0.00173514
7687,0.131933
7688,0.00327343
7690,0.000418149
7691,0.00380748
7694,0.00184416
7695,0.111526
7698,0.0860683
7699,0.000410775
7701,0.00500447
7702,0.00349276
7703,0.00396435
7704,0.00979642
7705,0.0639954
7711,0.185161
7715,0.0173425
7719,0.112552
7724,0.124719
7729,0.0107203
7732,0.175515
7734,0.00318827
7735,0.00251374
7736,0.0815435
7740,0.00137309
7743,0.00471926
7747,0.0178108
7748,0.00259236
7750,0.00407765
7751,0.00539609
7752,0.00130267
7755,0.00117731
7756,0.00185048
7759,0.000462456
7760,0.0226589
7762,0.00849202
7766,0.0426471
7767,0.00163872
7768,0.0027851
7769,0.00175805
7770,0.00136901
7772,0.0550161
7773,0.0145804
7774,0.028064
7775,0.00131942
7776,0.448571
7779,0.0206375
7780,0.040915
7781,0.127579
7782,0.00200499
7783,0.01945
7784,0.0105161
7785,0.0235643
7787,0.000231135
7791,0.00515786
7792,0.0123131
7800,0.127013
7806,0.172095
7808,0.00125
7809,0.00411575
7813,0.00768087
7815,0.194036
7820,0.00393531
7821,0.312861
7828,0.0311106
7829,0.0161536
7830,0.0114558
7832,0.00124656
7834,0.0195674
7835,0.00876734
7836,0.026973
7843,0.00112024
7845,0.0192685
7846,0.0293295
7847,0.0451866
7848,0.00212639
7849,0.00058979
7851,0.00227281
7852,0.149432
7856,0.00199581
7857,0.0261361
7860,0.00438941
7862,0.00510295
7863,0.0788209
7865,0.00601667
7866,0.0038963
7869,0.0424446
7872,0.0185933
7873,0.00527334
7875,0.00171325
7876,0.000488899
7877,0.00461801
7878,0.0780612
7880,0.00382166
7882,0.0451595
7883,0.0482382
7887,0.000737498
7888,0.0133922
7890,0.0281226
7893,0.00970755
7895,0.00818738
7896,0.00999361
7898,0.0442435
7899,0.0110839
7900,0.0300774
7901,0.0293675
7902,0.0195914
7905,0.00695048
7909,0.00348933
7910,0.0195483
7912,0.0088018
7914,0.107789
7916,0.0576791
7918,0.00021788
7921,0.0727563
7922,0.0688141
7923,0.00366254
7924,0.0026329
7925,0.0188793
7926,0.0125755
7927,0.0505523
7929,0.00855663
7930,0.0100692
7931,0.00852096
7933,0.000205568
7934,0.00274454
7935,0.0131378
7938,0.026649
7939,0.0524163
7943,0.0215806
7945,0.00166553
7948,0.168636
7949,0.0122629
7950,0.0109206
7952,0.00871709
7953,0.102801
7958,0.00582104
7960,0.0101673
7961,0.0557986
7962,0.0127837
7963,0.00400255
7964,0.108504
7965,0.0330099
7967,0.0124358
7968,0.0223023
7969,0.0171252
7973,0.0221569
7974,0.00926389
7978,0.0460631
7980,0.0593688
7981,0.00632221
7985,0.463345
7987,0.000794211
7990,0.00391011
7991,0.123401
7992,0.062758
7994,0.0458751
7995,0.0199348
7996,0.00450993
7997,0.308653
7999,0.22598
8000,0.00510861
8001,0.0041233
8002,0.00857379
8004,0.00191818
8013,0.00365585
8017,0.0126244
8018,0.0025097
8020,0.00592844
8022,0.0303161
8023,0.00381133
8024,0.0024525
8025,0.00285663
8026,0.0615975
8029,0.00168503
8032,0.0572775
8035,0.00400981
8041,0.194094
8042,0.00475557
8044,0.0174546
8046,0.00375053
8047,0.00875193
8048,0.00411355
8051,0.0183515
8052,0.0745645
8053,0.250938
8055,0.00256346
8056,0.00755322
8059,0.000507559
8060,0.00183014
8062,0.00168665
8064,0.00187419
8065,0.00679518
8066,0.0108795
8067,0.00312205
8068,0.00461212
8069,6.39713e-05
8070,0.00583197
8073,0.000872829
8074,0.00217388
8076,0.0016001
8077,0.00129039
8078,0.0744195
8079,0.0504911
8080,0.00467466
8081,0.0151219
8083,0.0172591
8088,0.115584
8089,0.0156835
8090,0.000699937
8091,0.00252817
8096,0.0191069
8103,0.00253331
8104,0.0160974
8106,0.295793
8107,0.0116076
8109,0.00683637
8111,0.41645
8112,0.222304
8113,0.335309
8115,0.000825787
8116,0.001338
8119,0.00195582
8120,0.583885
8121,0.0675889
8122,0.000432452
8123,0.021899
8124,8.28379e-05
8126,0.0128392
8127,0.0019134
8128,0.00288937
8129,0.00105679
8130,0.284148
8134,0.699286
8136,0.00548273
8139,0.0187007
8140,0.00545225
8141,0.00441229
8142,0.00572937
8144,0.00177817
8145,0.00817795
8148,0.00147917
8151,0.00395303
8156,0.520333
8157,0.10869
8160,0.00127117
8162,0.0389265
8164,0.981042
8168,0.253437
8169,0.00066961
8170,0.297235
8172,0.104742
8173,0.000845082
8175,0.00226227
8177,0.00383337
8179,0.0142192
8181,0.357453
8184,0.00233317
8186,0.00580165
8193,0.0187504
8207,0.00366188
8208,0.000676197
8209,0.000815852
8211,0.00383996
8214,0.00580323
8234,0.488756
8235,0.00868516
8236,0.000805859
8237,0.252785
8243,0.00818109
8248,0.154995
8252,0.257894
8253,0.00647662
8256,0.0130227
8263,0.018056
8267,0.0330742
8268,0.0101928
8269,0.00498746
8273,0.259504
8276,0.00155459
8280,0.00155542
8288,0.00558955
8302,0.00951787
8304,0.414379
8314,0.000442557
8319,0.0109645
8327,0.978168
8330,0.974023
8334,0.986297
8336,0.987069
8337,0.984446
8340,0.981164
8341,0.972477
8343,0.975585
8344,0.976509
8345,0.00432312
8347,0.107729
8350,0.00348922
8353,0.982645
8354,0.985391
8355,0.980688
8357,0.981783
8359,0.774824
8360,0.982809
8369,0.976054
8371,0.974626
8372,0.974447
8373,0.978852
8376,0.971121
8377,0.969015
8384,0.00115125
8385,0.00256944
8387,0.00103319
8389,0.981814
8398,0.000998072
8412,0.0193512
8413,0.811231
8423,0.0024931
8424,0.00899841
8430,0.786395
8431,0.72453
8436,0.848957
8438,0.905105
8439,0.894943
8444,0.00030917
8445,0.0740793
8447,0.0395828
8449,0.0115488
8457,0.00114389
8458,0.285208
8459,0.0213789
8462,0.00445862
8467,0.004693
8471,0.000446768
8475,0.0526218
8476,0.166134
8477,0.00423743
8479,0.0117699
8482,0.00223226
8484,0.101441
8486,0.309473
8488,0.288696
8489,0.0863485
8492,0.000928731
8494,0.00124888
8508,0.0075381
8509,0.0123862
8513,0.498863
8516,0.00374647
8521,0.359512
8523,0.0204811
8526,0.0843966
8527,0.0268649
8529,0.142365
8531,0.0185165
8533,0.396181
8534,0.73951
8540,0.115125
8543,0.0130687
8544,0.0115133
8545,0.00493679
8546,0.000182659
8552,0.000937526
8555,0.036381
8559,0.18349
8561,0.00285278
8573,0.00819319
8576,0.518629
8587,0.00301958
8591,0.00481113
8595,0.000848844
8600,0.0012095
8612,0.741094
8614,0.812728
8615,0.846227
8619,0.00225871
8623,0.605069
8631,0.0036345
8643,0.568957
8648,0.513076
8649,0.0122446
8651,0.586729
8654,0.000663935
8657,0.00553686
8689,0.567114
8691,0.0561757
8717,0.507088
8721,0.489395
8731,0.0187669
8732,0.00414724
8741,0.00289439
8749,0.0151079
8762,0.00279062
8765,0.151224
8766,0.0292937
8767,0.00166317
8768,0.757036
8769,0.766633
8770,0.776315
8772,0.786056
8776,0.810677
8778,0.819784
8782,0.828847
8783,0.842146
8784,0.00128188
8786,0.00525359
8789,0.00138324
8792,0.0113885
8795,0.000836323
8799,0.00343174
8800,0.00771253
8805,0.0596166
8815,0.408242
8826,0.00819868
8828,0.372256
8829,0.199795
8833,0.260807
8850,0.375115
8875,0.322291
8877,0.297545
8878,0.390431
8879,0.341932
8883,0.00795701
8884,0.235441
8885,0.255745
8887,0.229282
8888,0.236537
8889,0.262638
8894,0.263534
8896,0.21051
8898,0.323315
8899,0.304675
8902,0.0468888
8903,0.0203125
8909,0.000451333
8913,0.105624
8921,0.00634292
8923,0.0061732
8928,0.997402
8929,0.996611
8931,0.996899
8935,0.996965
8936,0.00546273
8937,0.996738
8940,0.061497
8941,0.000786011
8942,0.996871
8943,0.997003
8944,0.997665
8947,0.00501041
8949,0.996811
8953,0.643588
8956,0.997722
8968,0.553669
8971,0.60372
8974,0.571063
8975,0.600286
8976,0.638732
8977,0.563616
8979,0.00336246
8980,0.00290306
8981,0.997565
8983,0.997321
8984,0.996872
8987,0.996902
8988,0.996618
8989,0.643315
8990,0.62705
8991,0.19839
8992,0.0100628
8998,0.55983
8999,0.580688
9000,0.559576
9002,0.996855
9005,0.00729005
9008,0.997088
9012,0.99649
9013,0.996291
9014,0.99661
9015,0.996238
9016,0.996706
9017,0.9962
9018,0.996644
9019,0.996152
9020,0.996173
9022,0.00192709
9023,0.99561
9024,0.00114161
9025,0.0038226
9033,0.00346911
9037,0.995664
9038,0.995897
9040,0.995763
9041,0.995885
9046,0.0020581
9048,0.000920996
9051,0.996448
9053,0.0610612
9070,0.0422782
9075,0.00120099
9078,0.0440635
9079,0.0731814
9083,0.996671
9084,0.997113
9087,0.995865
9088,0.996144
9093,0.0527521
9105,0.00265873
9108,0.00619573
9110,0.028516
9116,0.0334406
9118,0.99526
9120,0.562983
9125,0.00259974
9126,0.996495
9128,0.996961
9129,0.997791
9135,0.47599
9140,0.0662982
9141,0.00908177
9147,0.237494
9153,0.00472956
9156,0.019556
9159,0.0742902
9161,0.0072572
9163,0.341811
9165,0.453413
9172,0.156027
9175,0.187188
9179,0.192906
9183,0.996988
9185,0.149037
9186,0.0790925
9188,0.00143799
9191,0.218444
9192,0.107405
9193,0.99778
9196,0.99675
9199,0.996588
9200,0.996901
9202,0.996903
9204,0.0494766
9208,0.00646329
9225,0.0191659
9230,0.00114972
9232,0.125068
9234,0.00893258
9236,0.00133307
9237,0.115771
9244,0.997179
9245,0.997127
9250,0.997595
9251,0.000592178
9258,0.997739
9259,0.00502553
9265,0.996959
9269,0.996726
9273,0.449883
9274,0.484429
9275,0.432909
9276,0.499193
9277,0.409156
9278,0.496529
9280,0.997403
9282,0.997117
9283,0.997744
9298,0.989522
9299,0.990911
9301,0.0781309
9304,0.73007
9305,0.988483
9308,0.989818
9310,0.990931
9311,0.990098
9313,0.0624905
9317,0.986024
9318,0.988117
9321,0.987791
9322,0.993778
9323,0.981321
9325,0.979462
9327,0.132949
9328,0.529002
9330,0.487793
9331,0.445897
9333,0.772958
9334,0.976077
9335,0.483592
9337,0.438016
9343,0.970832
9344,0.436899
9348,0.460921
9352,0.966112
9353,0.967092
9357,0.450669
9362,0.0130142
9365,0.975838
9367,0.97188
9371,0.203723
9372,0.958723
9375,0.958312
9377,0.961832
9378,0.950505
9380,0.941779
9381,0.945398
9382,0.76713
9383,0.763871
9386,0.762806
9387,0.768759
9388,0.946008
9390,0.944488
9393,0.949962
9395,0.944247
9396,0.943935
9397,0.942556
9399,0.943013
9401,0.93039
9402,0.812985
9405,0.845478
9407,0.92486
9409,0.921292
9410,0.944472
9412,0.944879
9413,0.939606
9414,0.946113
9415,0.947954
9416,0.950161
9417,0.956978
9418,0.951348
9420,0.000112728
9423,0.0287316
