1,0.00246032
2,0.000538843
3,0.0012622
5,0.0739869
6,0.0193934
10,0.0077525
14,0.00552045
15,0.000282042
16,0.0112136
19,0.011051
20,0.00401288
24,0.00426268
25,0.0014498
28,0.00117272
29,0.0112384
32,0.0149184
37,0.142841
38,0.00110686
40,0.0600723
41,0.0532208
44,0.00854006
45,0.00944314
47,7.93215e-06
49,0.00360236
51,0.0152216
52,0.00268447
54,0.00456738
55,0.0754567
60,0.00629857
61,0.223816
63,0.0161068
64,0.0156124
68,0.00670263
70,0.00697251
75,0.00787032
76,0.0176524
78,0.00509628
82,0.0180828
85,0.0514715
86,0.0139659
87,0.000685593
88,0.101548
93,0.0439317
94,0.093447
99,0.00225879
103,0.0107601
106,0.00372962
107,0.00759494
108,0.150635
109,0.00292519
110,0.0500379
116,0.0026383
119,0.00279941
121,0.00234799
123,0.0253111
124,0.108968
128,0.0807757
132,0.010551
133,0.0289251
138,0.00283534
141,0.000276926
143,0.00606766
144,0.0296342
145,0.000656762
148,0.14686
150,0.0100288
151,0.210979
154,0.00169962
155,0.00452806
157,4.22431e-05
158,0.00879759
159,0.00291469
161,0.0599823
163,0.00370297
166,0.000938813
167,0.00554235
169,0.0200961
170,0.102209
173,0.000845948
174,0.0257511
177,0.164778
178,0.0170337
179,0.0972496
180,0.0565358
182,0.00027957
183,0.00598886
184,0.0523543
185,0.000637293
188,0.00990406
190,0.0082865
194,0.00253754
195,0.00890806
201,0.0436795
202,0.973044
204,0.00738705
207,0.00350036
208,0.0373583
210,0.00272188
212,0.0112873
213,0.000367042
214,0.00244501
219,0.000252923
222,0.000666135
223,0.028866
225,0.066742
228,0.00331821
229,0.0019313
232,0.00343287
237,0.00185218
238,0.000368634
240,0.00943183
241,0.0212763
246,0.00157504
247,0.0510046
248,0.0149399
249,0.000842799
250,0.00126195
251,0.00143865
253,0.0405379
255,0.0203672
257,0.128818
259,0.00232933
263,0.00215185
265,0.561003
270,0.00547004
272,0.0117109
279,0.00501391
282,0.00542539
284,0.0587581
285,0.0386556
286,0.0277946
288,0.0123462
290,0.00182163
291,0.077494
292,0.0258107
294,0.00130884
298,0.0376411
300,0.181867
302,0.00266193
304,0.047543
306,0.00192173
308,0.0156085
314,0.0494147
316,0.133972
319,0.00328103
320,0.00626509
323,0.00699681
324,0.0144642
326,0.00819005
329,0.460602
337,0.000756487
340,6.05934e-05
342,0.169779
346,0.0039898
347,0.00241151
348,0.0673034
349,0.127597
350,0.000837965
352,0.00343007
353,0.0126092
356,0.00210963
357,0.00499476
360,0.0547328
365,0.199807
376,0.0399607
377,0.00407129
379,0.00192994
382,0.000238408
385,0.00808132
390,0.0283428
391,0.00569606
396,0.00904725
401,0.00133136
402,0.0149107
403,0.0043969
404,0.0397159
406,0.00806241
409,0.00941154
411,0.00122452
413,0.0161267
415,0.00171776
416,0.0224609
417,0.00326129
420,0.0128753
421,0.02673
423,0.00341816
424,0.012963
434,0.156445
435,0.0182097
436,0.00829631
438,0.0367564
439,0.0931968
445,0.0408089
446,0.112355
447,0.00472981
449,0.00110288
450,0.00565299
455,0.00922618
457,0.0050581
459,0.00617058
460,0.0214141
461,0.00190832
462,0.0184384
464,0.0186098
465,0.0615137
468,0.0246934
469,0.00350555
471,0.008915
475,0.00470943
476,0.00445631
479,0.0210313
480,0.00114842
482,0.00860769
483,0.00816856
484,0.0264137
489,0.00891809
490,0.00987291
491,0.00448861
492,0.000672677
493,0.0122427
496,0.00517463
498,0.000429622
501,0.0020077
503,0.0220519
506,0.00869811
507,0.0470864
510,0.00059547
514,0.00535214
515,0.0713371
518,0.00774876
520,0.000238255
521,0.00211178
524,0.00186185
525,0.227755
526,0.112416
528,0.00450783
530,0.00348036
533,0.00349768
536,0.000700469
538,0.0105095
539,0.0509226
541,0.0036194
542,0.0704295
543,0.053945
545,0.0153393
550,0.0032791
552,0.00422679
553,0.610121
554,0.0236969
556,0.218969
560,0.0295143
562,0.00426432
563,0.00337888
567,0.048005
568,0.00216039
571,0.024476
573,0.000922177
579,0.007958
586,0.0199743
587,0.0581341
588,0.0563627
590,0.00395558
591,0.0549664
592,0.0136239
594,0.0294686
595,0.0280896
596,0.0351038
598,0.326121
602,0.00172293
605,0.0323015
608,0.0124476
609,0.00122531
615,0.000972563
616,0.00713686
618,0.0194631
619,0.0271937
621,0.246652
622,0.0739518
623,0.000791968
624,0.0339153
626,0.00276328
628,0.00600024
632,0.0053076
634,0.0111321
637,0.256014
640,0.00143176
641,0.0379147
643,0.000407857
645,0.0107023
646,0.00526356
647,0.000643502
653,0.254655
654,0.0212508
655,0.0816113
666,0.00821952
667,0.0708389
669,0.0544451
670,0.0284391
671,0.000767685
674,0.276205
677,0.014181
678,0.000558963
679,0.00074525
680,0.00029553
681,0.304491
686,0.0133331
687,0.0170348
688,0.0208374
689,0.00267587
693,0.00454312
694,0.00483746
695,0.00376341
697,0.000933985
699,0.0288596
700,0.0461427
701,0.0174709
702,0.0300214
703,0.00729692
704,0.000332203
706,0.0184003
708,0.00316052
710,0.00381705
712,0.00341545
715,0.00372471
720,0.00410481
723,0.00152939
725,0.00181156
726,0.0505054
729,0.0668136
731,0.0106479
732,0.00346608
733,0.000871058
735,0.0101196
736,0.000229763
737,0.242632
741,0.0227519
742,0.00185428
745,0.328301
746,0.00505263
748,0.086776
751,0.00364653
752,0.145006
754,0.000252792
757,0.244615
760,0.00351258
762,0.000539623
765,0.545553
768,0.781047
769,0.000224683
774,0.00796183
777,0.00399482
779,0.00488444
780,0.0167487
781,0.00890215
782,0.0532659
784,0.775093
786,0.0236741
788,0.399544
789,0.0210243
790,0.014747
793,0.000792093
795,0.165306
796,0.00207013
798,0.00101065
800,0.0587345
801,0.00660992
803,0.0471995
807,0.704156
808,0.00554049
810,0.00855652
813,0.00657347
814,0.0580137
815,0.335733
825,0.00157961
826,0.000725976
827,0.00802508
830,0.00880241
831,0.00462996
833,0.00459255
836,0.0814681
838,0.0213655
841,0.0287443
844,0.00850249
847,0.00233763
848,0.000401995
849,0.0092309
850,0.0163682
851,0.00943695
852,0.00691553
853,0.181722
854,0.0405886
860,0.00502199
862,8.62769e-05
863,0.118855
865,0.00104126
867,0.0182207
868,0.00651238
870,0.00495198
871,0.0980136
873,0.0343714
877,0.000201531
880,0.00496522
883,0.0321179
884,0.00236476
885,0.0431963
887,0.000222239
888,1.13559e-05
889,0.00608125
891,0.0421214
892,0.00901342
897,0.0265673
898,0.0667601
900,0.219654
901,0.00475868
902,0.0234458
903,0.00252332
905,0.00351932
908,0.00251546
912,0.00158063
913,0.0998929
916,0.00383578
917,0.00674457
921,0.0497167
924,0.00115738
925,0.346891
927,0.01252
928,0.00185139
929,0.00140405
930,0.0279079
931,0.000143504
932,0.051159
934,0.00208852
935,0.0242027
936,0.00126089
937,0.0262328
940,0.0125023
942,0.0710649
944,0.00110917
947,0.00384178
949,0.0154425
950,0.0463063
952,0.000435537
954,0.0190225
956,0.0342534
958,0.202546
959,0.000276337
961,0.00545088
962,0.000590854
963,0.0326102
964,0.00194121
965,0.0449947
966,0.0180769
967,0.0961031
969,0.00159604
972,0.312122
973,0.00341418
976,0.00258508
977,0.058529
978,0.0551255
980,0.0268963
981,0.310066
982,0.00079127
984,0.0458035
985,0.000269945
987,0.232842
990,0.798715
991,0.00100022
993,0.000969725
995,0.00400989
996,0.0217158
997,0.011009
998,0.0483041
1000,0.0135735
1001,0.0761475
1006,0.0024325
1007,0.0444718
1009,0.967569
1011,0.0149964
1016,0.00148605
1017,0.0704554
1019,0.0316122
1021,0.00519188
1023,0.00104782
1024,0.0207617
1025,0.0308194
1026,0.0909302
1027,0.000578367
1028,0.0169065
1029,0.0208456
1032,0.343732
1037,0.496002
1039,0.00132056
1040,0.0120576
1041,0.0105179
1043,0.0299361
1045,0.121421
1046,0.00888014
1047,0.00979264
1049,0.0523261
1051,0.000817972
1052,0.0521805
1053,0.042499
1054,0.00424792
1056,0.000818195
1062,0.0137608
1063,0.00414095
1068,0.00384455
1069,0.0815355
1071,0.00261298
1075,0.00406851
1077,0.00884762
1078,0.430533
1079,0.00982695
1081,0.0184573
1083,0.0891504
1084,0.00867576
1085,0.00280754
1086,0.0078252
1088,0.00770725
1090,0.0584518
1091,0.00760512
1092,0.0181876
1095,0.00529244
1096,0.00767795
1097,0.00198925
1098,0.01055
1099,0.00919015
1100,0.00166357
1102,0.00626333
1103,0.0252714
1104,0.00680348
1105,0.00255886
1106,0.067144
1108,0.0219312
1110,0.00119686
1114,0.00678813
1115,0.028325
1116,0.00958955
1118,0.0017407
1120,0.159998
1121,0.0410031
1122,0.0410523
1126,0.0168252
1127,0.0415278
1129,0.00136948
1130,0.00581498
1131,0.00440776
1132,0.0422183
1134,0.0153902
1139,0.195161
1140,0.0519188
1147,0.0089241
1148,0.00950389
1150,0.0247499
1152,0.000609876
1154,0.354043
1157,0.00102877
1158,0.015309
1159,0.00918677
1160,0.00369685
1161,0.00884327
1164,0.0077145
1169,0.000728329
1172,0.0142853
1174,0.00609555
1176,0.00340662
1177,0.113933
1181,0.0114106
1182,0.101188
1186,0.00231576
1189,0.0119914
1190,0.0138914
1194,0.00418893
1200,0.00498325
1203,0.0753176
1204,0.0712645
1211,0.0528357
1212,0.000878058
1214,0.00155162
1215,0.0306369
1218,0.0416366
1219,0.00515094
1221,0.000405225
1222,0.00173627
1223,0.0071709
1227,0.0724576
1229,0.00159773
1230,0.404851
1236,0.00230898
1238,0.00337517
1240,0.00810259
1245,0.00222413
1246,0.000252238
1250,0.112422
1252,0.00681833
1253,0.0341663
1258,0.00456459
1260,0.109217
1262,0.00554976
1269,0.00134181
1271,0.0110025
1272,0.0116634
1273,0.0117699
1274,0.00311975
1275,0.0322855
1276,0.18679
1277,0.00596353
1279,0.0095652
1280,0.0250833
1281,0.00712689
1282,0.0221647
1284,4.27426e-06
1285,0.0166089
1286,0.0032955
1288,0.0653806
1291,0.00275364
1292,3.0369e-05
1293,0.557469
1295,0.0801754
1296,0.00177524
1297,0.0210088
1299,0.00162604
1301,0.00970265
1302,0.000204872
1303,0.0805974
1308,0.000563619
1310,0.00182969
1312,0.0684976
1313,0.158864
1314,0.00157494
1315,0.117567
1316,0.0186165
1317,0.0319862
1322,0.111784
1323,0.00642196
1326,0.00101878
1328,0.0760339
1331,0.0179414
1333,0.35821
1334,0.000651843
1337,0.0290979
1338,0.00355412
1342,0.00230518
1344,0.00153982
1346,0.0023167
1352,0.0329774
1354,0.00514697
1355,0.00306478
1358,0.0532939
1360,0.00681406
1363,0.00505548
1364,0.00220163
1365,0.000680827
1366,0.0011665
1367,0.0756829
1369,0.209716
1371,0.00284189
1372,0.00510384
1373,0.002149
1378,0.00374578
1380,0.120246
1381,0.0040006
1383,0.00298425
1384,0.00588734
1386,0.00222131
1387,0.0073011
1388,0.066263
1390,0.957527
1391,0.0138908
1392,0.0037124
1397,0.00730736
1399,0.0421872
1400,0.00723325
1403,0.0147833
1405,0.286711
1408,0.01478
1409,0.00212121
1410,0.0640237
1411,0.00160041
1412,2.66166e-05
1415,0.00419534
1416,0.348768
1417,0.0112431
1420,0.00481688
1424,0.0763651
1425,0.543196
1426,0.00450822
1427,0.132593
1428,0.000789748
1429,0.00334635
1433,0.00121861
1434,0.0106047
1436,0.00466417
1438,0.0972443
1440,0.00560998
1441,0.0326217
1442,0.00379198
1443,0.00294962
1447,0.0152913
1450,0.00433495
1452,0.00476682
1455,0.000663014
1461,0.00130328
1462,0.141097
1463,0.00683476
1468,0.00683384
1469,0.0100942
1470,0.00191176
1471,0.00232564
1473,0.000390119
1475,0.14549
1476,0.0730401
1478,0.045284
1479,0.0656675
1480,0.00243286
1484,0.0542276
1485,0.0255647
1486,0.00558999
1490,0.00633539
1492,0.00414601
1493,0.00323084
1494,0.0291968
1495,0.00132973
1500,0.00664485
1502,0.00852494
1503,0.00119379
1504,0.00453181
1506,0.00427017
1510,0.271437
1511,0.0631567
1513,0.0826373
1514,0.101915
1517,0.00371777
1519,0.0110153
1522,0.0105823
1523,0.0373788
1527,0.0719457
1528,0.112531
1530,1.4804e-06
1531,0.0050241
1533,0.00762476
1535,0.617085
1536,0.00479931
1537,0.773289
1538,0.0104569
1539,0.00355055
1540,0.00293595
1541,0.738264
1542,0.718484
1543,0.0325812
1545,0.00705346
1547,0.682157
1549,0.758246
1550,0.771799
1551,0.784818
1552,0.761152
1558,0.784813
1564,0.00645156
1566,0.0113422
1567,0.000223059
1568,0.00947383
1570,0.00765276
1573,0.0350207
1575,0.00371625
1576,0.0747572
1577,0.0378944
1580,0.664979
1583,0.788255
1585,0.532051
1586,0.559164
1588,0.0030115
1590,0.550447
1593,0.457501
1594,0.393831
1595,0.486407
1597,0.57079
1598,0.520375
1599,0.602431
1601,0.00230734
1604,0.000635868
1605,0.081721
1607,0.139513
1608,0.0793535
1611,0.000177319
1613,0.0589526
1614,0.551337
1615,0.000385819
1616,0.00400547
1618,0.000669268
1621,0.000806406
1624,0.120763
1626,0.00388991
1628,0.00275805
1629,0.137599
1630,0.000901096
1632,0.00138106
1633,0.0340072
1634,0.00831854
1636,0.0947533
1640,0.00516169
1641,0.0021613
1647,0.000146837
1648,0.0346753
1649,0.963394
1654,0.967931
1658,0.970354
1659,0.971993
1660,0.971591
1662,0.0187246
1664,0.00598248
1665,0.00630505
1666,0.0017853
1667,0.963978
1669,0.970941
1670,0.970595
1671,0.977668
1674,0.974592
1675,0.97884
1677,0.978564
1678,0.968543
1679,0.975506
1682,0.103427
1683,0.00172166
1684,0.00184077
1686,0.00658368
1687,0.0103272
1688,0.0713767
1690,0.0633709
1693,0.00560346
1694,0.00472756
1695,0.97178
1697,0.969137
1698,0.00335745
1699,0.964708
1702,0.0477584
1703,0.953198
1704,0.972166
1705,0.00144367
1706,0.00559201
1708,0.00298902
1711,0.00368174
1712,0.125941
1714,0.0206634
1715,0.00202991
1716,0.0605653
1717,0.00249077
1718,0.000601422
1719,0.974826
1720,0.977935
1724,0.00258213
1725,0.268274
1726,0.0187348
1731,0.000598658
1732,0.00196305
1736,0.00175466
1737,0.0846568
1740,0.0010401
1741,0.00150657
1743,0.0506828
1745,0.966912
1748,0.0620822
1751,0.011859
1752,0.105081
1754,0.00259843
1755,0.0600914
1756,0.0132684
1757,0.392132
1758,0.0203645
1759,0.0949688
1761,0.0034025
1762,0.00687118
1763,0.0476531
1764,0.00185649
1765,0.000645513
1767,0.0524743
1768,0.00899901
1773,0.0129432
1777,0.400709
1779,0.303272
1781,0.325187
1783,0.452287
1784,0.500699
1785,0.00776381
1787,0.0775507
1789,0.326679
1790,0.283731
1792,0.35425
1794,0.275815
1795,0.337625
1796,0.348333
1797,0.34844
1802,0.426154
1803,0.283874
1804,0.104725
1805,0.174064
1806,0.178642
1808,0.212224
1814,0.00156145
1816,0.0039085
1817,0.00201253
1822,0.0212186
1825,0.00644546
1832,0.00173921
1835,0.175556
1838,0.226172
1843,0.0293178
1847,0.0248896
1848,0.0346303
1851,0.178192
1852,0.0010089
1853,8.562e-05
1854,0.0117776
1855,0.000807293
1859,0.00140817
1864,0.0150105
1865,0.000468392
1869,0.222693
1870,0.0149473
1873,0.113386
1875,0.132097
1877,0.417674
1878,0.294526
1880,0.0580955
1882,0.392652
1883,0.345699
1885,0.00325761
1886,0.00157653
1888,0.0106391
1893,0.960061
1894,0.975291
1895,0.00478137
1902,0.00669234
1903,0.000428946
1904,0.000397144
1908,0.0128043
1909,0.00596749
1910,0.00823671
1912,0.00438711
1913,0.0927317
1919,0.00282469
1920,0.00311775
1924,0.00468275
1925,0.184892
1928,0.707531
1929,0.68077
1935,0.721143
1936,0.00220345
1937,0.0151105
1941,0.0191339
1943,0.0304407
1944,0.12284
1945,0.00160683
1947,0.299001
1950,0.0036706
1951,0.00202332
1955,0.00983967
1960,0.0405032
1963,0.0594612
1965,0.0512591
1972,0.0289515
1984,0.341633
1985,0.000635979
1988,0.00486034
1989,0.406952
1991,0.0179882
1992,0.0191823
1995,0.086509
1996,0.0320405
1999,0.00734716
2000,0.0151245
2001,0.0105044
2003,0.00524452
2005,0.346997
2009,0.398392
2011,0.000914461
2013,0.232988
2015,0.000374912
2018,0.00463598
2019,0.000751363
2021,0.003293
2023,0.0876136
2026,0.00558467
2029,0.00203473
2030,0.00770577
2031,0.00108164
2032,0.00366348
2035,0.248061
2037,0.000336753
2038,0.00013644
2039,0.00273971
2040,0.00284981
2041,0.040498
2044,0.00571865
2046,0.00759463
2047,0.00209467
2049,0.00339609
2050,0.175045
2051,0.00970707
2052,0.00620477
2053,0.0154432
2055,0.00544459
2056,0.0293514
2063,0.00865712
2068,0.000477419
2069,0.00389947
2070,0.180541
2072,0.00185638
2075,0.00992106
2080,0.00855429
2082,0.00549139
2086,0.398397
2088,0.00738
2089,0.00887007
2090,0.00248885
2091,0.00322008
2092,0.00812205
2094,0.00885802
2095,0.00416671
2096,0.0167335
2097,0.110291
2098,0.0221898
2100,0.72945
2103,0.00269836
2104,0.160523
2105,0.0224921
2106,0.0463397
2108,0.00848996
2109,0.00391963
2111,0.0192219
2112,0.00402816
2114,0.00218905
2115,0.000637173
2117,0.000782436
2118,0.128954
2120,0.992803
2121,0.994264
2122,0.993484
2124,0.994407
2125,0.99357
2127,0.993162
2128,0.99388
2129,0.99186
2131,0.992193
2132,0.00416379
2133,0.0261318
2134,0.0971343
2136,0.000867899
2142,0.0830619
2143,0.974353
2144,0.975678
2145,0.970259
2146,0.133969
2147,0.964855
2148,0.96193
2152,0.96449
2155,0.949031
2156,0.965823
2158,0.00768157
2165,0.982699
2166,0.982994
2175,0.087868
2176,0.0119854
2177,0.000732888
2178,0.950795
2182,0.0056099
2183,0.00123711
2187,0.00469457
2188,0.00242401
2189,0.00406488
2190,0.000559388
2194,0.00119276
2195,0.00223295
2197,0.0708362
2199,0.00233474
2200,0.340912
2205,0.194778
2210,0.335443
2211,0.249484
2213,0.250744
2214,0.26463
2215,0.21631
2218,0.164732
2219,0.15137
2221,0.0299456
2223,0.00210276
2224,0.0275633
2225,0.112764
2226,0.274118
2227,0.00646032
2230,0.00171938
2231,0.0664584
2232,1.55521e-05
2233,0.00584776
2234,0.0304075
2235,0.00178738
2236,0.000946648
2237,0.215848
2241,0.0909576
2242,0.00335054
2243,0.00258395
2244,0.00110174
2250,0.189069
2251,0.00721322
2252,0.00253921
2256,0.00843591
2260,0.00343075
2261,0.00166063
2262,0.0107388
2265,0.00117377
2267,0.0020905
2268,0.198948
2284,0.0174769
2285,0.0167262
2288,0.00896493
2293,0.149821
2297,0.00220156
2298,0.0906703
2299,0.00112188
2300,0.0344588
2302,0.0104223
2307,0.0232351
2308,0.00275134
2309,0.0111814
2317,0.000654186
2320,0.00147601
2321,0.00961971
2322,0.301295
2326,0.00475796
2330,0.0143123
2332,0.0286649
2334,0.298574
2336,0.00464445
2337,0.0227499
2338,0.0609388
2339,0.0276515
2340,0.000798066
2345,0.172246
2346,0.0244229
2350,0.00138996
2351,0.0151933
2353,0.00160203
2354,0.0142413
2357,0.00513099
2359,0.00841103
2360,0.00396556
2362,0.00844252
2363,0.000928648
2366,0.0951836
2373,0.0018755
2375,0.525459
2378,0.0186943
2379,0.00800662
2381,0.0131075
2384,0.0343221
2385,0.146442
2386,0.101041
2391,2.76626e-05
2393,0.0181921
2395,0.00156154
2396,0.253116
2399,0.00305084
2402,0.970044
2403,0.000139102
2404,0.953998
2410,0.947122
2411,0.958468
2412,0.947966
2414,0.00534358
2415,0.967903
2416,0.953458
2418,0.943656
2419,0.97133
2421,0.0244196
2422,0.0133006
2423,0.00314701
2424,0.269674
2426,0.0856608
2428,0.0121159
2429,0.00943027
2431,0.00255902
2432,0.0147185
2438,0.0053392
2441,0.00860728
2442,0.0664109
2444,0.0164658
2445,0.182496
2446,0.0106729
2449,0.0497734
2450,0.035746
2451,0.00151696
2452,0.00184163
2455,0.000377087
2459,0.00262248
2460,0.148377
2463,0.00284478
2465,0.0020689
2468,0.00807931
2469,0.000938416
2474,0.00241313
2478,0.0596153
2480,0.00445239
2483,0.962459
2486,0.00271206
2487,0.0307773
2488,0.000684633
2491,0.000256969
2492,0.146686
2496,0.0443953
2497,0.0304864
2499,0.150904
2501,0.0134569
2502,0.0237934
2504,0.297303
2505,0.0171185
2506,0.0182019
2507,0.0146603
2509,0.9689
2511,0.96567
2512,0.966891
2514,0.0019751
2515,0.000167319
2519,0.00139937
2521,0.000600114
2522,0.00741273
2525,0.000400437
2529,0.00503068
2531,0.152594
2533,0.00708982
2535,0.1692
2537,0.00282324
2541,0.968318
2543,0.973602
2544,0.00276835
2546,0.000204159
2549,0.0261399
2551,0.00762342
2554,0.021995
2558,0.14845
2561,0.00718392
2562,0.000860248
2563,0.0304245
2564,0.00902717
2565,0.00634289
2567,0.0119161
2568,0.00147924
2570,0.00174045
2572,0.000799815
2573,0.000633944
2574,0.00673024
2577,0.00495555
2580,0.0448354
2583,0.265569
2584,0.275666
2585,0.324096
2589,0.020672
2596,0.0219135
2599,0.00790405
2600,0.0201028
2602,0.0298475
2603,0.0193261
2605,0.169541
2606,0.102525
2607,0.0451995
2608,0.00372089
2609,0.0492846
2610,0.00513017
2612,0.00111904
2614,0.00391569
2615,0.00271565
2616,0.0899837
2617,0.00250879
2621,0.00225351
2623,0.000103191
2624,0.00119828
2626,0.0467481
2634,0.411851
2635,0.00871957
2636,0.00379768
2637,0.104557
2638,0.0715531
2639,0.00613859
2642,0.00249959
2643,0.00597961
2648,0.0241463
2650,0.00733219
2652,0.00190348
2653,0.0734285
2654,0.00191342
2660,0.00411408
2662,0.000227994
2665,0.00321391
2667,0.270918
2668,0.31174
2671,0.215694
2673,0.0195176
2675,0.0441115
2678,0.000738389
2679,0.00726299
2684,0.0764561
2686,0.00303037
2688,0.0875108
2689,0.0133445
2692,0.00344067
2693,0.315768
2697,0.0052577
2698,0.0630346
2700,0.137059
2704,0.000375091
2705,0.00243637
2706,0.0366239
2713,0.00963921
2718,0.959131
2720,0.962169
2721,0.958795
2727,0.0357055
2728,0.951904
2729,0.941942
2735,0.00721731
2736,0.042884
2737,0.777633
2738,0.161056
2739,0.00160825
2740,0.359942
2741,0.119311
2742,0.0124967
2744,0.666607
2746,0.743565
2748,0.736186
2750,0.702254
2751,0.733247
2752,0.798385
2758,0.715188
2759,0.749786
2760,0.698232
2763,0.818912
2765,0.735308
2767,0.7561
2768,0.789947
2769,0.00695
2771,0.953205
2775,0.934822
2776,0.937852
2778,0.944542
2779,0.95763
2782,0.0445116
2783,0.00177021
2784,0.000821379
2785,0.00215328
2786,0.00166755
2788,0.00297008
2791,0.00456115
2793,0.0708095
2796,0.027418
2797,0.367548
2803,0.00314722
2804,0.010965
2807,0.00396656
2808,0.00413633
2810,0.00901547
2811,0.0122107
2817,0.00171894
2818,0.0258555
2820,0.0678262
2821,0.113245
2822,0.11738
2823,0.295234
2824,0.0820848
2825,0.0131707
2832,0.320969
2833,0.0154692
2835,0.0123296
2836,0.100896
2837,0.0179224
2838,0.00324572
2842,0.00412151
2843,0.00907488
2849,0.450578
2850,0.0573116
2851,0.000649894
2852,0.00459656
2855,0.00309018
2858,0.00951266
2861,0.000539373
2862,0.00149253
2866,0.000722646
2868,0.00816867
2869,0.00390519
2871,0.0124303
2872,0.000913837
2874,0.00478784
2875,0.00716064
2876,0.00239494
2879,0.00223555
2884,0.140643
2885,0.196012
2886,0.00263457
2889,0.000772737
2890,0.000634371
2891,0.00449343
2894,0.00226498
2897,0.242562
2899,0.0181189
2901,0.00461006
2902,0.456845
2903,0.00283424
2906,0.00598932
2907,0.0049121
2908,0.00731849
2910,0.00188972
2911,0.000790906
2914,0.00869487
2918,0.00627751
2921,0.616382
2923,0.0192379
2927,0.00211864
2928,0.155014
2930,0.0528779
2934,0.0018724
2935,0.051603
2939,0.000912706
2940,0.0109737
2941,0.00467841
2942,0.0184464
2943,0.00327277
2944,0.00179803
2945,0.00513606
2946,0.00165767
2947,0.00229424
2949,0.302435
2954,0.391992
2955,0.0834312
2956,0.0236344
2958,0.00194425
2961,0.139071
2962,0.207495
2963,0.154843
2966,0.0912462
2967,0.124834
2968,0.0903634
2969,0.115918
2970,0.0854231
2971,0.0688553
2976,0.0547713
2978,0.140581
2981,0.0473389
2982,0.00254228
2984,0.0812356
2985,0.00511883
2986,0.00721806
2987,0.00349806
2990,0.0158018
2993,0.0497094
2995,0.0850074
2999,0.255284
3000,0.00648129
3001,0.154463
3005,0.000980192
3006,0.0467229
3007,0.00175565
3008,0.00766967
3009,0.0151816
3012,0.0136281
3013,0.203774
3016,0.11088
3017,0.000270037
3018,0.0111177
3019,0.163911
3020,0.0104266
3021,0.000847852
3022,0.000642753
3024,0.004491
3025,0.000834469
3026,0.00166869
3029,0.00779269
3031,0.00630362
3032,0.00733528
3034,0.130469
3039,0.0753962
3041,0.024432
3042,0.0315453
3044,0.00344216
3046,0.00334828
3047,0.0382526
3049,0.0724941
3050,0.00146928
3051,0.00382588
3052,0.00321718
3056,0.00182424
3061,0.00710867
3062,0.00745682
3063,0.0899393
3064,6.0574e-06
3065,0.0424029
3066,0.00506867
3067,0.00471626
3075,0.0749721
3077,0.038799
3078,0.0016714
3079,0.00149918
3080,0.00616792
3081,0.0127275
3082,0.000193005
3083,0.0373242
3085,0.0358047
3086,0.00284648
3088,0.00218699
3091,0.00121249
3092,3.03013e-06
3093,0.00130381
3096,0.00118147
3098,0.00997799
3099,0.00142498
3101,0.0261443
3105,0.000130167
3107,0.0603507
3108,0.0568816
3112,0.0040481
3113,0.765348
3116,0.00136793
3117,0.000208764
3121,0.00931695
3122,0.000994293
3123,0.038127
3127,0.00279028
3130,0.00803234
3131,0.447587
3133,0.00200194
3137,0.309318
3138,0.0172087
3140,0.00102818
3141,0.00236267
3145,0.00233533
3148,0.0199179
3150,0.00818361
3152,0.00523017
3153,0.119362
3154,0.00983004
3155,0.0465871
3157,0.0241222
3158,0.000763477
3159,0.00607365
3160,0.0264647
3161,0.00746081
3162,0.00680997
3164,0.00430996
3166,0.0241652
3167,0.00226596
3169,0.000207886
3175,0.0118228
3177,0.00381469
3182,0.0157806
3184,0.106857
3185,0.0928924
3186,0.0308199
3187,0.0660093
3189,0.0564088
3191,0.0058955
3195,0.0212656
3197,0.00270587
3199,0.000613346
3205,0.234861
3207,2.57744e-05
3211,0.212661
3213,0.00038314
3215,0.207689
3217,0.00042662
3218,0.0371261
3219,0.0546908
3225,0.0509218
3228,0.00100491
3231,0.000180457
3234,0.00806209
3235,0.250056
3236,0.000875075
3242,0.027011
3243,0.00132677
3245,0.0440143
3246,0.00933259
3249,0.754849
3250,0.772652
3251,0.687088
3253,0.760503
3254,0.00109302
3255,0.751009
3257,0.0333394
3258,0.0411677
3259,0.021305
3262,0.00819036
3266,0.0959562
3269,0.0551229
3270,0.107134
3271,0.0554223
3273,0.00772286
3275,0.00125392
3277,0.010321
3278,0.00530979
3281,0.0143027
3282,0.197324
3285,0.00872568
3286,0.0250249
3287,0.000730933
3289,0.00440021
3291,0.00758345
3293,0.00714039
3301,0.110349
3302,0.00341858
3309,0.00537299
3310,0.00028117
3313,0.0158234
3314,0.002577
3315,0.323779
3323,0.00426364
3324,0.00860555
3327,0.00220087
3331,0.00530463
3335,0.000520358
3336,0.000553376
3338,0.00212702
3340,0.000353211
3341,0.384098
3351,1.14534e-05
3353,0.0493309
3354,0.000480495
3356,0.0153234
3357,0.0229243
3359,0.0273282
3360,0.749194
3364,0.726783
3365,0.470529
3368,0.0087978
3370,0.00517274
3371,0.00902808
3373,0.00370421
3377,0.000737583
3378,0.00317883
3380,0.0225666
3381,0.020202
3382,0.0597018
3385,0.0041406
3390,0.0167019
3393,0.00207893
3395,0.0133848
3402,0.00540923
3403,0.00183694
3407,0.00595648
3408,0.0170303
3409,0.000957683
3410,0.00194463
3412,0.00220111
3413,0.0372551
3414,0.00521994
3425,0.00285346
3429,0.00865262
3430,0.00248411
3432,0.00283327
3433,0.0292732
3434,0.00311636
3455,0.00105639
3456,0.00807625
3458,0.0377967
3462,0.00289155
3466,0.0394487
3469,0.00571956
3472,0.00154067
3474,0.00148934
3494,0.0108691
3495,0.0232496
3496,0.00699165
3497,0.026832
3498,0.0310737
3499,0.0310538
3500,0.00179371
3501,0.167324
3513,0.00535237
3515,0.007808
3516,0.0848152
3519,0.0824769
3527,0.00769079
3528,0.825383
3530,0.778889
3531,0.78289
3533,0.118517
3535,0.750189
3536,0.801751
3539,0.737848
3540,0.820441
3547,0.739083
3550,0.811602
3551,0.803407
3552,0.815157
3553,0.815577
3554,0.0174475
3556,0.0784726
3585,0.0234358
3587,0.00984582
3590,0.116168
3591,0.0158281
3592,0.00110202
3593,0.0165769
3597,0.000505053
3603,0.00123085
3604,0.000592178
3609,0.00332915
3610,0.00137513
3611,0.00211328
3612,0.0163536
3615,0.000633526
3616,0.0205943
3622,0.0166154
3623,0.0540398
3625,0.0250154
3626,0.120322
3629,0.0118941
3630,0.00197221
3631,0.00128518
3632,0.00627032
3634,0.00181395
3638,0.00347141
3641,0.209788
3642,0.00399536
3645,0.0354993
3646,0.00418099
3648,0.0100984
3651,0.000866541
3654,0.0117902
3656,0.00231427
3657,0.0604488
3658,0.000172817
3659,0.24362
3661,0.297134
3662,0.0039833
3664,0.991752
3667,0.987699
3669,0.986009
3673,0.984293
3674,0.979874
3675,0.979866
3677,0.977188
3679,0.976569
3681,0.966067
3682,0.977467
3687,0.00562275
3689,0.538936
3691,0.00387684
3692,0.107326
3693,0.00458648
3696,0.00978138
3697,0.0829467
3701,0.552969
3702,0.000831058
3703,0.0271529
3704,0.18964
3705,0.0132518
3709,0.00653138
3710,0.0264673
3711,0.028442
3712,0.00154607
3713,0.00415689
3714,0.010359
3717,0.0261327
3718,0.00498324
3720,0.0688456
3721,0.00136806
3722,0.000659528
3723,0.00401978
3754,0.00011122
3756,0.000888188
3757,0.000451355
3759,0.100872
3762,0.00412863
3764,0.0676117
3765,0.00089619
3773,0.00362759
3774,0.00844065
3775,0.0181648
3776,0.0154752
3777,0.0653198
3779,0.00693434
3782,0.0621253
3786,0.0137885
3787,0.000842347
3793,0.093485
3796,0.0840866
3798,0.0167426
3799,0.256163
3800,0.217389
3801,0.219836
3802,0.154696
3805,0.21512
3806,0.142407
3808,0.203499
3809,0.0678295
3810,0.00171167
3812,0.0315915
3813,0.00269471
3820,0.0142095
3821,0.000712204
3825,0.0451452
3828,0.0160995
3832,0.000807543
3839,0.00890105
3840,0.000805591
3843,0.291566
3844,0.000601066
3846,0.00609809
3847,0.0414143
3849,0.109009
3851,0.00392481
3852,0.0145081
3853,0.00047472
3855,0.53754
3858,0.603031
3863,0.00320547
3866,0.0191802
3867,0.150361
3871,0.380337
3873,0.00143614
3874,0.00051378
3877,0.00059545
3879,0.0049612
3880,0.000432068
3882,0.0174193
3883,0.0532521
3885,0.00347177
3888,0.00690702
3891,0.348512
3897,0.00845753
3900,0.00516395
3901,0.00244322
3902,0.0330465
3903,0.00750491
3904,0.000732596
3907,1.85203e-05
3909,0.000951418
3914,0.000307308
3915,0.00183156
3917,0.00983149
3921,0.00159634
3922,0.00151236
3923,0.00347587
3929,0.0062038
3931,0.0263483
3934,0.609682
3935,0.577941
3936,0.603678
3937,0.61722
3939,0.56971
3941,0.000691152
3944,0.0957094
3956,0.000603035
3957,0.00238446
3960,0.00101322
3961,0.0210549
3963,0.00728984
3969,0.00420359
3971,0.0106714
3972,0.0149851
3976,0.00228563
3978,0.0846703
3979,0.00101483
3980,0.0221471
3986,0.00101796
3988,0.00204426
3989,0.00293298
3990,0.00890847
3997,0.0299494
3999,0.00346547
4000,0.000806487
4001,0.00119918
4002,0.0160591
4003,0.0974529
4004,0.0398895
4006,0.0100437
4014,0.0222598
4018,0.00606898
4019,0.00198109
4020,0.000629049
4021,0.00467465
4022,0.00646005
4023,0.000704762
4024,0.0112607
4031,0.0172788
4033,0.0154029
4035,0.0260876
4038,0.00832016
4039,0.00649985
4041,0.00691696
4043,0.0688525
4044,0.17383
4046,0.00469726
4047,0.00169076
4050,0.00348398
4053,0.055607
4054,0.00352455
4056,0.0154026
4058,0.00533723
4067,0.801095
4068,0.734432
4069,0.714405
4076,0.00334503
4081,0.00299935
4082,0.162966
4083,0.0010639
4089,0.0046554
4090,0.0822631
4092,0.00331936
4093,0.00171678
4094,0.0369488
4097,0.00619272
4100,0.00540339
4101,0.829564
4102,0.703825
4104,0.816966
4105,0.799145
4108,0.747806
4110,0.817993
4111,0.792306
4112,0.840473
4117,0.772238
4121,0.9547
4122,0.0136178
4123,0.809049
4125,0.836353
4126,0.78797
4127,0.797223
4128,0.768042
4131,0.796926
4136,0.958693
4137,0.963207
4138,0.944495
4139,0.941464
4141,0.941722
4151,0.941817
4152,0.948521
4153,0.952075
4154,0.951156
4157,0.940095
4161,0.972378
4163,0.953899
4164,0.949583
4168,0.943256
4169,0.947813
4170,0.935261
4171,0.937629
4172,0.939537
4173,0.962709
4176,0.964245
4180,0.96126
4181,0.966253
4182,0.967092
4184,0.0598552
4185,0.00766936
4188,0.00819011
4199,0.00147272
4200,0.00392856
4202,0.00163224
4205,0.0285305
4208,0.0239667
4209,0.00705751
4210,0.0452712
4211,0.000513462
4215,0.0136891
4216,0.387764
4220,0.000388244
4221,0.00140828
4224,0.0124067
4225,0.00881263
4228,0.00260156
4229,0.00326404
4231,0.0123572
4232,0.000194781
4233,0.00194193
4236,0.00363171
4239,0.00112147
4240,0.0157807
4242,0.0127027
4244,0.0327492
4245,0.00133105
4246,0.0360618
4249,0.285331
4250,0.859561
4254,0.84408
4255,0.0170647
4258,0.826715
4261,0.866761
4263,0.859986
4264,0.839906
4265,0.850336
4267,0.827028
4269,0.854847
4270,0.825609
4274,0.866792
4276,0.0262528
4279,0.00695148
4281,0.0133728
4283,0.993548
4284,0.996046
4286,0.00520876
4289,0.074508
4293,0.0851114
4294,0.000941483
4296,0.00226599
4297,0.040329
4301,0.00198221
4306,0.000635022
4308,0.000786808
4310,0.0444839
4312,0.02864
4313,0.0111786
4315,0.00694735
4319,0.669424
4320,0.62425
4325,0.00844396
4328,0.00263465
4335,0.00752556
4338,0.175944
4340,0.0113641
4341,0.0200981
4342,0.000412956
4344,0.110679
4348,0.915553
4351,0.883924
4355,0.895158
4356,0.890055
4359,0.893421
4360,0.0165538
4363,0.889967
4365,0.900963
4366,0.91073
4368,0.881714
4370,0.891629
4372,0.840002
4373,0.834444
4375,0.857582
4377,0.835905
4378,0.821861
4380,0.814521
4381,0.862432
4383,0.757718
4384,0.782954
4386,0.811799
4390,0.000516708
4394,0.00549154
4395,0.0546242
4396,0.0047891
4397,0.675778
4398,0.036816
4401,0.00439088
4404,0.00203406
4406,0.00101003
4407,0.00128602
4409,0.000945994
4410,0.00221162
4411,0.0172908
4412,0.00228189
4414,0.000638282
4421,0.0199142
4423,0.00145089
4424,0.110858
4426,0.0389538
4427,0.0321571
4434,0.0005647
4435,0.00540895
4437,0.0012409
4439,0.179964
4446,0.195086
4448,0.0261952
4450,0.0230114
4461,0.653366
4462,0.00107501
4463,0.375627
4464,0.0242351
4465,0.0190321
4466,0.00855565
4467,0.00952338
4468,0.250516
4474,0.608333
4476,0.652935
4477,0.668729
4478,0.633358
4484,0.00206144
4485,0.0154857
4496,0.994153
4499,0.0245652
4500,0.00117132
4502,0.00625243
4506,0.642908
4507,0.634143
4512,0.696378
4513,0.749614
4516,0.79287
4519,0.83231
4521,0.817943
4527,0.90357
4528,0.83086
4529,0.895807
4533,0.864124
4534,0.831279
4535,0.864347
4536,0.882234
4537,0.93476
4538,0.930216
4539,0.927868
4541,0.879656
4547,0.923779
4550,0.959579
4551,0.947658
4555,0.956952
4556,0.948785
4562,0.631762
4563,0.2246
4564,0.0012581
4568,0.00145218
4574,0.0110219
4575,0.000725947
4579,0.0192025
4588,0.00385298
4602,0.000158567
4605,0.00445256
4607,0.98027
4608,0.00539463
4611,0.330129
4614,0.485985
4615,0.00109367
4617,0.0108674
4619,0.00635676
4620,0.00231443
4623,0.00198293
4625,0.000116006
4626,0.00522359
4629,0.0440328
4630,0.0860227
4631,0.000538953
4641,0.0271365
4651,0.0001221
4654,0.00153763
4656,0.0237693
4660,0.0138909
4662,0.536341
4665,0.976737
4666,0.978712
4667,0.979959
4670,0.969157
4671,0.0215804
4672,0.0279165
4673,0.0065152
4674,0.158392
4675,0.00127407
4676,0.00114444
4677,0.00105317
4678,0.000647942
4682,0.000730871
4686,0.000452578
4689,0.0121634
4696,0.0029467
4698,0.00182348
4701,0.0166167
4702,0.0151616
4704,0.00776736
4707,0.667813
4711,0.000403727
4712,0.00010975
4715,0.0105216
4718,0.00479727
4721,0.0163272
4727,0.00232505
4728,0.0583495
4731,0.0143428
4735,0.00285416
4736,0.0469725
4740,0.23883
4743,0.00167183
4745,0.0485027
4747,0.00114281
4751,0.0153328
4752,0.0124048
4755,0.00783957
4757,0.00328035
4758,0.0122477
4761,0.0053709
4762,0.00523009
4767,0.0142864
4768,0.00339796
4769,0.000335326
4770,0.0175136
4782,0.00708321
4783,0.0443956
4785,0.0412038
4786,0.000653556
4789,0.00195888
4792,8.35739e-05
4805,0.00131229
4807,0.0652756
4808,0.000495454
4811,0.0152247
4813,0.00620861
4815,0.000844424
4816,0.0115484
4821,0.000405232
4823,0.295023
4826,0.0534226
4829,0.0156829
4835,0.0516411
4836,0.308034
4838,0.000999432
4847,0.0185615
4850,0.00434141
4852,0.00244634
4853,0.060592
4855,0.000573281
4858,0.00983937
4860,0.461869
4862,0.997179
4865,0.997235
4867,0.0199952
4869,0.00061751
4870,0.0624316
4876,0.0117835
4877,0.00303821
4882,0.00115418
4885,0.146332
4886,0.00298969
4888,0.055952
4895,0.00221704
4897,0.0239099
4898,0.00388833
4899,0.00260228
4900,0.00366233
4904,0.140775
4905,0.0186359
4907,0.0637505
4909,0.00294289
4910,0.0193116
4911,0.997233
4912,0.996625
4915,0.0137809
4916,0.0118345
4917,0.301047
4919,0.160617
4922,0.000918388
4925,0.0714668
4928,0.00206527
4929,0.0555741
4931,0.00271678
4933,0.0817767
4935,0.000589541
4936,0.00559286
4937,0.000471224
4939,0.0100836
4940,0.0026551
4941,0.00297548
4942,0.00638143
4944,0.130743
4946,0.122935
4947,0.0935729
4948,0.401195
4954,0.015436
4955,0.0534246
4957,0.00642683
4958,0.000182902
4962,0.00413571
4963,0.176794
4966,0.288295
4967,0.0208092
4969,0.0190027
4970,0.0554932
4971,0.00612832
4974,0.00699745
4979,0.00250901
4980,0.0567252
4982,0.00647316
4987,0.0409506
4990,0.0147359
4991,0.0075818
4992,0.00478823
4993,0.0238247
4994,0.022377
4995,0.0634995
4997,0.0447362
4999,0.0137114
5000,0.00383321
5001,0.154761
5002,0.0297667
5005,0.000381279
5010,0.0507954
5011,0.0164284
5014,0.0167251
5015,0.00706381
5016,0.00772733
5017,0.0110844
5018,0.00154659
5019,0.00509656
5020,0.00269087
5021,0.00904931
5022,0.00770121
5023,0.218717
5024,0.0010172
5025,0.000928995
5026,0.00583065
5027,0.0454593
5028,0.00686088
5030,0.0246736
5031,0.00173503
5032,0.00282617
5033,0.00270301
5034,0.0693682
5039,0.0291317
5040,0.0146883
5041,0.0843087
5042,0.00932217
5045,0.0192941
5046,0.0013108
5049,0.00462741
5050,0.0409075
5054,0.00285275
5057,0.00586219
5060,0.0105213
5061,0.0119106
5063,0.996663
5064,0.997391
5065,0.997048
5068,0.0839953
5070,0.198421
5071,0.99739
5076,0.00394649
5077,0.00444284
5079,0.111667
5080,0.0157522
5083,0.00422389
5085,0.355474
5087,0.0093934
5089,0.00847525
5090,0.355277
5091,0.142816
5095,0.00784042
5097,0.0738747
5098,0.136451
5101,0.00355608
5102,0.0834356
5103,0.00274363
5105,0.333682
5109,0.0149874
5112,0.00228197
5115,0.0585995
5121,0.993382
5122,0.0118397
5123,0.0174742
5126,0.000875266
5127,0.0184052
5130,0.997667
5131,0.000389764
5137,0.178592
5139,0.294187
5141,0.229388
5143,0.18957
5144,0.00102424
5146,0.178649
5148,0.157046
5149,0.214113
5151,0.149712
5154,0.0044863
5156,0.0190371
5157,0.0829681
5159,0.0201465
5160,0.270761
5166,0.000847004
5169,0.00248725
5170,0.0446511
5172,0.0106767
5174,0.178029
5177,0.000547129
5179,0.0410856
5182,0.00119247
5183,0.130738
5187,0.0022123
5188,0.0150252
5190,0.998331
5192,0.04889
5195,0.997516
5200,0.0225127
5201,0.134925
5202,0.000639254
5203,0.00407055
5205,0.00336025
5206,0.114025
5207,0.0112005
5217,0.0164645
5218,8.54778e-05
5220,0.00760777
5221,0.0931151
5224,0.00144899
5225,0.997512
5227,0.00456566
5229,0.00388338
5230,0.0312707
5232,0.132654
5233,0.015434
5235,0.00236402
5236,0.0102615
5239,0.00340925
5241,0.300944
5242,0.00294168
5244,0.0231508
5246,0.0429676
5247,0.0650763
5250,0.000594094
5251,0.997789
5252,0.997295
5255,0.000972673
5256,0.00349376
5257,0.00106164
5260,0.0660326
5261,0.0380696
5262,0.0241445
5264,0.028703
5267,0.00201679
5268,0.00151794
5270,0.00818678
5273,0.053832
5275,0.000390615
5277,0.0577118
5279,0.0245038
5282,0.159111
5287,0.0107021
5290,0.000514315
5291,0.206014
5293,0.0030584
5297,0.231277
5298,0.0353003
5299,0.0180216
5300,0.0146411
5302,0.0136541
5305,0.00448675
5311,0.00959483
5312,0.000184901
5313,0.0488918
5314,0.0362369
5315,0.0260202
5316,0.00657985
5319,0.00771672
5321,0.002134
5323,0.00925084
5326,0.0149492
5327,0.000727616
5328,0.00223949
5329,0.0358998
5331,0.00154156
5334,0.191608
5335,0.0231082
5337,0.052022
5340,0.00333645
5342,0.0139696
5344,0.00196989
5345,0.0494122
5346,0.0684496
5348,0.00138137
5349,0.0456681
5351,0.0941855
5353,0.00803949
5354,7.70172e-05
5357,0.00190169
5359,0.00114964
5362,0.209872
5363,0.00452777
5364,0.00128786
5366,0.118277
5369,0.00612016
5371,0.00495622
5372,0.00789182
5382,0.0751686
5384,0.00155772
5385,0.0446001
5388,0.0183686
5389,0.031453
5390,0.0721452
5391,0.0050907
5392,0.0108031
5393,0.00852377
5396,0.997726
5398,0.997861
5399,0.99824
5401,0.997826
5402,0.998164
5406,0.997783
5409,0.0750278
5422,0.0175138
5424,0.0171729
5427,0.00570627
5428,0.0260063
5431,0.99777
5433,0.00164533
5434,0.00173026
5435,0.00401869
5438,0.00494735
5439,0.00614117
5444,0.000984773
5445,0.0669073
5446,0.0252875
5448,0.0157165
5450,0.0016382
5453,0.0395203
5455,0.0569256
5457,0.001981
5459,0.0436584
5461,0.0155688
5463,0.00852531
5464,0.00546544
5465,0.0243283
5467,0.0524266
5469,0.0250398
5470,0.0589083
5471,0.0179246
5472,0.0223788
5473,0.00168125
5475,0.00100592
5478,0.0207879
5479,0.000882928
5480,0.0151431
5484,0.00267893
5486,7.72102e-06
5487,0.00506093
5489,0.0379048
5492,0.0260029
5494,0.0136304
5495,0.00258953
5501,0.000746016
5502,0.00175977
5503,0.000786046
5507,0.00489437
5508,0.000791159
5511,0.030585
5515,0.00172264
5519,0.00660192
5522,0.000981615
5524,0.00151299
5525,0.0199843
5527,0.00159457
5531,0.00614527
5533,0.0259663
5534,0.0639404
5535,0.0158153
5536,0.000914875
5543,0.0390003
5545,0.00635628
5547,0.00348235
5548,0.0220548
5549,0.00251465
5550,0.0164105
5551,0.00093254
5552,0.00237006
5553,0.00638859
5554,0.00143536
5556,0.0923592
5557,0.151114
5559,0.000698272
5560,0.00729407
5561,0.00681368
5562,0.00542161
5563,0.0253692
5567,0.00471571
5571,0.00162229
5575,0.343221
5582,0.097008
5585,0.997894
5588,0.421057
5593,0.0029348
5594,0.000674218
5595,0.00673846
5596,0.00999177
5597,0.0113886
5598,0.00179991
5607,0.0116173
5610,0.022148
5612,0.00166553
5619,0.0740061
5622,0.0164312
5624,0.00447675
5625,0.0322812
5626,0.00153099
5628,0.0531995
5630,0.00682429
5631,0.0655051
5636,0.0791806
5637,0.716309
5638,0.0120745
5639,0.0063657
5642,0.0446867
5645,0.015572
5646,0.00892389
5647,0.0227852
5650,0.00698353
5652,0.163568
5653,0.0532009
5654,0.0576015
5655,0.0498751
5658,0.00876602
5659,0.00187904
5660,0.0113253
5661,0.00441185
5664,0.0169233
5665,0.0163383
5667,0.0199069
5669,0.00268799
5670,0.267491
5672,0.0276231
5673,0.0121602
5675,0.00105683
5676,3.09942e-05
5677,0.0215053
5679,0.0674938
5680,0.0111125
5685,0.004133
5686,0.00768962
5687,7.35613e-05
5692,0.0889134
5693,0.00419682
5695,0.796305
5699,0.00205691
5700,0.000409518
5701,0.0531129
5707,0.0401753
5708,0.0218031
5714,0.000584044
5716,0.0666962
5717,0.00151386
5718,0.000845651
5720,0.00799024
5725,0.0817853
5726,0.00335237
5728,0.00594863
5730,0.0632224
5731,0.000323856
5732,0.00958005
5734,0.00113732
5735,0.00879604
5736,0.0169092
5740,0.0019319
5758,0.034282
5767,0.12539
5769,0.0018137
5771,0.00849848
5774,0.00115347
5775,0.00239342
5776,0.0153913
5777,0.000690829
5778,0.0284749
5782,0.0614306
5784,0.00535397
5786,0.171072
5791,0.000739382
5794,0.000582759
5795,0.0849643
5797,0.00143577
5802,0.00746817
5803,0.996773
5804,0.00480252
5810,0.995936
5812,0.00778223
5815,0.993323
5816,0.994214
5821,0.00395839
5827,0.0107757
5828,0.000787169
5833,0.0352383
5836,0.215983
5839,0.0110712
5845,0.0733078
5850,0.0414044
5852,0.000786448
5853,0.0017362
5856,0.039188
5858,0.00388302
5863,0.00581066
5867,0.0409383
5870,0.00467435
5876,0.0106817
5877,0.0241313
5879,0.0221119
5880,0.0149182
5881,0.00511315
5883,0.0449155
5884,0.191208
5885,0.00368859
5886,0.00345077
5891,0.0567677
5892,0.00588466
5893,0.021104
5894,0.00593347
5895,0.00101833
5900,0.16389
5905,0.0482299
5906,0.0166872
5912,0.00230644
5913,0.000668677
5919,0.023192
5920,0.000185916
5922,0.000400393
5923,0.0840782
5928,0.0017716
5929,0.0148742
5930,0.0017466
5932,0.0148444
5935,0.00036583
5936,0.00771025
5939,0.021138
5940,0.00624827
5942,0.00265854
5944,0.164795
5945,0.000606907
5946,0.159955
5947,0.000679373
5948,0.0155328
5954,0.00304527
5955,0.0914
5956,0.0311597
5958,0.138536
5961,0.00509239
5962,0.000211436
5963,0.0303713
5965,0.00903295
5972,0.00102625
5974,0.0306503
5977,0.00118281
5980,0.00306456
5982,0.000926858
5983,0.0561765
5984,0.050574
5985,0.00591293
5987,0.00442746
5988,0.000334484
5989,0.00135036
5991,0.448167
5994,0.00323223
5996,0.25581
5997,0.00816437
5998,0.0174341
5999,0.00222194
6000,3.90477e-05
6003,0.00515815
6007,0.00187268
6009,0.034519
6012,0.0267081
6013,0.00615483
6015,0.0114962
6016,0.00261139
6018,0.0147113
6019,0.305136
6023,0.996313
6024,0.99688
6025,0.995555
6026,0.000381972
6027,0.0347573
6029,0.00169086
6032,0.0219032
6033,0.00197506
6037,0.0216414
6039,0.0105925
6040,0.00400496
6047,0.0297896
6048,0.0241625
6050,0.0353618
6051,0.994549
6052,0.121621
6059,0.0175046
6060,0.0163429
6061,0.0293419
6063,0.729569
6067,0.0125238
6069,0.0422787
6073,0.00218863
6075,0.000183865
6076,0.00934381
6079,0.00116705
6082,0.121358
6084,0.0520528
6087,0.00219308
6089,0.0485681
6091,0.0139737
6094,0.0177515
6095,0.005702
6096,0.0129099
6098,0.0478962
6100,0.0172338
6101,0.996726
6103,0.994132
6104,0.00193536
6105,0.994924
6106,0.0136176
6107,0.0170726
6108,0.00754751
6109,0.0778875
6110,0.0319689
6111,0.0019505
6112,0.00298107
6115,0.00918335
6120,0.00230513
6121,0.0563285
6123,0.00780287
6125,0.0640407
6126,0.00582228
6127,0.00631238
6129,0.0346415
6133,0.0903967
6134,0.0347546
6135,0.0379712
6138,0.00790849
6141,0.0105137
6142,0.0601914
6146,0.00312435
6148,0.0161848
6153,0.00576892
6154,0.0499952
6155,0.00387325
6156,0.971447
6157,0.0101826
6158,0.000773589
6159,0.0111745
6160,0.0048105
6161,0.000603733
6163,0.00909642
6165,0.0352639
6167,0.127553
6168,0.00485203
6169,0.0412749
6172,0.00745354
6176,0.0958164
6177,0.00113302
6178,0.00220922
6180,0.00901887
6183,0.000957707
6188,0.0376406
6189,0.00280734
6190,0.0760757
6191,0.00151992
6196,0.001615
6197,0.0450302
6203,0.00487053
6207,0.259621
6208,0.00102701
6211,0.0117697
6213,0.00384609
6214,0.00959537
6217,0.0181725
6218,0.0233251
6219,0.000988253
6223,0.0937287
6227,0.00300963
6229,0.0141595
6231,0.00664247
6236,0.000478865
6238,0.0739645
6239,0.00399006
6240,0.00276814
6242,0.00131537
6245,0.000853105
6249,0.0406875
6250,0.00205875
6251,0.0533427
6253,0.00920931
6254,0.0118123
6256,0.012247
6260,0.0786992
6261,0.0270924
6263,0.99549
6264,0.994243
6268,0.00332581
6270,0.00145254
6272,0.00777185
6276,0.00176298
6277,0.0919311
6278,0.143956
6279,0.0346637
6285,0.00490747
6286,0.000806126
6287,0.000612389
6289,0.000880214
6290,0.00277923
6291,0.104641
6292,0.00786053
6294,0.137416
6295,0.00303245
6296,0.010706
6297,0.0944541
6298,0.0178244
6301,0.0106735
6302,0.00322059
6303,0.00275482
6305,0.0273987
6306,0.0212211
6309,0.00164029
6310,0.0146209
6313,0.00502547
6317,0.00224671
6319,0.0986513
6320,0.147428
6321,0.0110624
6326,0.00253231
6329,0.00410123
6330,0.00805506
6331,0.0243032
6334,0.00734902
6335,0.0204096
6336,0.322501
6338,0.0184142
6339,0.194662
6340,0.0842448
6341,0.0123893
6342,0.00395216
6345,0.000836184
6348,0.0476268
6356,0.0355508
6358,0.0104395
6359,0.108013
6362,0.0305477
6364,0.0101325
6365,0.00877282
6366,0.00329497
6371,0.0194294
6373,0.110053
6377,0.0369036
6379,0.000615042
6380,0.00930088
6383,0.00388038
6386,0.111604
6389,0.475875
6390,0.0014528
6393,0.0031849
6394,0.000940803
6395,0.185181
6396,0.203935
6397,0.151907
6399,0.104461
6400,0.00499862
6401,0.0552367
6405,0.00195185
6407,0.19756
6409,0.0111349
6411,0.0447005
6413,0.0204657
6414,0.00143295
6416,0.0716524
6417,0.00203629
6420,0.00294769
6421,0.000756401
6435,0.0190974
6436,0.00356297
6438,0.0111684
6439,0.00366559
6441,0.0363912
6443,0.00492186
6444,0.0111076
6445,0.000193211
6446,0.00676729
6447,0.00320805
6451,0.000922023
6452,0.00143159
6455,0.00128145
6457,0.00853047
6458,0.401898
6459,0.0812258
6462,0.00644387
6466,0.00634563
6467,0.0109966
6468,0.0101741
6471,0.0409349
6474,0.00154963
6475,0.00260564
6476,0.0987363
6478,0.00308476
6480,0.00152107
6483,0.0912852
6484,0.00417097
6485,0.0321914
6487,0.134462
6490,0.0170834
6494,0.00347828
6499,0.0656471
6500,0.0622183
6501,0.00112808
6502,0.0617416
6503,0.0614366
6504,0.0263668
6505,0.00352295
6507,0.00387295
6509,0.0140615
6511,0.00278799
6513,0.00737154
6515,0.0210411
6516,0.0624294
6517,0.124909
6520,0.0521652
6523,0.00613104
6528,0.00291077
6530,0.000381701
6532,0.0385676
6533,0.00433604
6535,0.00576276
6536,0.00110271
6539,0.00338084
6542,0.0328078
6543,0.0630035
6545,0.000560612
6550,0.0450388
6552,0.0716889
6553,0.00339519
6556,0.206305
6558,0.00833981
6560,0.007479
6561,0.00676557
6564,0.000527302
6565,0.119538
6574,0.0143295
6577,0.00961511
6581,0.0343793
6582,0.564618
6583,0.160995
6585,0.00528803
6586,0.000600229
6587,0.00077123
6589,0.0799098
6591,0.0119332
6593,0.00177134
6597,0.00156975
6598,0.0202675
6600,0.0707592
6602,0.0047651
6604,0.00972132
6605,0.0875431
6606,0.00278521
6607,0.0155065
6608,0.00137534
6611,0.0388492
6612,0.00189287
6613,0.00352473
6614,0.0567885
6615,0.152043
6617,0.0258838
6620,0.00520589
6621,0.00369956
6624,0.0269733
6628,0.00458095
6630,0.0414746
6631,0.416504
6634,0.00416874
6635,0.00585095
6637,0.0065737
6638,0.00235943
6641,0.00257357
6642,0.00617337
6643,0.00449922
6647,0.00325377
6648,0.083843
6649,0.0172061
6650,0.0086639
6652,0.0178135
6654,0.00164196
6657,0.0086336
6658,0.00234906
6659,0.012854
6660,0.00136275
6661,0.0301279
6664,0.0128968
6669,0.0039351
6672,0.200158
6674,0.00153514
6679,0.112674
6684,0.000726868
6688,0.0197036
6689,0.00124949
6691,0.0074339
6693,0.0221783
6694,0.0126248
6700,0.0137853
6701,0.0161452
6702,0.0183172
6704,0.00407828
6706,0.00109998
6710,0.021058
6711,0.0343815
6713,0.00563926
6714,0.00640606
6715,0.00705258
6716,0.012599
6724,0.0119299
6727,0.0110786
6729,0.213649
6731,0.00226918
6733,0.529434
6734,0.0143823
6735,0.0244594
6736,0.0913534
6737,0.00860005
6738,0.314476
6740,0.00810444
6742,0.0972959
6744,0.00502121
6746,0.00532793
6747,0.0177718
6749,0.00249347
6750,0.0137066
6753,0.00290167
6754,0.165537
6755,0.000125251
6756,0.0359242
6758,0.021983
6759,0.0142315
6761,0.00132857
6762,0.00192328
6763,0.0456411
6766,0.000133507
6767,0.0054185
6770,0.995248
6775,0.0527813
6779,0.00414037
6780,0.0235508
6782,0.0643173
6783,0.00868359
6786,0.00110854
6787,0.00266763
6791,0.0303452
6793,0.104804
6796,0.000133672
6798,0.376001
6799,0.272595
6800,0.315446
6803,0.0168753
6806,0.00394029
6807,0.0025816
6810,0.0407605
6811,0.106501
6813,0.0008996
6817,0.0205234
6819,0.00272026
6822,0.0209589
6823,0.0132686
6824,0.11501
6825,0.000550821
6826,0.00533633
6827,0.108782
6830,0.0182261
6834,0.0914071
6835,0.00169333
6836,0.000401493
6842,0.68428
6843,0.994964
6846,0.00100566
6847,0.00160997
6850,0.0338432
6855,0.00179174
6856,0.000575196
6857,0.0969422
6858,0.00355962
6860,0.0189105
6861,0.0124238
6863,0.00709786
6868,0.00270952
6869,0.0011124
6871,0.0921643
6873,0.000350535
6874,0.00283703
6875,0.0278516
6879,0.00753909
6882,0.0224226
6883,0.00586507
6884,0.0013772
6886,0.00597641
6887,0.157595
6891,0.511654
6892,0.0698268
6893,0.00151383
6896,0.00225666
6898,0.0465131
6899,0.0133812
6900,0.0471176
6904,0.00621431
6905,0.000805795
6906,0.00581215
6907,0.725894
6908,0.067385
6910,0.171984
6912,0.0131335
6915,0.00602061
6916,0.0114247
6921,0.167755
6922,0.026456
6927,0.0335871
6928,0.00816559
6929,0.0183132
6930,0.0319619
6932,3.91443e-05
6933,0.0136704
6937,0.00534203
6939,0.000818485
6942,0.019181
6943,0.00355538
6944,0.00175402
6945,0.00127277
6947,0.990888
6948,0.98976
6951,0.0096085
6952,0.00826372
6955,0.00327828
6956,0.000558604
6959,0.0531488
6962,0.0472667
6966,0.00307024
6967,0.0281126
6968,0.00127897
6970,0.00281465
6971,0.0325364
6972,0.0171677
6973,0.00123695
6974,0.0623636
6976,0.0100815
6977,0.00150069
6978,0.00118029
6979,0.113434
6982,0.00444474
6983,0.00292032
6988,0.00681703
6993,0.00387798
6995,0.110262
6996,0.00349206
6998,0.082987
6999,0.023511
7001,0.0555838
7004,0.00163027
7007,0.0023783
7008,0.00287165
7011,0.004399
7012,0.00430384
7013,0.0171613
7014,0.00259084
7016,0.0175963
7017,0.00363796
7018,0.00555968
7019,0.0347054
7022,0.0045547
7024,0.0436577
7029,0.0223057
7030,0.0436361
7031,0.000404521
7032,0.00489184
7034,0.00150617
7037,0.0111372
7038,0.041304
7039,0.0242791
7040,0.0147339
7042,0.256112
7044,0.00101076
7045,0.0129064
7046,0.0646356
7048,0.00304048
7054,0.0134961
7056,0.0167195
7059,0.0206483
7061,0.0116879
7062,0.00651844
7064,0.0051552
7065,0.105004
7066,0.00104012
7068,0.988452
7073,0.000831465
7076,0.206543
7077,0.00139715
7079,0.000827568
7081,0.0116609
7083,0.215187
7085,0.0097745
7086,0.001386
7087,0.00124392
7088,0.0146318
7091,0.0625516
7093,0.000559932
7094,0.00143686
7095,0.00473512
7096,0.000582637
7098,0.00394368
7099,0.00204768
7105,0.248197
7108,0.00741854
7109,0.153519
7113,0.989943
7116,0.00602093
7117,0.000968329
7118,0.00169518
7120,0.000670871
7121,0.0775276
7125,0.00692591
7130,0.00177131
7131,0.0129509
7132,0.000993434
7137,0.0198929
7138,0.00291893
7142,0.0689272
7145,0.00125539
7147,0.0200103
7148,0.00214523
7149,0.0101253
7151,0.043359
7156,0.0392123
7160,0.0207907
7161,0.000774373
7163,0.045412
7165,0.00852827
7172,0.11006
7174,0.0113308
7175,0.0629642
7177,0.00108731
7181,0.0305256
7182,0.00899432
7184,0.00440886
7187,0.0047391
7189,0.000829492
7190,0.000415848
7197,0.000383613
7199,0.00934884
7201,0.00373856
7202,0.00172349
7203,0.0030836
7206,0.00190345
7209,0.0015331
7211,0.0852965
7212,0.048425
7213,0.00217959
7215,0.00966547
7217,0.00282574
7218,0.689848
7221,0.00269029
7223,0.00137456
7225,0.001752
7226,0.00818141
7227,0.0834062
7229,0.00228696
7231,0.569963
7234,0.00331021
7235,0.00741008
7238,0.0219711
7239,0.0063417
7240,0.0177894
7245,0.000462717
7246,0.0209892
7248,0.00565925
7250,0.0246361
7251,0.051195
7256,0.0534774
7257,0.559771
7258,0.00558469
7259,0.00887812
7264,0.031061
7266,0.0375683
7267,0.00273487
7271,0.0130568
7274,0.925609
7276,0.000887718
7277,0.0100068
7279,0.00185035
7280,0.00346236
7282,0.00229181
7283,0.00639533
7291,0.0661716
7295,0.00117227
7296,0.000488431
7298,0.0161754
7300,0.00159389
7302,0.000423907
7304,0.0063145
7305,0.00601726
7311,0.00268287
7315,0.000629631
7316,0.0300583
7319,0.0113312
7321,0.128364
7326,0.0301852
7328,0.11533
7331,0.0653025
7332,0.0132789
7333,0.053636
7334,0.0605555
7336,0.016648
7337,0.107898
7338,0.00304888
7339,0.000514229
7340,0.0146252
7341,0.00626986
7343,0.00147618
7344,0.00184978
7346,0.0746782
7347,0.0110773
7349,0.0120206
7351,0.258359
7352,0.00218894
7353,0.928533
7354,0.119122
7356,0.0332578
7360,0.258603
7364,0.704832
7365,0.0154539
7366,0.00271468
7367,0.0383294
7368,0.00765224
7372,0.00314964
7373,0.00146731
7374,0.108259
7376,0.011734
7380,0.0998993
7383,0.0361053
7384,0.01286
7385,0.00502432
7389,0.0052873
7392,0.0464607
7393,0.0213804
7395,0.188521
7396,0.000862395
7399,0.106075
7400,0.0404149
7403,0.00437803
7405,0.0247307
7406,0.230027
7410,0.00176127
7411,0.0148698
7417,0.0266617
7419,0.04305
7421,0.00305615
7424,0.0202959
7425,0.00910869
7429,0.00349066
7430,0.0737149
7432,0.0150087
7434,0.00266579
7439,0.000886453
7441,0.0123641
7447,0.000794691
7448,0.0250653
7449,0.100996
7451,0.190578
7452,0.368009
7453,0.012473
7455,0.0575963
7456,0.00884189
7458,0.00307917
7459,0.00950294
7460,0.00704048
7461,0.228191
7463,0.0382828
7465,0.0464643
7469,0.236559
7471,0.00102081
7472,0.00114969
7475,0.0266305
7477,0.0125993
7478,0.0439034
7479,0.00305889
7482,0.0134192
7483,0.00763011
7484,0.0315203
7485,0.0110104
7486,0.00101629
7487,0.00101106
7488,0.00975896
7489,0.00350304
7491,0.0024161
7492,0.011288
7496,0.0386395
7501,0.0460818
7502,0.00120138
7503,0.0165565
7506,0.00247069
7507,0.121364
7508,0.00351243
7514,0.0271077
7520,0.0122798
7522,0.00400425
7526,0.00155038
7528,0.00999538
7529,0.00226116
7530,0.0240586
7535,0.00957169
7536,0.000328491
7537,0.00598658
7538,0.00663555
7540,0.0180018
7541,0.00440567
7544,0.0331981
7545,0.127107
7546,0.00836995
7549,0.0019463
7550,0.00312835
7551,0.0277542
7554,0.0968363
7556,0.00622679
7557,0.0605872
7558,0.00103984
7559,0.0145171
7564,0.0641787
7565,0.00532518
7566,0.00634936
7569,0.149187
7570,0.0187319
7571,0.163756
7572,0.0866894
7573,0.0101072
7574,0.0305071
7576,0.161956
7579,0.0077269
7580,0.0146398
7581,0.00971006
7584,0.00183011
7586,0.00285943
7588,0.0151207
7589,0.00101331
7591,0.00838284
7596,0.00717943
7598,0.0106642
7599,0.0153843
7602,0.0031804
7604,0.289761
7605,0.021699
7609,0.00673552
7612,0.0104685
7615,0.00616008
7624,0.000834754
7626,0.00304601
7627,0.000749642
7628,0.00396962
7630,0.0171298
7636,0.0259514
7637,0.0140521
7640,0.00107615
7641,0.00160514
7642,0.00971727
7645,0.118222
7646,0.0722301
7650,0.00358723
7651,0.00995995
7652,0.0086987
7653,0.00285584
7656,0.0043135
7658,0.0125875
7659,0.00542536
7661,0.000667413
7662,0.00282984
7663,0.000202112
7664,0.262875
7665,0.579894
7666,0.0398878
7667,0.244832
7669,0.0241776
7671,0.003791
7672,0.0431924
7674,0.00514463
7675,0.00425218
7677,0.0538383
7678,0.0269424
7679,0.00327089
7680,0.00214177
7681,0.0046624
7686,0.00173544
7687,0.131949
7688,0.00327375
7690,0.000418204
7691,0.00380772
7694,0.0018445
7695,0.111537
7698,0.0860738
7699,0.000410783
7701,0.0050046
7702,0.00349321
7703,0.00396458
7704,0.00979663
7705,0.0639952
7711,0.185173
7715,0.0173441
7719,0.11256
7724,0.124706
7729,0.010721
7732,0.175515
7734,0.00318886
7735,0.00251424
7736,0.0815442
7740,0.00137322
7743,0.00471958
7747,0.0178145
7748,0.00259276
7750,0.00407795
7751,0.00539669
7752,0.00130273
7755,0.00117746
7756,0.00185083
7759,0.00046246
7760,0.0226596
7762,0.00849266
7766,0.0426493
7767,0.00163895
7768,0.00278525
7769,0.00175819
7770,0.00136913
7772,0.0550143
7773,0.0145806
7774,0.028068
7775,0.00131951
7776,0.448584
7779,0.0206391
7780,0.0409129
7781,0.127586
7782,0.00200541
7783,0.0194503
7784,0.0105185
7785,0.0235643
7787,0.000231152
7791,0.00515844
7792,0.0123133
7800,0.127023
7806,0.172088
7808,0.00125004
7809,0.00411596
7813,0.00768086
7815,0.194029
7820,0.0039354
7821,0.312907
7828,0.0311122
7829,0.016156
7830,0.0114574
7832,0.00124684
7834,0.0195686
7835,0.00876729
7836,0.026973
7843,0.00112044
7845,0.0192737
7846,0.0293299
7847,0.0451926
7848,0.00212667
7849,0.000589913
7851,0.00227318
7852,0.149432
7856,0.0019958
7857,0.0261346
7860,0.00439047
7862,0.00510307
7863,0.0788152
7865,0.00601715
7866,0.00389652
7869,0.04245
7872,0.0185948
7873,0.00527307
7875,0.00171343
7876,0.000488977
7877,0.00461852
7878,0.0780603
7880,0.00382218
7882,0.0451639
7883,0.0482428
7887,0.000737652
7888,0.0133932
7890,0.0281225
7893,0.00970882
7895,0.00818836
7896,0.00999486
7898,0.0442466
7899,0.0110862
7900,0.0300821
7901,0.0293698
7902,0.0195949
7905,0.00695149
7909,0.0034901
7910,0.0195495
7912,0.00880362
7914,0.107798
7916,0.0576811
7918,0.000217903
7921,0.072762
7922,0.0688121
7923,0.00366281
7924,0.00263315
7925,0.0188802
7926,0.0125767
7927,0.0505556
7929,0.00855725
7930,0.0100698
7931,0.00852101
7933,0.000205617
7934,0.00274452
7935,0.0131383
7938,0.0266503
7939,0.0524178
7943,0.0215801
7945,0.00166582
7948,0.168623
7949,0.0122639
7950,0.0109222
7952,0.00871806
7953,0.102812
7958,0.00582111
7960,0.0101676
7961,0.0557992
7962,0.0127841
7963,0.00400349
7964,0.108503
7965,0.0330116
7967,0.0124364
7968,0.0223021
7969,0.0171269
7973,0.0221593
7974,0.00926401
7978,0.0460631
7980,0.0593702
7981,0.0063215
7985,0.463386
7987,0.000794288
7990,0.00391065
7991,0.12341
7992,0.0627586
7994,0.0458755
7995,0.0199349
7996,0.00451029
7997,0.308678
7999,0.225998
8000,0.00510924
8001,0.00412379
8002,0.00857481
8004,0.00191838
8013,0.00365639
8017,0.0126239
8018,0.00251008
8020,0.00592923
8022,0.0303184
8023,0.00381145
8024,0.00245275
8025,0.00285733
8026,0.0615952
8029,0.00168517
8032,0.0572825
8035,0.00400992
8041,0.194114
8042,0.00475584
8044,0.0174542
8046,0.00375086
8047,0.00875347
8048,0.00411324
8051,0.0183524
8052,0.0745757
8053,0.250944
8055,0.00256374
8056,0.00755377
8059,0.000507621
8060,0.00183056
8062,0.00168698
8064,0.0018744
8065,0.00679555
8066,0.0108812
8067,0.00312199
8068,0.00461238
8069,6.39765e-05
8070,0.00583257
8073,0.00087295
8074,0.0021742
8076,0.00160033
8077,0.00129043
8078,0.0744282
8079,0.0504971
8080,0.0046751
8081,0.0151218
8083,0.017263
8088,0.115599
8089,0.0156872
8090,0.000700038
8091,0.00252821
8096,0.019105
8103,0.00253364
8104,0.0160997
8106,0.295788
8107,0.0116088
8109,0.00683694
8111,0.416517
8112,0.222359
8113,0.335376
8115,0.000825769
8116,0.00133813
8119,0.00195607
8120,0.583843
8121,0.0675896
8122,0.000432536
8123,0.0218997
8124,8.28506e-05
8126,0.0128407
8127,0.00191361
8128,0.00288985
8129,0.00105697
8130,0.284178
8134,0.699277
8136,0.0054838
8139,0.0187018
8140,0.0054534
8141,0.00441264
8142,0.00573008
8144,0.00177826
8145,0.0081785
8148,0.00147923
8151,0.00395353
8156,0.520385
8157,0.108695
8160,0.00127146
8162,0.0389294
8164,0.981043
8168,0.253465
8169,0.000669638
8170,0.297257
8172,0.104749
8173,0.00084527
8175,0.00226245
8177,0.00383341
8179,0.0142214
8181,0.357479
8184,0.00233382
8186,0.00580268
8193,0.0187507
8207,0.00366199
8208,0.000676224
8209,0.000816023
8211,0.00384025
8214,0.00580341
8234,0.48878
8235,0.00868626
8236,0.000805954
8237,0.2528
8243,0.00818125
8248,0.155001
8252,0.257918
8253,0.0064768
8256,0.0130238
8263,0.0180559
8267,0.0330781
8268,0.0101941
8269,0.00498835
8273,0.259502
8276,0.00155494
8280,0.00155539
8288,0.00559002
8302,0.00951949
8304,0.414416
8314,0.00044265
8319,0.0109661
8327,0.978169
8330,0.974026
8334,0.986298
8336,0.987069
8337,0.984447
8340,0.981166
8341,0.97248
8343,0.975587
8344,0.976511
8345,0.0043239
8347,0.107731
8350,0.00348965
8353,0.982646
8354,0.985392
8355,0.98069
8357,0.981785
8359,0.774864
8360,0.98281
8369,0.976056
8371,0.974628
8372,0.97445
8373,0.978853
8376,0.971123
8377,0.969018
8384,0.00115134
8385,0.00256958
8387,0.00103347
8389,0.981815
8398,0.000998154
8412,0.0193518
8413,0.811262
8423,0.00249339
8424,0.00899937
8430,0.786425
8431,0.724566
8436,0.848971
8438,0.905116
8439,0.894954
8444,0.000309224
8445,0.0740895
8447,0.0395827
8449,0.0115498
8457,0.0011441
8458,0.285251
8459,0.0213794
8462,0.00445947
8467,0.00469349
8471,0.00044688
8475,0.0526309
8476,0.166145
8477,0.00423855
8479,0.0117722
8482,0.00223224
8484,0.101452
8486,0.309487
8488,0.288706
8489,0.086359
8492,0.000928843
8494,0.00124898
8508,0.00753887
8509,0.0123863
8513,0.498891
8516,0.00374718
8521,0.359554
8523,0.020483
8526,0.0843984
8527,0.0268678
8529,0.142371
8531,0.018519
8533,0.396196
8534,0.739518
8540,0.115123
8543,0.0130694
8544,0.011513
8545,0.0049373
8546,0.000182707
8552,0.000937555
8555,0.0363832
8559,0.183508
8561,0.00285311
8573,0.00819428
8576,0.518663
8587,0.00301962
8591,0.00481097
8595,0.000848917
8600,0.00120955
8612,0.741091
8614,0.812739
8615,0.846232
8619,0.00225924
8623,0.605097
8631,0.00363512
8643,0.568997
8648,0.513122
8649,0.0122453
8651,0.586749
8654,0.000664104
8657,0.00553735
8689,0.567168
8691,0.0561851
8717,0.507103
8721,0.489455
8731,0.0187686
8732,0.00414781
8741,0.00289493
8749,0.0151082
8762,0.00279085
8765,0.151229
8766,0.0292918
8767,0.00166357
8768,0.757043
8769,0.766639
8770,0.776321
8772,0.786063
8776,0.810683
8778,0.81979
8782,0.828853
8783,0.842152
8784,0.0012819
8786,0.00525479
8789,0.00138357
8792,0.0113886
8795,0.000836411
8799,0.00343231
8800,0.00771378
8805,0.0596181
8815,0.408276
8826,0.00819983
8828,0.372298
8829,0.199828
8833,0.26083
8850,0.375149
8875,0.32232
8877,0.297573
8878,0.390465
8879,0.341959
8883,0.00795736
8884,0.235465
8885,0.255769
8887,0.229305
8888,0.23656
8889,0.262661
8894,0.263559
8896,0.210531
8898,0.323346
8899,0.304705
8902,0.0468889
8903,0.0203139
8909,0.000451403
8913,0.105637
8921,0.0063438
8923,0.00617423
8928,0.997401
8929,0.99661
8931,0.996898
8935,0.996964
8936,0.00546331
8937,0.996737
8940,0.0615044
8941,0.000786114
8942,0.996871
8943,0.997002
8944,0.997665
8947,0.00501069
8949,0.99681
8953,0.643597
8956,0.997721
8968,0.553676
8971,0.603726
8974,0.57107
8975,0.600292
8976,0.638741
8977,0.563625
8979,0.00336283
8980,0.00290311
8981,0.997564
8983,0.997321
8984,0.996871
8987,0.996901
8988,0.996617
8989,0.643321
8990,0.627057
8991,0.198395
8992,0.0100635
8998,0.559833
8999,0.580694
9000,0.559584
9002,0.996854
9005,0.0072908
9008,0.997087
9012,0.996489
9013,0.99629
9014,0.996609
9015,0.996237
9016,0.996705
9017,0.996199
9018,0.996644
9019,0.996151
9020,0.996172
9022,0.0019273
9023,0.995609
9024,0.00114179
9025,0.00382293
9033,0.00346974
9037,0.995663
9038,0.995897
9040,0.995762
9041,0.995884
9046,0.00205823
9048,0.000921048
9051,0.996447
9053,0.0610649
9070,0.0422807
9075,0.00120117
9078,0.0440665
9079,0.0731891
9083,0.996671
9084,0.997113
9087,0.995865
9088,0.996144
9093,0.0527515
9105,0.00265873
9108,0.00619628
9110,0.0285176
9116,0.0334456
9118,0.995259
9120,0.56299
9125,0.00259969
9126,0.996494
9128,0.99696
9129,0.99779
9135,0.475987
9140,0.066302
9141,0.00908236
9147,0.237497
9153,0.00472956
9156,0.0195587
9159,0.0742906
9161,0.00725844
9163,0.341848
9165,0.453448
9172,0.156048
9175,0.18721
9179,0.192929
9183,0.996987
9185,0.149046
9186,0.0790922
9188,0.00143828
9191,0.218455
9192,0.107409
9193,0.99778
9196,0.996749
9199,0.996587
9200,0.9969
9202,0.996902
9204,0.049481
9208,0.00646441
9225,0.0191681
9230,0.00114995
9232,0.125078
9234,0.00893382
9236,0.0013333
9237,0.115781
9244,0.997178
9245,0.997126
9250,0.997595
9251,0.000592261
9258,0.997739
9259,0.00502551
9265,0.996959
9269,0.996725
9273,0.449942
9274,0.484486
9275,0.432967
9276,0.49926
9277,0.409217
9278,0.496598
9280,0.997403
9282,0.997116
9283,0.997744
9298,0.989521
9299,0.99091
9301,0.078138
9304,0.730069
9305,0.988482
9308,0.989817
9310,0.990931
9311,0.990096
9313,0.0624876
9317,0.986024
9318,0.988116
9321,0.987791
9322,0.99378
9323,0.981321
9325,0.979463
9327,0.132956
9328,0.529009
9330,0.487817
9331,0.445917
9333,0.772995
9334,0.976078
9335,0.483616
9337,0.438036
9343,0.970833
9344,0.43692
9348,0.460946
9352,0.966116
9353,0.967094
9357,0.450659
9362,0.0130161
9365,0.97584
9367,0.971882
9371,0.203737
9372,0.958727
9375,0.958316
9377,0.961835
9378,0.950508
9380,0.941784
9381,0.945402
9382,0.76717
9383,0.76391
9386,0.762847
9387,0.768798
9388,0.946012
9390,0.944492
9393,0.949967
9395,0.944251
9396,0.943939
9397,0.94256
9399,0.943017
9401,0.930396
9402,0.813018
9405,0.845505
9407,0.924866
9409,0.921298
9410,0.944477
9412,0.944884
9413,0.939612
9414,0.946117
9415,0.947958
9416,0.950165
9417,0.95698
9418,0.951352
9420,0.000112722
9423,0.0287341
