1,0.00246037
2,0.000538857
3,0.00126225
5,0.0739906
6,0.0193934
10,0.0077529
14,0.00552075
15,0.000282054
16,0.011214
19,0.0110516
20,0.00401308
24,0.00426276
25,0.00144987
28,0.00117275
29,0.0112387
32,0.0149187
37,0.142849
38,0.00110689
40,0.0600729
41,0.0532211
44,0.00854044
45,0.00944347
47,7.93398e-06
49,0.0036025
51,0.0152224
52,0.00268454
54,0.00456755
55,0.0754609
60,0.00629883
61,0.223822
63,0.0161072
64,0.0156134
68,0.00670279
70,0.00697269
75,0.00787069
76,0.0176529
78,0.00509642
82,0.0180838
85,0.0514748
86,0.0139666
87,0.000685611
88,0.101552
93,0.0439348
94,0.0934505
99,0.00225895
103,0.0107606
106,0.00372976
107,0.00759512
108,0.150642
109,0.00292532
110,0.050041
116,0.00263841
119,0.00279948
121,0.00234805
123,0.0253121
124,0.108971
128,0.0807787
132,0.0105516
133,0.0289276
138,0.00283554
141,0.000276931
143,0.00606797
144,0.029636
145,0.000656811
148,0.146873
150,0.010029
151,0.210983
154,0.0016997
155,0.00452826
157,4.22437e-05
158,0.00879797
159,0.00291485
161,0.0599835
163,0.00370301
166,0.000938851
167,0.00554232
169,0.0200972
170,0.102214
173,0.000845975
174,0.0257523
177,0.164787
178,0.0170347
179,0.0972501
180,0.056537
182,0.000279574
183,0.00598911
184,0.0523554
185,0.000637377
188,0.00990449
190,0.00828679
194,0.00253761
195,0.00890826
201,0.0436803
202,0.973045
204,0.00738728
207,0.00350041
208,0.0373609
210,0.00272193
212,0.0112879
213,0.000367065
214,0.00244515
219,0.000252932
222,0.000666156
223,0.0288671
225,0.0667449
228,0.00331836
229,0.00193136
232,0.00343296
237,0.00185226
238,0.000368654
240,0.00943217
241,0.0212778
246,0.00157507
247,0.0510057
248,0.0149405
249,0.000842809
250,0.00126204
251,0.00143867
253,0.0405396
255,0.0203685
257,0.128821
259,0.00232941
263,0.0021519
265,0.561013
270,0.00547028
272,0.0117113
279,0.0050141
282,0.00542566
284,0.0587624
285,0.0386567
286,0.0277956
288,0.012347
290,0.00182174
291,0.0774988
292,0.0258121
294,0.00130888
298,0.037643
300,0.18188
302,0.00266209
304,0.0475448
306,0.0019218
308,0.0156094
314,0.0494171
316,0.133974
319,0.00328109
320,0.00626545
323,0.00699727
324,0.0144651
326,0.00819028
329,0.460616
337,0.000756516
340,6.05928e-05
342,0.169788
346,0.00399004
347,0.00241155
348,0.067306
349,0.127601
350,0.000837998
352,0.00343015
353,0.0126092
356,0.00210966
357,0.00499489
360,0.0547364
365,0.19982
376,0.0399621
377,0.00407142
379,0.00193001
382,0.000238412
385,0.00808181
390,0.028343
391,0.00569624
396,0.00904764
401,0.00133139
402,0.0149111
403,0.00439709
404,0.0397177
406,0.00806282
409,0.00941221
411,0.00122457
413,0.0161271
415,0.0017178
416,0.0224618
417,0.00326139
420,0.0128755
421,0.0267309
423,0.0034182
424,0.0129638
434,0.156454
435,0.0182111
436,0.00829693
438,0.0367578
439,0.093201
445,0.0408103
446,0.112361
447,0.00472995
449,0.00110291
450,0.00565314
455,0.00922645
457,0.00505832
459,0.00617103
460,0.0214153
461,0.0019084
462,0.0184392
464,0.0186103
465,0.0615154
468,0.0246949
469,0.00350569
471,0.00891562
475,0.00470951
476,0.00445654
479,0.0210316
480,0.0011485
482,0.00860792
483,0.00816874
484,0.0264151
489,0.00891854
490,0.00987337
491,0.00448872
492,0.00067269
493,0.0122434
496,0.00517505
498,0.000429648
501,0.00200778
503,0.0220529
506,0.00869831
507,0.0470891
510,0.000595493
514,0.00535242
515,0.0713385
518,0.00774885
520,0.000238262
521,0.0021119
524,0.00186191
525,0.227761
526,0.112417
528,0.00450802
530,0.00348051
533,0.00349778
536,0.000700498
538,0.0105099
539,0.0509251
541,0.00361959
542,0.070434
543,0.0539467
545,0.0153397
550,0.00327928
552,0.00422704
553,0.610122
554,0.0236975
556,0.218982
560,0.0295154
562,0.0042644
563,0.00337898
567,0.0480077
568,0.0021605
571,0.0244767
573,0.000922217
579,0.00795836
586,0.0199754
587,0.0581352
588,0.056365
590,0.00395577
591,0.0549687
592,0.0136249
594,0.0294701
595,0.0280914
596,0.0351051
598,0.326127
602,0.00172296
605,0.0323026
608,0.012448
609,0.00122536
615,0.000972588
616,0.00713715
618,0.0194634
619,0.0271951
621,0.246661
622,0.0739547
623,0.000791984
624,0.0339173
626,0.00276338
628,0.00600044
632,0.00530783
634,0.0111327
637,0.256017
640,0.0014318
641,0.0379171
643,0.000407874
645,0.0107027
646,0.00526376
647,0.000643518
653,0.254658
654,0.0212514
655,0.0816155
666,0.00821998
667,0.0708421
669,0.0544486
670,0.0284401
671,0.000767711
674,0.276213
677,0.0141821
678,0.000558993
679,0.000745284
680,0.000295539
681,0.304503
686,0.0133337
687,0.0170355
688,0.0208382
689,0.00267603
693,0.00454332
694,0.00483758
695,0.00376359
697,0.00093403
699,0.0288617
700,0.0461451
701,0.0174716
702,0.0300232
703,0.00729714
704,0.000332211
706,0.0184013
708,0.00316067
710,0.00381714
712,0.00341564
715,0.00372477
720,0.00410497
723,0.00152945
725,0.00181165
726,0.0505079
729,0.0668171
731,0.0106485
732,0.00346623
733,0.000871078
735,0.01012
736,0.000229768
737,0.242644
741,0.0227528
742,0.00185436
745,0.328308
746,0.00505287
748,0.0867761
751,0.00364669
752,0.145012
754,0.000252804
757,0.244626
760,0.00351283
762,0.000539648
765,0.545567
768,0.781054
769,0.000224688
774,0.00796224
777,0.00399501
779,0.00488468
780,0.0167491
781,0.00890277
782,0.0532692
784,0.7751
786,0.0236755
788,0.399557
789,0.021025
790,0.0147479
793,0.000792111
795,0.165311
796,0.00207023
798,0.00101069
800,0.0587376
801,0.00661006
803,0.0472011
807,0.704158
808,0.00554073
810,0.00855677
813,0.00657378
814,0.0580164
815,0.33574
825,0.00157969
826,0.000726008
827,0.00802555
830,0.00880282
831,0.00462997
833,0.00459298
836,0.0814708
838,0.0213662
841,0.0287451
844,0.00850234
847,0.00233775
848,0.000402013
849,0.00923134
850,0.0163691
851,0.0094374
852,0.00691564
853,0.181726
854,0.0405907
860,0.00502233
862,8.62823e-05
863,0.11886
865,0.00104129
867,0.0182213
868,0.0065124
870,0.00495209
871,0.0980187
873,0.034374
877,0.000201536
880,0.00496542
883,0.0321198
884,0.00236483
885,0.0431991
887,0.000222244
888,1.13558e-05
889,0.00608157
891,0.0421235
892,0.00901398
897,0.0265686
898,0.0667637
900,0.219667
901,0.00475887
902,0.0234457
903,0.0025234
905,0.00351949
908,0.00251555
912,0.00158069
913,0.099897
916,0.00383594
917,0.00674483
921,0.049718
924,0.00115744
925,0.346899
927,0.0125207
928,0.0018515
929,0.00140409
930,0.0279092
931,0.000143503
932,0.0511607
934,0.00208863
935,0.0242039
936,0.00126095
937,0.0262343
940,0.0125029
942,0.0710678
944,0.00110923
947,0.00384179
949,0.0154429
950,0.0463088
952,0.000435558
954,0.019023
956,0.0342542
958,0.202557
959,0.000276349
961,0.00545106
962,0.000590861
963,0.0326109
964,0.0019413
965,0.0449966
966,0.0180779
967,0.0961066
969,0.00159607
972,0.312141
973,0.00341439
976,0.00258519
977,0.0585314
978,0.055129
980,0.0268976
981,0.310078
982,0.000791296
984,0.0458062
985,0.000269956
987,0.232855
990,0.798724
991,0.00100025
993,0.000969769
995,0.00401004
996,0.0217164
997,0.0110095
998,0.0483079
1000,0.0135742
1001,0.0761513
1006,0.00243265
1007,0.0444736
1009,0.96757
1011,0.0149976
1016,0.00148613
1017,0.0704583
1019,0.0316139
1021,0.00519224
1023,0.00104782
1024,0.0207631
1025,0.0308201
1026,0.0909345
1027,0.000578383
1028,0.0169078
1029,0.0208471
1032,0.343738
1037,0.496
1039,0.00132062
1040,0.0120581
1041,0.0105184
1043,0.0299365
1045,0.121426
1046,0.00888063
1047,0.00979304
1049,0.052329
1051,0.000818004
1052,0.0521834
1053,0.0425008
1054,0.00424802
1056,0.000818224
1062,0.0137612
1063,0.00414105
1068,0.00384474
1069,0.081541
1071,0.0026131
1075,0.00406875
1077,0.00884771
1078,0.430528
1079,0.00982762
1081,0.0184588
1083,0.0891549
1084,0.00867593
1085,0.00280762
1086,0.00782546
1088,0.00770771
1090,0.0584548
1091,0.00760545
1092,0.0181884
1095,0.00529269
1096,0.00767828
1097,0.0019893
1098,0.0105502
1099,0.00919033
1100,0.00166364
1102,0.00626355
1103,0.0252727
1104,0.00680377
1105,0.00255893
1106,0.0671482
1108,0.0219328
1110,0.0011969
1114,0.00678822
1115,0.0283263
1116,0.00958998
1118,0.00174075
1120,0.160008
1121,0.041005
1122,0.041054
1126,0.016826
1127,0.0415297
1129,0.00136949
1130,0.00581525
1131,0.00440777
1132,0.0422203
1134,0.0153909
1139,0.195167
1140,0.0519201
1147,0.00892441
1148,0.00950432
1150,0.0247509
1152,0.000609916
1154,0.35405
1157,0.0010288
1158,0.0153097
1159,0.0091869
1160,0.00369701
1161,0.0088438
1164,0.00771493
1169,0.000728345
1172,0.0142856
1174,0.00609576
1176,0.00340678
1177,0.113936
1181,0.0114111
1182,0.101193
1186,0.00231584
1189,0.0119921
1190,0.0138923
1194,0.00418906
1200,0.00498346
1203,0.0753188
1204,0.0712681
1211,0.0528376
1212,0.000878075
1214,0.0015517
1215,0.030638
1218,0.0416392
1219,0.00515122
1221,0.000405235
1222,0.00173637
1223,0.00717152
1227,0.0724635
1229,0.00159782
1230,0.40486
1236,0.00230918
1238,0.00337532
1240,0.00810289
1245,0.00222422
1246,0.000252249
1250,0.11243
1252,0.00681871
1253,0.0341681
1258,0.00456489
1260,0.109222
1262,0.00555002
1269,0.00134186
1271,0.0110032
1272,0.0116639
1273,0.0117704
1274,0.00311979
1275,0.0322867
1276,0.186799
1277,0.00596392
1279,0.00956584
1280,0.0250842
1281,0.0071272
1282,0.0221658
1284,4.27425e-06
1285,0.0166099
1286,0.00329564
1288,0.065383
1291,0.00275372
1292,3.03697e-05
1293,0.55748
1295,0.08018
1296,0.00177534
1297,0.0210093
1299,0.00162612
1301,0.00970288
1302,0.000204875
1303,0.0806023
1308,0.000563626
1310,0.00182976
1312,0.0685008
1313,0.158875
1314,0.001575
1315,0.11757
1316,0.0186175
1317,0.0319906
1322,0.111787
1323,0.00642236
1326,0.00101882
1328,0.0760351
1331,0.0179417
1333,0.358217
1334,0.000651866
1337,0.0290993
1338,0.00355422
1342,0.00230541
1344,0.00153984
1346,0.00231683
1352,0.0329784
1354,0.00514718
1355,0.00306487
1358,0.0532966
1360,0.00681435
1363,0.00505566
1364,0.00220172
1365,0.000680832
1366,0.00116654
1367,0.0756862
1369,0.209726
1371,0.00284197
1372,0.00510399
1373,0.0021491
1378,0.00374591
1380,0.120247
1381,0.00400072
1383,0.00298438
1384,0.00588752
1386,0.00222142
1387,0.00730147
1388,0.0662662
1390,0.957529
1391,0.0138912
1392,0.00371268
1397,0.00730775
1399,0.0421889
1400,0.00723344
1403,0.0147832
1405,0.286716
1408,0.0147807
1409,0.00212132
1410,0.0640273
1411,0.0016005
1412,2.66167e-05
1415,0.00419549
1416,0.348781
1417,0.0112434
1420,0.00481704
1424,0.0763684
1425,0.543207
1426,0.00450848
1427,0.132594
1428,0.000789783
1429,0.00334652
1433,0.00121866
1434,0.0106048
1436,0.00466442
1438,0.0972501
1440,0.00561015
1441,0.0326231
1442,0.00379218
1443,0.00294986
1447,0.0152919
1450,0.00433515
1452,0.00476714
1455,0.000663044
1461,0.00130333
1462,0.141104
1463,0.00683504
1468,0.00683401
1469,0.0100945
1470,0.00191185
1471,0.00232573
1473,0.000390131
1475,0.1455
1476,0.0730431
1478,0.0452863
1479,0.0656702
1480,0.00243294
1484,0.0542306
1485,0.0255648
1486,0.00559014
1490,0.00633567
1492,0.00414622
1493,0.00323096
1494,0.0291981
1495,0.0013298
1500,0.00664515
1502,0.00852539
1503,0.00119382
1504,0.00453193
1506,0.00427034
1510,0.271448
1511,0.0631585
1513,0.0826423
1514,0.10192
1517,0.00371797
1519,0.0110157
1522,0.010583
1523,0.0373809
1527,0.0719489
1528,0.112535
1530,1.48039e-06
1531,0.0050243
1533,0.00762503
1535,0.6171
1536,0.0047995
1537,0.773297
1538,0.0104574
1539,0.00355069
1540,0.0029361
1541,0.738276
1542,0.718498
1543,0.0325837
1545,0.00705382
1547,0.682168
1549,0.75825
1550,0.771806
1551,0.784827
1552,0.761165
1558,0.784823
1564,0.00645218
1566,0.0113427
1567,0.000223071
1568,0.00947409
1570,0.00765324
1573,0.0350215
1575,0.00371641
1576,0.0747587
1577,0.0378964
1580,0.664989
1583,0.788268
1585,0.532061
1586,0.559174
1588,0.00301167
1590,0.550458
1593,0.45751
1594,0.393839
1595,0.486419
1597,0.570801
1598,0.520386
1599,0.602443
1601,0.0023074
1604,0.000635913
1605,0.081725
1607,0.139519
1608,0.0793557
1611,0.000177324
1613,0.0589554
1614,0.55135
1615,0.000385825
1616,0.00400559
1618,0.000669306
1621,0.000806457
1624,0.120767
1626,0.00389012
1628,0.00275819
1629,0.137607
1630,0.000901127
1632,0.00138111
1633,0.0340086
1634,0.0083189
1636,0.0947565
1640,0.00516184
1641,0.00216137
1647,0.000146846
1648,0.0346775
1649,0.963395
1654,0.967932
1658,0.970355
1659,0.971993
1660,0.971592
1662,0.0187255
1664,0.00598284
1665,0.00630555
1666,0.00178545
1667,0.963979
1669,0.970942
1670,0.970596
1671,0.977669
1674,0.974592
1675,0.97884
1677,0.978564
1678,0.968544
1679,0.975506
1682,0.103433
1683,0.00172173
1684,0.00184089
1686,0.0065838
1687,0.0103274
1688,0.0713771
1690,0.063375
1693,0.00560371
1694,0.00472774
1695,0.971781
1697,0.969138
1698,0.00335759
1699,0.96471
1702,0.0477605
1703,0.953201
1704,0.972167
1705,0.00144369
1706,0.0055922
1708,0.0029891
1711,0.00368195
1712,0.125948
1714,0.020664
1715,0.00202996
1716,0.0605686
1717,0.00249096
1718,0.000601445
1719,0.974827
1720,0.977936
1724,0.00258224
1725,0.268283
1726,0.0187359
1731,0.000598666
1732,0.00196315
1736,0.00175473
1737,0.0846595
1740,0.00104013
1741,0.00150659
1743,0.050685
1745,0.966914
1748,0.0620858
1751,0.0118596
1752,0.105088
1754,0.00259857
1755,0.0600956
1756,0.0132687
1757,0.392146
1758,0.0203645
1759,0.0949758
1761,0.00340278
1762,0.00687148
1763,0.0476546
1764,0.00185654
1765,0.000645541
1767,0.0524773
1768,0.00899944
1773,0.0129438
1777,0.400718
1779,0.303279
1781,0.325197
1783,0.452299
1784,0.500712
1785,0.00776411
1787,0.077555
1789,0.326685
1790,0.283735
1792,0.354257
1794,0.275821
1795,0.337632
1796,0.34834
1797,0.348448
1802,0.426166
1803,0.283883
1804,0.104727
1805,0.174069
1806,0.178647
1808,0.21223
1814,0.00156149
1816,0.0039087
1817,0.00201261
1822,0.0212192
1825,0.00644554
1832,0.00173926
1835,0.175564
1838,0.22618
1843,0.0293188
1847,0.0248903
1848,0.0346315
1851,0.178201
1852,0.00100894
1853,8.56414e-05
1854,0.0117788
1855,0.000807318
1859,0.0014082
1864,0.0150113
1865,0.000468387
1869,0.222696
1870,0.0149478
1873,0.11339
1875,0.132103
1877,0.417683
1878,0.294533
1880,0.0580983
1882,0.392657
1883,0.345706
1885,0.00325772
1886,0.00157658
1888,0.0106395
1893,0.960062
1894,0.975292
1895,0.00478153
1902,0.00669278
1903,0.000428967
1904,0.000397156
1908,0.012805
1909,0.00596776
1910,0.00823687
1912,0.00438738
1913,0.0927355
1919,0.00282482
1920,0.00311788
1924,0.00468285
1925,0.1849
1928,0.707545
1929,0.680787
1935,0.721151
1936,0.00220369
1937,0.0151116
1941,0.0191349
1943,0.0304419
1944,0.122842
1945,0.00160689
1947,0.299007
1950,0.00367064
1951,0.0020234
1955,0.00984024
1960,0.0405058
1963,0.0594633
1965,0.0512611
1972,0.0289538
1984,0.341649
1985,0.000636017
1988,0.00486091
1989,0.40697
1991,0.0179892
1992,0.0191831
1995,0.086513
1996,0.0320418
1999,0.00734738
2000,0.0151252
2001,0.0105051
2003,0.00524471
2005,0.347006
2009,0.398405
2011,0.000914495
2013,0.232992
2015,0.000374921
2018,0.00463611
2019,0.000751386
2021,0.00329313
2023,0.0876183
2026,0.0055849
2029,0.00203482
2030,0.00770618
2031,0.0010817
2032,0.00366358
2035,0.248073
2037,0.000336762
2038,0.000136444
2039,0.00273979
2040,0.00284997
2041,0.0404988
2044,0.00571898
2046,0.00759511
2047,0.00209474
2049,0.00339625
2050,0.175057
2051,0.00970737
2052,0.00620508
2053,0.0154441
2055,0.0054447
2056,0.0293532
2063,0.00865743
2068,0.000477432
2069,0.0038996
2070,0.180549
2072,0.00185643
2075,0.00992146
2080,0.0085546
2082,0.00549167
2086,0.398405
2088,0.00738034
2089,0.00887048
2090,0.00248897
2091,0.00322025
2092,0.00812226
2094,0.00885847
2095,0.00416681
2096,0.0167342
2097,0.110296
2098,0.0221911
2100,0.729458
2103,0.00269847
2104,0.16053
2105,0.0224931
2106,0.0463411
2108,0.00849022
2109,0.00391977
2111,0.0192226
2112,0.00402842
2114,0.00218917
2115,0.000637206
2117,0.000782461
2118,0.128961
2120,0.992803
2121,0.994264
2122,0.993484
2124,0.994407
2125,0.99357
2127,0.993162
2128,0.99388
2129,0.991861
2131,0.992194
2132,0.00416402
2133,0.0261329
2134,0.0971392
2136,0.00086794
2142,0.0830667
2143,0.974354
2144,0.975678
2145,0.970259
2146,0.133975
2147,0.964856
2148,0.961932
2152,0.96449
2155,0.949033
2156,0.965823
2158,0.00768219
2165,0.982699
2166,0.982994
2175,0.0878706
2176,0.011986
2177,0.000732913
2178,0.950797
2182,0.00561024
2183,0.00123722
2187,0.00469507
2188,0.00242413
2189,0.00406513
2190,0.000559412
2194,0.00119277
2195,0.00223299
2197,0.0708403
2199,0.00233486
2200,0.340926
2205,0.194787
2210,0.33546
2211,0.249492
2213,0.250753
2214,0.26464
2215,0.216318
2218,0.16474
2219,0.151376
2221,0.0299478
2223,0.00210283
2224,0.0275642
2225,0.112771
2226,0.274135
2227,0.0064604
2230,0.00171942
2231,0.0664608
2232,1.55523e-05
2233,0.00584799
2234,0.0304089
2235,0.00178745
2236,0.000946704
2237,0.215855
2241,0.0909609
2242,0.00335069
2243,0.00258404
2244,0.00110178
2250,0.189075
2251,0.00721372
2252,0.00253931
2256,0.00843634
2260,0.00343089
2261,0.00166071
2262,0.0107394
2265,0.00117382
2267,0.00209061
2268,0.19896
2284,0.0174778
2285,0.0167273
2288,0.00896511
2293,0.149829
2297,0.00220161
2298,0.0906745
2299,0.00112191
2300,0.0344601
2302,0.0104227
2307,0.0232355
2308,0.00275147
2309,0.0111818
2317,0.000654211
2320,0.00147606
2321,0.00962001
2322,0.301303
2326,0.00475824
2330,0.0143126
2332,0.0286657
2334,0.298588
2336,0.00464466
2337,0.0227512
2338,0.060941
2339,0.0276526
2340,0.000798092
2345,0.172253
2346,0.0244237
2350,0.00139001
2351,0.0151942
2353,0.00160209
2354,0.0142422
2357,0.0051312
2359,0.00841136
2360,0.00396579
2362,0.0084429
2363,0.00092867
2366,0.0951883
2373,0.00187561
2375,0.525472
2378,0.0186955
2379,0.00800687
2381,0.013108
2384,0.034324
2385,0.146447
2386,0.101046
2391,2.76626e-05
2393,0.018193
2395,0.00156159
2396,0.253128
2399,0.00305099
2402,0.970045
2403,0.000139102
2404,0.953999
2410,0.947124
2411,0.958469
2412,0.947968
2414,0.00534374
2415,0.967904
2416,0.95346
2418,0.943658
2419,0.971331
2421,0.0244204
2422,0.0133014
2423,0.00314713
2424,0.269685
2426,0.0856639
2428,0.0121164
2429,0.00943063
2431,0.0025591
2432,0.0147187
2438,0.00533943
2441,0.00860753
2442,0.0664135
2444,0.0164667
2445,0.182502
2446,0.0106732
2449,0.0497764
2450,0.0357486
2451,0.00151701
2452,0.00184177
2455,0.000377104
2459,0.00262258
2460,0.148381
2463,0.002845
2465,0.00206902
2468,0.00807995
2469,0.000938468
2474,0.00241323
2478,0.0596188
2480,0.00445253
2483,0.96246
2486,0.00271224
2487,0.0307788
2488,0.000684679
2491,0.000256976
2492,0.146694
2496,0.0443964
2497,0.0304882
2499,0.150912
2501,0.0134575
2502,0.0237944
2504,0.297308
2505,0.0171192
2506,0.0182027
2507,0.0146606
2509,0.968901
2511,0.965671
2512,0.966892
2514,0.00197517
2515,0.000167323
2519,0.00139941
2521,0.000600134
2522,0.00741306
2525,0.000400442
2529,0.00503089
2531,0.152596
2533,0.00709009
2535,0.169202
2537,0.00282332
2541,0.968319
2543,0.973603
2544,0.00276846
2546,0.000204167
2549,0.0261414
2551,0.00762389
2554,0.0219956
2558,0.148458
2561,0.00718412
2562,0.000860274
2563,0.0304252
2564,0.00902725
2565,0.00634335
2567,0.0119165
2568,0.00147929
2570,0.0017405
2572,0.000799859
2573,0.000633976
2574,0.00673058
2577,0.00495569
2580,0.0448377
2583,0.265575
2584,0.275677
2585,0.324103
2589,0.0206731
2596,0.0219142
2599,0.00790418
2600,0.0201033
2602,0.0298485
2603,0.0193268
2605,0.169546
2606,0.10253
2607,0.045202
2608,0.00372102
2609,0.0492867
2610,0.0051304
2612,0.00111908
2614,0.00391585
2615,0.00271582
2616,0.0899893
2617,0.00250891
2621,0.00225352
2623,0.000103192
2624,0.00119835
2626,0.0467504
2634,0.411861
2635,0.00871971
2636,0.00379777
2637,0.104561
2638,0.0715571
2639,0.00613892
2642,0.00249972
2643,0.00597976
2648,0.0241475
2650,0.00733252
2652,0.00190354
2653,0.0734311
2654,0.00191348
2660,0.00411427
2662,0.000228003
2665,0.0032141
2667,0.270932
2668,0.311755
2671,0.215706
2673,0.0195188
2675,0.0441125
2678,0.000738433
2679,0.00726315
2684,0.0764606
2686,0.00303048
2688,0.0875145
2689,0.0133451
2692,0.00344087
2693,0.315777
2697,0.00525791
2698,0.0630372
2700,0.137065
2704,0.000375099
2705,0.00243642
2706,0.0366253
2713,0.00963942
2718,0.959133
2720,0.962171
2721,0.958797
2727,0.0357068
2728,0.951906
2729,0.941944
2735,0.00721766
2736,0.0428866
2737,0.777639
2738,0.16106
2739,0.00160836
2740,0.359955
2741,0.11932
2742,0.0124973
2744,0.666616
2746,0.743574
2748,0.736194
2750,0.702264
2751,0.733257
2752,0.798393
2758,0.715199
2759,0.749797
2760,0.698243
2763,0.818919
2765,0.735319
2767,0.75611
2768,0.789953
2769,0.00695044
2771,0.953207
2775,0.934825
2776,0.937855
2778,0.944545
2779,0.957631
2782,0.044515
2783,0.00177029
2784,0.000821405
2785,0.00215336
2786,0.00166763
2788,0.0029702
2791,0.00456148
2793,0.0708116
2796,0.0274184
2797,0.367556
2803,0.00314726
2804,0.0109652
2807,0.00396675
2808,0.00413652
2810,0.00901581
2811,0.0122109
2817,0.00171899
2818,0.0258565
2820,0.0678306
2821,0.113252
2822,0.117386
2823,0.295242
2824,0.0820894
2825,0.0131712
2832,0.320977
2833,0.0154699
2835,0.0123303
2836,0.1009
2837,0.0179231
2838,0.00324585
2842,0.00412166
2843,0.00907513
2849,0.450578
2850,0.0573139
2851,0.000649935
2852,0.00459687
2855,0.00309034
2858,0.00951311
2861,0.000539397
2862,0.00149258
2866,0.000722694
2868,0.00816875
2869,0.00390532
2871,0.012431
2872,0.000913865
2874,0.0047881
2875,0.007161
2876,0.00239503
2879,0.00223568
2884,0.14065
2885,0.196018
2886,0.00263464
2889,0.00077278
2890,0.000634387
2891,0.00449376
2894,0.0022651
2897,0.242568
2899,0.0181202
2901,0.0046102
2902,0.456887
2903,0.00283433
2906,0.00598958
2907,0.00491219
2908,0.00731882
2910,0.0018898
2911,0.000790925
2914,0.00869512
2918,0.00627781
2921,0.616396
2923,0.0192384
2927,0.00211872
2928,0.155022
2930,0.0528802
2934,0.00187251
2935,0.0516034
2939,0.000912736
2940,0.0109744
2941,0.00467874
2942,0.0184473
2943,0.00327295
2944,0.00179807
2945,0.00513623
2946,0.0016578
2947,0.00229435
2949,0.302443
2954,0.392
2955,0.083435
2956,0.0236359
2958,0.00194431
2961,0.139073
2962,0.207501
2963,0.154847
2966,0.0912478
2967,0.124838
2968,0.0903653
2969,0.115921
2970,0.0854251
2971,0.0688567
2976,0.0547721
2978,0.140585
2981,0.0473419
2982,0.00254242
2984,0.0812373
2985,0.00511915
2986,0.0072181
2987,0.00349807
2990,0.0158026
2993,0.049713
2995,0.0850095
2999,0.255291
3000,0.00648167
3001,0.154468
3005,0.000980245
3006,0.0467246
3007,0.00175574
3008,0.00767001
3009,0.015182
3012,0.0136287
3013,0.203785
3016,0.110885
3017,0.000270048
3018,0.0111186
3019,0.163915
3020,0.010427
3021,0.000847878
3022,0.00064278
3024,0.00449109
3025,0.000834492
3026,0.00166874
3029,0.007793
3031,0.00630392
3032,0.00733576
3034,0.130477
3039,0.0753991
3041,0.0244339
3042,0.0315466
3044,0.0034423
3046,0.00334845
3047,0.0382553
3049,0.0724931
3050,0.00146933
3051,0.00382606
3052,0.00321735
3056,0.00182432
3061,0.00710883
3062,0.00745715
3063,0.0899424
3064,6.0574e-06
3065,0.0424041
3066,0.00506894
3067,0.00471644
3075,0.0749753
3077,0.038801
3078,0.0016714
3079,0.00149922
3080,0.00616831
3081,0.0127279
3082,0.000193007
3083,0.0373253
3085,0.0358068
3086,0.00284662
3088,0.00218707
3091,0.00121256
3092,3.03089e-06
3093,0.00130386
3096,0.00118149
3098,0.00997809
3099,0.00142506
3101,0.0261461
3105,0.000130172
3107,0.0603532
3108,0.0568839
3112,0.00404828
3113,0.765357
3116,0.001368
3117,0.000208768
3121,0.00931736
3122,0.000994327
3123,0.0381283
3127,0.00279038
3130,0.00803281
3131,0.447597
3133,0.00200203
3137,0.309332
3138,0.0172094
3140,0.00102821
3141,0.00236275
3145,0.00233541
3148,0.0199188
3150,0.0081837
3152,0.00523042
3153,0.119367
3154,0.00983044
3155,0.0465883
3157,0.0241229
3158,0.000763515
3159,0.00607403
3160,0.0264647
3161,0.00746099
3162,0.00681012
3164,0.00431026
3166,0.0241658
3167,0.00226604
3169,0.000207912
3175,0.0118233
3177,0.00381487
3182,0.0157814
3184,0.106865
3185,0.0928964
3186,0.0308212
3187,0.0660122
3189,0.0564097
3191,0.00589572
3195,0.0212662
3197,0.00270596
3199,0.000613379
3205,0.234867
3207,2.57745e-05
3211,0.212667
3213,0.000383151
3215,0.207692
3217,0.000426628
3218,0.0371279
3219,0.0546913
3225,0.0509224
3228,0.00100494
3231,0.000180462
3234,0.00806261
3235,0.250061
3236,0.000875079
3242,0.0270121
3243,0.00132682
3245,0.0440151
3246,0.0093329
3249,0.754859
3250,0.772662
3251,0.687102
3253,0.76051
3254,0.00109306
3255,0.751016
3257,0.0333407
3258,0.0411692
3259,0.0213063
3262,0.00819059
3266,0.0959609
3269,0.0551255
3270,0.107138
3271,0.0554246
3273,0.00772314
3275,0.00125396
3277,0.0103215
3278,0.00530999
3281,0.0143031
3282,0.197329
3285,0.00872599
3286,0.0250263
3287,0.00073095
3289,0.00440038
3291,0.0075838
3293,0.00714055
3301,0.110353
3302,0.00341866
3309,0.00537332
3310,0.000281173
3313,0.0158242
3314,0.00257718
3315,0.323785
3323,0.00426385
3324,0.00860591
3327,0.00220094
3331,0.00530499
3335,0.000520371
3336,0.00055338
3338,0.00212708
3340,0.000353218
3341,0.384112
3351,1.14535e-05
3353,0.0493331
3354,0.000480511
3356,0.0153242
3357,0.0229251
3359,0.0273287
3360,0.749205
3364,0.726797
3365,0.470544
3368,0.00879856
3370,0.00517309
3371,0.00902888
3373,0.00370432
3377,0.000737616
3378,0.00317898
3380,0.022568
3381,0.0202032
3382,0.0597052
3385,0.00414088
3390,0.0167029
3393,0.002079
3395,0.0133854
3402,0.00540955
3403,0.00183699
3407,0.00595659
3408,0.0170311
3409,0.000957833
3410,0.00194475
3412,0.00220121
3413,0.0372565
3414,0.00521996
3425,0.00285355
3429,0.00865355
3430,0.00248424
3432,0.00283332
3433,0.0292755
3434,0.00311647
3455,0.00105642
3456,0.00807656
3458,0.0377981
3462,0.00289167
3466,0.0394503
3469,0.00571972
3472,0.00154071
3474,0.0014894
3494,0.0108696
3495,0.0232503
3496,0.00699193
3497,0.0268332
3498,0.0310758
3499,0.0310553
3500,0.00179377
3501,0.167331
3513,0.00535256
3515,0.00780834
3516,0.0848178
3519,0.0824816
3527,0.00769113
3528,0.825391
3530,0.778898
3531,0.782899
3533,0.118526
3535,0.750199
3536,0.801759
3539,0.737859
3540,0.820448
3547,0.739095
3550,0.811611
3551,0.803416
3552,0.815166
3553,0.815585
3554,0.0174484
3556,0.0784738
3585,0.0234363
3587,0.00984618
3590,0.116174
3591,0.0158282
3592,0.00110207
3593,0.0165779
3597,0.000505067
3603,0.00123089
3604,0.000592188
3609,0.00332929
3610,0.00137519
3611,0.00211338
3612,0.0163545
3615,0.000633558
3616,0.020595
3622,0.0166159
3623,0.0540413
3625,0.0250169
3626,0.120328
3629,0.0118946
3630,0.0019723
3631,0.00128523
3632,0.00627075
3634,0.00181402
3638,0.00347151
3641,0.209798
3642,0.00399544
3645,0.0355002
3646,0.00418116
3648,0.0100988
3651,0.000866565
3654,0.0117907
3656,0.00231443
3657,0.0604515
3658,0.000172827
3659,0.243624
3661,0.29714
3662,0.00398375
3664,0.991752
3667,0.987699
3669,0.986009
3673,0.984293
3674,0.979875
3675,0.979867
3677,0.977188
3679,0.97657
3681,0.966068
3682,0.977468
3687,0.00562291
3689,0.538963
3691,0.00387697
3692,0.107329
3693,0.00458666
3696,0.00978192
3697,0.0829497
3701,0.552976
3702,0.00083109
3703,0.0271545
3704,0.189646
3705,0.0132526
3709,0.00653161
3710,0.0264678
3711,0.0284435
3712,0.00154612
3713,0.00415702
3714,0.0103596
3717,0.0261347
3718,0.0049835
3720,0.0688522
3721,0.00136816
3722,0.000659553
3723,0.00401993
3754,0.000111223
3756,0.00088821
3757,0.000451365
3759,0.100873
3762,0.00412877
3764,0.0676146
3765,0.00089623
3773,0.00362774
3774,0.00844095
3775,0.0181658
3776,0.015476
3777,0.0653211
3779,0.00693451
3782,0.062127
3786,0.0137888
3787,0.000842377
3793,0.0934897
3796,0.0840911
3798,0.0167433
3799,0.256175
3800,0.217398
3801,0.219845
3802,0.154705
3805,0.215133
3806,0.142414
3808,0.203512
3809,0.0678336
3810,0.00171171
3812,0.0315936
3813,0.00269485
3820,0.0142101
3821,0.000712234
3825,0.045147
3828,0.0160999
3832,0.000807554
3839,0.00890137
3840,0.000805638
3843,0.291574
3844,0.000601091
3846,0.00609828
3847,0.0414167
3849,0.109013
3851,0.00392509
3852,0.0145084
3853,0.000474735
3855,0.537552
3858,0.603064
3863,0.00320556
3866,0.0191809
3867,0.150374
3871,0.380349
3873,0.00143618
3874,0.000513809
3877,0.000595496
3879,0.00496128
3880,0.000432083
3882,0.01742
3883,0.0532545
3885,0.00347192
3888,0.00690727
3891,0.348524
3897,0.008458
3900,0.00516423
3901,0.00244325
3902,0.0330475
3903,0.00750486
3904,0.000732619
3907,1.85214e-05
3909,0.000951463
3914,0.000307324
3915,0.0018316
3917,0.00983211
3921,0.00159644
3922,0.00151238
3923,0.00347609
3929,0.00620403
3931,0.0263497
3934,0.609707
3935,0.577969
3936,0.603707
3937,0.61725
3939,0.569743
3941,0.000691172
3944,0.0957115
3956,0.000603061
3957,0.00238454
3960,0.00101332
3961,0.0210558
3963,0.00729008
3969,0.00420375
3971,0.0106717
3972,0.0149856
3976,0.0022857
3978,0.0846769
3979,0.00101486
3980,0.0221483
3986,0.00101805
3988,0.00204434
3989,0.00293307
3990,0.00890907
3997,0.0299508
3999,0.00346559
4000,0.00080651
4001,0.00119918
4002,0.0160594
4003,0.0974599
4004,0.039892
4006,0.0100442
4014,0.0222603
4018,0.00606902
4019,0.00198118
4020,0.000629069
4021,0.00467478
4022,0.00646017
4023,0.000704794
4024,0.0112611
4031,0.0172798
4033,0.015404
4035,0.0260893
4038,0.00832068
4039,0.00650008
4041,0.00691725
4043,0.0688559
4044,0.173836
4046,0.00469751
4047,0.00169085
4050,0.00348401
4053,0.0556092
4054,0.00352469
4056,0.0154029
4058,0.0053376
4067,0.801104
4068,0.734442
4069,0.714415
4076,0.00334514
4081,0.00299944
4082,0.162978
4083,0.00106395
4089,0.00465555
4090,0.0822678
4092,0.00331941
4093,0.00171683
4094,0.0369505
4097,0.00619303
4100,0.00540366
4101,0.829571
4102,0.703836
4104,0.816973
4105,0.799152
4108,0.747812
4110,0.818001
4111,0.792314
4112,0.840479
4117,0.772246
4121,0.954701
4122,0.0136184
4123,0.809057
4125,0.83636
4126,0.787981
4127,0.797234
4128,0.768052
4131,0.796933
4136,0.958695
4137,0.963208
4138,0.944497
4139,0.941467
4141,0.941724
4151,0.94182
4152,0.948523
4153,0.952078
4154,0.95116
4157,0.940098
4161,0.972379
4163,0.953902
4164,0.949586
4168,0.943258
4169,0.947815
4170,0.935264
4171,0.937632
4172,0.939539
4173,0.96271
4176,0.964246
4180,0.961262
4181,0.966254
4182,0.967093
4184,0.0598587
4185,0.00766966
4188,0.0081904
4199,0.00147277
4200,0.00392874
4202,0.00163235
4205,0.0285316
4208,0.0239683
4209,0.00705783
4210,0.0452737
4211,0.000513487
4215,0.0136901
4216,0.38778
4220,0.00038826
4221,0.00140833
4224,0.0124074
4225,0.00881317
4228,0.00260165
4229,0.00326422
4231,0.0123574
4232,0.000194782
4233,0.00194197
4236,0.00363184
4239,0.00112152
4240,0.0157812
4242,0.0127031
4244,0.0327508
4245,0.00133111
4246,0.036063
4249,0.285327
4250,0.85957
4254,0.844085
4255,0.0170655
4258,0.826723
4261,0.866768
4263,0.859992
4264,0.839913
4265,0.850342
4267,0.827036
4269,0.854853
4270,0.825618
4274,0.866799
4276,0.0262532
4279,0.00695175
4281,0.0133734
4283,0.993548
4284,0.996046
4286,0.00520892
4289,0.0745112
4293,0.0851146
4294,0.000941527
4296,0.00226611
4297,0.0403308
4301,0.0019823
4306,0.00063507
4308,0.000786856
4310,0.0444858
4312,0.0286411
4313,0.0111793
4315,0.00694767
4319,0.669433
4320,0.624262
4325,0.00844408
4328,0.00263479
4335,0.00752564
4338,0.175949
4340,0.0113645
4341,0.0200985
4342,0.000412964
4344,0.110682
4348,0.915558
4351,0.883931
4355,0.895164
4356,0.890061
4359,0.893427
4360,0.0165541
4363,0.889973
4365,0.900969
4366,0.910736
4368,0.881722
4370,0.891636
4372,0.840012
4373,0.834455
4375,0.857591
4377,0.835914
4378,0.821871
4380,0.814533
4381,0.86244
4383,0.757731
4384,0.782968
4386,0.81181
4390,0.000516725
4394,0.00549219
4395,0.0546259
4396,0.00478926
4397,0.675797
4398,0.0368178
4401,0.00439106
4404,0.00203411
4406,0.00101005
4407,0.00128606
4409,0.00094602
4410,0.00221174
4411,0.0172909
4412,0.00228191
4414,0.000638308
4421,0.0199151
4423,0.00145095
4424,0.110865
4426,0.0389554
4427,0.032158
4434,0.000564726
4435,0.00540914
4437,0.00124095
4439,0.179969
4446,0.195091
4448,0.0261956
4450,0.0230126
4461,0.653378
4462,0.00107509
4463,0.375632
4464,0.0242357
4465,0.0190325
4466,0.0085561
4467,0.0095238
4468,0.250523
4474,0.608345
4476,0.652946
4477,0.668741
4478,0.63337
4484,0.00206148
4485,0.0154866
4496,0.994153
4499,0.024566
4500,0.00117136
4502,0.00625261
4506,0.64292
4507,0.634156
4512,0.696391
4513,0.749625
4516,0.792881
4519,0.832319
4521,0.817953
4527,0.903576
4528,0.830871
4529,0.895814
4533,0.864132
4534,0.831288
4535,0.864353
4536,0.88224
4537,0.934763
4538,0.930219
4539,0.927871
4541,0.879661
4547,0.923782
4550,0.959581
4551,0.947661
4555,0.956953
4556,0.948787
4562,0.631774
4563,0.224607
4564,0.00125813
4568,0.00145221
4574,0.0110223
4575,0.000725978
4579,0.0192042
4588,0.00385311
4602,0.000158571
4605,0.00445276
4607,0.98027
4608,0.0053948
4611,0.330137
4614,0.485992
4615,0.00109373
4617,0.0108678
4619,0.00635691
4620,0.00231456
4623,0.00198302
4625,0.000116011
4626,0.00522378
4629,0.0440343
4630,0.0860262
4631,0.000538978
4641,0.027137
4651,0.000122102
4654,0.0015377
4656,0.0237707
4660,0.0138917
4662,0.536351
4665,0.976738
4666,0.978713
4667,0.97996
4670,0.969158
4671,0.0215815
4672,0.0279181
4673,0.00651546
4674,0.158399
4675,0.00127414
4676,0.00114451
4677,0.00105319
4678,0.000647967
4682,0.000730893
4686,0.0004526
4689,0.0121636
4696,0.00294686
4698,0.00182357
4701,0.0166176
4702,0.0151621
4704,0.00776784
4707,0.667826
4711,0.000403739
4712,0.000109753
4715,0.0105219
4718,0.00479745
4721,0.016328
4727,0.00232513
4728,0.0583508
4731,0.0143432
4735,0.00285433
4736,0.0469736
4740,0.23884
4743,0.00167188
4745,0.0485045
4747,0.00114286
4751,0.0153333
4752,0.0124049
4755,0.00783995
4757,0.00328047
4758,0.0122485
4761,0.00537117
4762,0.00523039
4767,0.0142872
4768,0.00339805
4769,0.000335351
4770,0.0175145
4782,0.00708341
4783,0.0443975
4785,0.041205
4786,0.000653597
4789,0.00195894
4792,8.35795e-05
4805,0.00131233
4807,0.0652802
4808,0.000495474
4811,0.0152253
4813,0.00620881
4815,0.00084446
4816,0.0115491
4821,0.000405241
4823,0.295048
4826,0.0534255
4829,0.015684
4835,0.0516439
4836,0.308042
4838,0.000999464
4847,0.0185622
4850,0.00434168
4852,0.00244646
4853,0.0605938
4855,0.000573303
4858,0.00983992
4860,0.461892
4862,0.997179
4865,0.997235
4867,0.0199958
4869,0.000617603
4870,0.0624351
4876,0.011784
4877,0.00303836
4882,0.00115424
4885,0.146332
4886,0.00298983
4888,0.0559521
4895,0.00221713
4897,0.0239109
4898,0.00388844
4899,0.00260233
4900,0.00366243
4904,0.140781
4905,0.0186365
4907,0.0637526
4909,0.00294305
4910,0.0193118
4911,0.997234
4912,0.996625
4915,0.0137817
4916,0.0118344
4917,0.301059
4919,0.160621
4922,0.000918433
4925,0.0714693
4928,0.00206538
4929,0.055577
4931,0.00271689
4933,0.081781
4935,0.000589557
4936,0.00559313
4937,0.000471242
4939,0.0100837
4940,0.00265529
4941,0.0029757
4942,0.00638164
4944,0.130746
4946,0.122936
4947,0.093578
4948,0.401213
4954,0.0154369
4955,0.0534301
4957,0.00642716
4958,0.000182908
4962,0.00413584
4963,0.176803
4966,0.288305
4967,0.0208102
4969,0.0190034
4970,0.0554934
4971,0.00612854
4974,0.00699773
4979,0.00250911
4980,0.0567262
4982,0.00647335
4987,0.0409518
4990,0.0147363
4991,0.00758196
4992,0.00478844
4993,0.0238257
4994,0.0223778
4995,0.0635011
4997,0.0447393
4999,0.0137119
5000,0.00383345
5001,0.154762
5002,0.029767
5005,0.000381285
5010,0.050799
5011,0.0164291
5014,0.0167257
5015,0.00706404
5016,0.00772781
5017,0.0110849
5018,0.00154668
5019,0.00509673
5020,0.00269088
5021,0.00904985
5022,0.00770151
5023,0.218726
5024,0.00101727
5025,0.000929039
5026,0.00583102
5027,0.0454614
5028,0.00686101
5030,0.0246746
5031,0.00173512
5032,0.00282628
5033,0.00270313
5034,0.0693701
5039,0.0291328
5040,0.0146886
5041,0.0843103
5042,0.00932274
5045,0.019295
5046,0.00131083
5049,0.00462757
5050,0.0409088
5054,0.00285289
5057,0.00586281
5060,0.0105217
5061,0.0119109
5063,0.996663
5064,0.997391
5065,0.997048
5068,0.0839984
5070,0.198428
5071,0.99739
5076,0.00394672
5077,0.00444299
5079,0.111673
5080,0.015753
5083,0.00422419
5085,0.355487
5087,0.00939357
5089,0.00847542
5090,0.35529
5091,0.14282
5095,0.00784078
5097,0.0738775
5098,0.136458
5101,0.00355636
5102,0.083439
5103,0.00274371
5105,0.333687
5109,0.0149877
5112,0.00228205
5115,0.0585999
5121,0.993382
5122,0.0118404
5123,0.0174746
5126,0.000875306
5127,0.018406
5130,0.997667
5131,0.000389767
5137,0.178599
5139,0.294198
5141,0.229398
5143,0.189577
5144,0.00102429
5146,0.178656
5148,0.157053
5149,0.214124
5151,0.149719
5154,0.00448637
5156,0.0190376
5157,0.0829723
5159,0.0201466
5160,0.270768
5166,0.000847059
5169,0.00248732
5170,0.0446523
5172,0.0106772
5174,0.178032
5177,0.000547143
5179,0.0410872
5182,0.00119249
5183,0.130741
5187,0.00221238
5188,0.0150258
5190,0.998332
5192,0.0488928
5195,0.997516
5200,0.0225133
5201,0.134926
5202,0.000639287
5203,0.00407078
5205,0.00336041
5206,0.11403
5207,0.011201
5217,0.0164655
5218,8.54798e-05
5220,0.00760822
5221,0.09312
5224,0.00144905
5225,0.997512
5227,0.00456584
5229,0.00388354
5230,0.0312722
5232,0.132659
5233,0.0154347
5235,0.00236412
5236,0.010262
5239,0.0034094
5241,0.300975
5242,0.00294175
5244,0.0231518
5246,0.0429692
5247,0.0650788
5250,0.00059411
5251,0.997789
5252,0.997295
5255,0.000972703
5256,0.00349381
5257,0.00106165
5260,0.0660349
5261,0.0380714
5262,0.0241451
5264,0.0287045
5267,0.00201681
5268,0.00151801
5270,0.00818697
5273,0.053833
5275,0.000390633
5277,0.0577158
5279,0.0245038
5282,0.159114
5287,0.0107024
5290,0.000514335
5291,0.206022
5293,0.00305856
5297,0.231287
5298,0.0353019
5299,0.0180222
5300,0.0146416
5302,0.0136541
5305,0.00448701
5311,0.00959544
5312,0.000184908
5313,0.048894
5314,0.0362385
5315,0.0260213
5316,0.00658017
5319,0.00771702
5321,0.00213406
5323,0.00925156
5326,0.01495
5327,0.000727621
5328,0.00223956
5329,0.0359023
5331,0.00154162
5334,0.191618
5335,0.0231091
5337,0.0520238
5340,0.00333655
5342,0.0139697
5344,0.00197004
5345,0.0494123
5346,0.0684538
5348,0.00138144
5349,0.0456683
5351,0.0941894
5353,0.00803998
5354,7.70205e-05
5357,0.00190177
5359,0.00114972
5362,0.209879
5363,0.00452807
5364,0.00128788
5366,0.118283
5369,0.00612033
5371,0.00495644
5372,0.00789205
5382,0.075169
5384,0.00155775
5385,0.0446036
5388,0.0183696
5389,0.0314539
5390,0.0721463
5391,0.00509089
5392,0.0108036
5393,0.00852397
5396,0.997726
5398,0.997861
5399,0.99824
5401,0.997826
5402,0.998164
5406,0.997783
5409,0.0750319
5422,0.0175146
5424,0.0171738
5427,0.00570651
5428,0.0260077
5431,0.99777
5433,0.00164537
5434,0.00173036
5435,0.00401885
5438,0.00494756
5439,0.00614152
5444,0.000984797
5445,0.0669101
5446,0.0252882
5448,0.0157173
5450,0.00163829
5453,0.0395221
5455,0.0569276
5457,0.001981
5459,0.0436594
5461,0.0155692
5463,0.00852576
5464,0.00546558
5465,0.0243294
5467,0.0524294
5469,0.0250411
5470,0.0589105
5471,0.0179252
5472,0.0223797
5473,0.0016813
5475,0.00100595
5478,0.0207887
5479,0.000882953
5480,0.0151439
5484,0.00267905
5486,7.72106e-06
5487,0.00506114
5489,0.0379059
5492,0.0260044
5494,0.0136307
5495,0.00258974
5501,0.000746056
5502,0.00175985
5503,0.000786082
5507,0.00489449
5508,0.000791198
5511,0.0305853
5515,0.00172271
5519,0.00660224
5522,0.000981636
5524,0.00151304
5525,0.0199851
5527,0.00159463
5531,0.0061455
5533,0.0259676
5534,0.0639427
5535,0.015816
5536,0.000914904
5543,0.0390027
5545,0.00635672
5547,0.0034825
5548,0.0220557
5549,0.00251472
5550,0.0164113
5551,0.000932561
5552,0.00237015
5553,0.00638885
5554,0.00143537
5556,0.0923646
5557,0.151122
5559,0.000698285
5560,0.00729425
5561,0.00681377
5562,0.00542179
5563,0.0253704
5567,0.00471588
5571,0.00162233
5575,0.343234
5582,0.0970122
5585,0.997894
5588,0.421071
5593,0.00293495
5594,0.000674253
5595,0.00673882
5596,0.00999222
5597,0.0113891
5598,0.00180002
5607,0.0116177
5610,0.0221481
5612,0.00166557
5619,0.0740086
5622,0.0164321
5624,0.00447699
5625,0.032282
5626,0.00153105
5628,0.0532019
5630,0.00682467
5631,0.0655069
5636,0.0791839
5637,0.716317
5638,0.012075
5639,0.00636585
5642,0.0446891
5645,0.0155731
5646,0.00892439
5647,0.0227862
5650,0.00698382
5652,0.163575
5653,0.0531991
5654,0.0576047
5655,0.0498772
5658,0.00876631
5659,0.00187905
5660,0.011326
5661,0.00441191
5664,0.0169234
5665,0.0163388
5667,0.0199075
5669,0.00268815
5670,0.267496
5672,0.0276241
5673,0.0121607
5675,0.00105688
5676,3.09952e-05
5677,0.0215072
5679,0.0674972
5680,0.0111131
5685,0.0041331
5686,0.00769011
5687,7.35638e-05
5692,0.0889156
5693,0.00419708
5695,0.796307
5699,0.00205691
5700,0.000409558
5701,0.0531151
5707,0.0401759
5708,0.0218039
5714,0.000584066
5716,0.0666991
5717,0.00151391
5718,0.000845679
5720,0.00799065
5725,0.0817897
5726,0.00335242
5728,0.00594878
5730,0.0632255
5731,0.00032387
5732,0.00958026
5734,0.00113735
5735,0.00879646
5736,0.0169097
5740,0.00193206
5758,0.0342831
5767,0.125393
5769,0.00181375
5771,0.00849872
5774,0.00115352
5775,0.00239351
5776,0.0153916
5777,0.000690861
5778,0.0284752
5782,0.0614321
5784,0.00535422
5786,0.171076
5791,0.000739479
5794,0.000582777
5795,0.0849684
5797,0.0014358
5802,0.00746842
5803,0.996773
5804,0.00480266
5810,0.995937
5812,0.00778268
5815,0.993323
5816,0.994215
5821,0.00395884
5827,0.0107758
5828,0.000787189
5833,0.0352399
5836,0.215995
5839,0.0110715
5845,0.0733108
5850,0.0414062
5852,0.000786472
5853,0.0017363
5856,0.0391889
5858,0.00388321
5863,0.00581092
5867,0.0409405
5870,0.00467463
5876,0.010682
5877,0.0241322
5879,0.0221132
5880,0.0149187
5881,0.00511348
5883,0.0449175
5884,0.191217
5885,0.00368881
5886,0.00345094
5891,0.0567703
5892,0.00588478
5893,0.0211049
5894,0.00593375
5895,0.00101838
5900,0.163899
5905,0.0482309
5906,0.0166881
5912,0.00230652
5913,0.000668696
5919,0.0231927
5920,0.000185922
5922,0.000400399
5923,0.0840814
5928,0.00177168
5929,0.0148747
5930,0.00174669
5932,0.0148451
5935,0.000365857
5936,0.00771051
5939,0.0211389
5940,0.00624853
5942,0.00265857
5944,0.164799
5945,0.000606933
5946,0.159959
5947,0.000679398
5948,0.0155336
5954,0.00304542
5955,0.0914039
5956,0.0311611
5958,0.138543
5961,0.00509267
5962,0.00021144
5963,0.030373
5965,0.00903329
5972,0.00102628
5974,0.0306519
5977,0.00118284
5980,0.00306465
5982,0.000926905
5983,0.0561775
5984,0.0505755
5985,0.00591329
5987,0.00442764
5988,0.000334495
5989,0.00135039
5991,0.448183
5994,0.00323239
5996,0.255818
5997,0.00816459
5998,0.017435
5999,0.00222206
6000,3.90484e-05
6003,0.00515836
6007,0.00187278
6009,0.0345206
6012,0.0267095
6013,0.00615523
6015,0.0114967
6016,0.00261156
6018,0.0147121
6019,0.305143
6023,0.996314
6024,0.996881
6025,0.995555
6026,0.000381985
6027,0.0347589
6029,0.00169096
6032,0.0219038
6033,0.00197513
6037,0.0216426
6039,0.0105928
6040,0.00400509
6047,0.0297915
6048,0.0241638
6050,0.0353636
6051,0.99455
6052,0.12163
6059,0.0175054
6060,0.0163433
6061,0.0293428
6063,0.729573
6067,0.0125246
6069,0.0422805
6073,0.00218868
6075,0.000183879
6076,0.00934424
6079,0.0011671
6082,0.121361
6084,0.0520556
6087,0.0021932
6089,0.0485702
6091,0.0139743
6094,0.0177522
6095,0.0057021
6096,0.0129105
6098,0.0478976
6100,0.0172349
6101,0.996727
6103,0.994132
6104,0.00193543
6105,0.994924
6106,0.013618
6107,0.0170733
6108,0.0075479
6109,0.0778893
6110,0.0319699
6111,0.00195056
6112,0.00298116
6115,0.00918381
6120,0.00230521
6121,0.0563306
6123,0.00780299
6125,0.0640443
6126,0.00582261
6127,0.00631256
6129,0.0346433
6133,0.090401
6134,0.0347566
6135,0.0379731
6138,0.00790875
6141,0.0105142
6142,0.0601954
6146,0.00312454
6148,0.0161848
6153,0.00576919
6154,0.0499972
6155,0.00387355
6156,0.971447
6157,0.0101831
6158,0.000773605
6159,0.0111749
6160,0.00481066
6161,0.000603735
6163,0.0090968
6165,0.0352656
6167,0.12756
6168,0.00485228
6169,0.0412766
6172,0.00745386
6176,0.0958166
6177,0.00113309
6178,0.00220929
6180,0.00901922
6183,0.000957736
6188,0.037642
6189,0.00280747
6190,0.0760779
6191,0.00152
6196,0.00161505
6197,0.0450321
6203,0.00487063
6207,0.259628
6208,0.00102703
6211,0.0117704
6213,0.00384625
6214,0.00959565
6217,0.0181735
6218,0.0233264
6219,0.000988289
6223,0.0937326
6227,0.00300973
6229,0.0141598
6231,0.00664265
6236,0.000478878
6238,0.0739666
6239,0.00399024
6240,0.00276824
6242,0.00131542
6245,0.000853149
6249,0.0406892
6250,0.00205884
6251,0.0533467
6253,0.0092097
6254,0.0118127
6256,0.0122477
6260,0.0787053
6261,0.0270933
6263,0.99549
6264,0.994243
6268,0.00332598
6270,0.0014526
6272,0.00777231
6276,0.00176302
6277,0.0919345
6278,0.143964
6279,0.0346653
6285,0.00490766
6286,0.000806134
6287,0.000612405
6289,0.00088027
6290,0.00277929
6291,0.104645
6292,0.0078609
6294,0.137424
6295,0.00303257
6296,0.0107065
6297,0.0944608
6298,0.0178254
6301,0.010674
6302,0.00322063
6303,0.0027549
6305,0.0274001
6306,0.0212222
6309,0.00164034
6310,0.0146214
6313,0.00502571
6317,0.00224677
6319,0.0986566
6320,0.147437
6321,0.0110628
6326,0.00253241
6329,0.00410145
6330,0.00805527
6331,0.0243043
6334,0.00734933
6335,0.0204107
6336,0.322514
6338,0.0184149
6339,0.194665
6340,0.0842487
6341,0.0123895
6342,0.00395241
6345,0.000836208
6348,0.0476277
6356,0.0355524
6358,0.0104398
6359,0.108016
6362,0.030549
6364,0.0101332
6365,0.00877306
6366,0.00329505
6371,0.019432
6373,0.110057
6377,0.0369051
6379,0.000615066
6380,0.00930131
6383,0.0038805
6386,0.111612
6389,0.475888
6390,0.00145287
6393,0.00318504
6394,0.000940909
6395,0.185187
6396,0.203942
6397,0.151912
6399,0.104463
6400,0.00499876
6401,0.0552381
6405,0.00195191
6407,0.197558
6409,0.0111354
6411,0.044703
6413,0.0204666
6414,0.00143301
6416,0.0716553
6417,0.00203639
6420,0.00294786
6421,0.000756444
6435,0.0190986
6436,0.00356312
6438,0.0111689
6439,0.00366574
6441,0.0363935
6443,0.00492212
6444,0.0111082
6445,0.000193217
6446,0.00676758
6447,0.0032082
6451,0.00092207
6452,0.00143163
6455,0.00128153
6457,0.00853071
6458,0.401904
6459,0.0812282
6462,0.00644416
6466,0.00634587
6467,0.0109968
6468,0.0101743
6471,0.040936
6474,0.00154976
6475,0.00260575
6476,0.0987421
6478,0.00308484
6480,0.00152113
6483,0.0912876
6484,0.00417121
6485,0.0321929
6487,0.134467
6490,0.0170839
6494,0.00347835
6499,0.0656503
6500,0.0622198
6501,0.00112812
6502,0.061745
6503,0.0614414
6504,0.0263677
6505,0.00352305
6507,0.00387297
6509,0.0140622
6511,0.00278815
6513,0.00737172
6515,0.021042
6516,0.0624325
6517,0.124913
6520,0.0521678
6523,0.0061314
6528,0.00291094
6530,0.00038171
6532,0.0385708
6533,0.00433624
6535,0.00576299
6536,0.00110276
6539,0.00338103
6542,0.03281
6543,0.0630057
6545,0.000560638
6550,0.0450417
6552,0.0716915
6553,0.00339529
6556,0.206317
6558,0.00834024
6560,0.00747934
6561,0.00676593
6564,0.000527309
6565,0.11954
6574,0.0143303
6577,0.00961541
6581,0.0343811
6582,0.564628
6583,0.161001
6585,0.0052883
6586,0.000600236
6587,0.000771257
6589,0.0799142
6591,0.0119335
6593,0.00177142
6597,0.0015698
6598,0.0202682
6600,0.0707617
6602,0.0047654
6604,0.00972159
6605,0.0875463
6606,0.00278536
6607,0.0155072
6608,0.00137541
6611,0.0388506
6612,0.00189294
6613,0.0035249
6614,0.0567906
6615,0.15205
6617,0.0258849
6620,0.00520632
6621,0.00369975
6624,0.0269745
6628,0.00458108
6630,0.0414752
6631,0.416511
6634,0.00416892
6635,0.00585122
6637,0.00657403
6638,0.00235956
6641,0.00257369
6642,0.00617372
6643,0.00449947
6647,0.0032539
6648,0.0838476
6649,0.0172071
6650,0.00866415
6652,0.0178142
6654,0.00164203
6657,0.00863408
6658,0.00234916
6659,0.0128542
6660,0.0013628
6661,0.0301294
6664,0.0128973
6669,0.00393531
6672,0.200165
6674,0.00153521
6679,0.112682
6684,0.000726921
6688,0.0197043
6689,0.00124953
6691,0.00743425
6693,0.0221794
6694,0.0126254
6700,0.0137859
6701,0.0161457
6702,0.0183179
6704,0.00407842
6706,0.00110003
6710,0.0210588
6711,0.034383
6713,0.00563946
6714,0.00640631
6715,0.00705294
6716,0.0125994
6724,0.0119307
6727,0.0110788
6729,0.213656
6731,0.00226923
6733,0.529448
6734,0.014383
6735,0.0244603
6736,0.091357
6737,0.00860075
6738,0.314479
6740,0.00810459
6742,0.0973004
6744,0.0050215
6746,0.00532834
6747,0.0177724
6749,0.00249358
6750,0.0137072
6753,0.00290176
6754,0.165537
6755,0.000125255
6756,0.0359268
6758,0.0219832
6759,0.0142329
6761,0.00132861
6762,0.00192334
6763,0.0456441
6766,0.000133512
6767,0.00541872
6770,0.995249
6775,0.0527846
6779,0.00414074
6780,0.0235517
6782,0.0643194
6783,0.00868381
6786,0.0011086
6787,0.00266773
6791,0.0303464
6793,0.104808
6796,0.000133704
6798,0.376008
6799,0.272603
6800,0.315456
6803,0.0168759
6806,0.00394043
6807,0.00258176
6810,0.0407631
6811,0.106506
6813,0.000899618
6817,0.020524
6819,0.00272039
6822,0.0209599
6823,0.0132692
6824,0.115015
6825,0.000550847
6826,0.00533671
6827,0.108788
6830,0.0182268
6834,0.0914121
6835,0.0016934
6836,0.000401505
6842,0.684308
6843,0.994965
6846,0.0010057
6847,0.00161003
6850,0.0338442
6855,0.0017918
6856,0.000575218
6857,0.0969463
6858,0.00355979
6860,0.0189115
6861,0.0124242
6863,0.00709816
6868,0.00270963
6869,0.00111243
6871,0.092169
6873,0.000350552
6874,0.00283719
6875,0.0278524
6879,0.00753948
6882,0.0224234
6883,0.00586532
6884,0.00137725
6886,0.00597645
6887,0.1576
6891,0.511666
6892,0.0698295
6893,0.0015139
6896,0.00225679
6898,0.0465157
6899,0.0133823
6900,0.0471206
6904,0.00621454
6905,0.000805827
6906,0.00581234
6907,0.725904
6908,0.0673859
6910,0.17199
6912,0.0131335
6915,0.00602089
6916,0.0114255
6921,0.167762
6922,0.0264573
6927,0.0335888
6928,0.00816601
6929,0.018314
6930,0.0319631
6932,3.91446e-05
6933,0.0136709
6937,0.00534232
6939,0.000818527
6942,0.0191816
6943,0.00355567
6944,0.00175408
6945,0.0012728
6947,0.990889
6948,0.989761
6951,0.00960909
6952,0.0082641
6955,0.00327833
6956,0.000558642
6959,0.0531518
6962,0.0472673
6966,0.00307039
6967,0.0281135
6968,0.00127906
6970,0.00281481
6971,0.0325356
6972,0.0171688
6973,0.00123697
6974,0.0623667
6976,0.0100813
6977,0.00150074
6978,0.00118033
6979,0.113436
6982,0.00444493
6983,0.00292039
6988,0.00681716
6993,0.00387813
6995,0.110265
6996,0.00349216
6998,0.0829904
6999,0.0235117
7001,0.0555863
7004,0.00163033
7007,0.00237843
7008,0.00287179
7011,0.00439918
7012,0.00430401
7013,0.0171622
7014,0.00259089
7016,0.0175967
7017,0.00363816
7018,0.00555994
7019,0.0347072
7022,0.00455497
7024,0.0436592
7029,0.0223066
7030,0.0436384
7031,0.000404538
7032,0.0048921
7034,0.00150622
7037,0.0111377
7038,0.041307
7039,0.0242798
7040,0.0147346
7042,0.256107
7044,0.00101076
7045,0.0129066
7046,0.064636
7048,0.00304061
7054,0.0134968
7056,0.0167206
7059,0.0206496
7061,0.0116887
7062,0.00651878
7064,0.00515526
7065,0.105008
7066,0.00104018
7068,0.988453
7073,0.0008315
7076,0.206552
7077,0.0013972
7079,0.000827597
7081,0.0116616
7083,0.215193
7085,0.00977496
7086,0.00138605
7087,0.00124394
7088,0.0146323
7091,0.0625543
7093,0.000559929
7094,0.00143693
7095,0.00473539
7096,0.000582658
7098,0.00394393
7099,0.00204776
7105,0.248202
7108,0.00741875
7109,0.153524
7113,0.989943
7116,0.00602121
7117,0.000968362
7118,0.00169524
7120,0.000670904
7121,0.0775334
7125,0.00692619
7130,0.00177138
7131,0.0129511
7132,0.000993479
7137,0.0198936
7138,0.00291913
7142,0.0689294
7145,0.00125543
7147,0.020011
7148,0.00214531
7149,0.0101253
7151,0.0433609
7156,0.0392144
7160,0.0207916
7161,0.000774392
7163,0.0454135
7165,0.00852855
7172,0.110066
7174,0.0113317
7175,0.0629671
7177,0.00108735
7181,0.0305267
7182,0.00899465
7184,0.00440893
7187,0.00473922
7189,0.000829537
7190,0.000415861
7197,0.000383625
7199,0.00934931
7201,0.0037387
7202,0.00172351
7203,0.00308385
7206,0.00190353
7209,0.00153314
7211,0.0852995
7212,0.0484278
7213,0.00217971
7215,0.00966605
7217,0.00282584
7218,0.689852
7221,0.00269043
7223,0.00137463
7225,0.00175207
7226,0.00818173
7227,0.0834114
7229,0.00228711
7231,0.569961
7234,0.0033104
7235,0.00741057
7238,0.0219719
7239,0.00634194
7240,0.0177898
7245,0.000462754
7246,0.0209898
7248,0.00565954
7250,0.0246375
7251,0.0511983
7256,0.0534811
7257,0.559783
7258,0.00558493
7259,0.00887852
7264,0.0310627
7266,0.0375685
7267,0.00273499
7271,0.0130569
7274,0.92562
7276,0.000887754
7277,0.0100073
7279,0.00185044
7280,0.0034624
7282,0.00229191
7283,0.0063957
7291,0.0661741
7295,0.00117229
7296,0.00048844
7298,0.0161759
7300,0.00159394
7302,0.000423936
7304,0.00631484
7305,0.00601764
7311,0.00268299
7315,0.000629655
7316,0.0300592
7319,0.0113316
7321,0.128366
7326,0.0301872
7328,0.115333
7331,0.0653057
7332,0.0132796
7333,0.053638
7334,0.0605587
7336,0.0166487
7337,0.107902
7338,0.00304898
7339,0.000514232
7340,0.0146259
7341,0.00627008
7343,0.00147626
7344,0.00184979
7346,0.0746818
7347,0.0110777
7349,0.0120209
7351,0.258369
7352,0.00218903
7353,0.928544
7354,0.119126
7356,0.0332595
7360,0.258614
7364,0.704841
7365,0.0154543
7366,0.00271479
7367,0.0383326
7368,0.00765288
7372,0.00314976
7373,0.00146736
7374,0.108264
7376,0.0117342
7380,0.099903
7383,0.0361066
7384,0.0128608
7385,0.00502448
7389,0.00528764
7392,0.0464633
7393,0.0213821
7395,0.188523
7396,0.000862446
7399,0.106077
7400,0.0404167
7403,0.0043783
7405,0.0247326
7406,0.230032
7410,0.00176131
7411,0.0148703
7417,0.026663
7419,0.0430524
7421,0.00305621
7424,0.0202971
7425,0.00910886
7429,0.00349081
7430,0.0737187
7432,0.0150099
7434,0.00266591
7439,0.00088649
7441,0.0123648
7447,0.000794717
7448,0.0250664
7449,0.101002
7451,0.190587
7452,0.368023
7453,0.0124735
7455,0.0575951
7456,0.00884236
7458,0.00307927
7459,0.00950334
7460,0.00704086
7461,0.2282
7463,0.0382846
7465,0.0464664
7469,0.236566
7471,0.00102082
7472,0.00114975
7475,0.0266318
7477,0.0125999
7478,0.0439051
7479,0.00305902
7482,0.0134197
7483,0.00763041
7484,0.0315213
7485,0.0110108
7486,0.00101635
7487,0.00101109
7488,0.00975936
7489,0.00350325
7491,0.00241621
7492,0.0112883
7496,0.0386414
7501,0.0460835
7502,0.00120143
7503,0.0165572
7506,0.00247088
7507,0.12137
7508,0.00351265
7514,0.027108
7520,0.0122802
7522,0.00400434
7526,0.00155044
7528,0.00999599
7529,0.0022612
7530,0.0240603
7535,0.00957224
7536,0.000328503
7537,0.00598689
7538,0.00663611
7540,0.0180026
7541,0.00440594
7544,0.0331996
7545,0.127114
7546,0.00837026
7549,0.00194641
7550,0.00312845
7551,0.0277556
7554,0.096839
7556,0.00622697
7557,0.0605919
7558,0.00103985
7559,0.0145175
7564,0.0641822
7565,0.00532522
7566,0.00634959
7569,0.14919
7570,0.0187325
7571,0.163763
7572,0.0866927
7573,0.0101076
7574,0.0305085
7576,0.161955
7579,0.00772701
7580,0.0146408
7581,0.00971057
7584,0.00183012
7586,0.0028595
7588,0.0151215
7589,0.00101334
7591,0.00838328
7596,0.00717978
7598,0.0106647
7599,0.0153846
7602,0.00318051
7604,0.289769
7605,0.0216993
7609,0.00673587
7612,0.0104689
7615,0.00616037
7624,0.000834788
7626,0.00304615
7627,0.000749653
7628,0.00396979
7630,0.0171302
7636,0.0259521
7637,0.014052
7640,0.00107619
7641,0.00160521
7642,0.00971736
7645,0.118229
7646,0.0722316
7650,0.00358741
7651,0.00996043
7652,0.00869898
7653,0.00285588
7656,0.00431378
7658,0.0125878
7659,0.0054255
7661,0.000667445
7662,0.00282996
7663,0.00020212
7664,0.262887
7665,0.579907
7666,0.0398898
7667,0.24484
7669,0.0241783
7671,0.00379119
7672,0.0431954
7674,0.00514474
7675,0.00425238
7677,0.0538406
7678,0.0269434
7679,0.003271
7680,0.0021419
7681,0.00466259
7686,0.00173545
7687,0.131951
7688,0.00327381
7690,0.000418229
7691,0.0038079
7694,0.00184457
7695,0.11154
7698,0.0860788
7699,0.000410806
7701,0.00500481
7702,0.00349327
7703,0.00396478
7704,0.00979709
7705,0.0639984
7711,0.18518
7715,0.0173449
7719,0.112561
7724,0.124712
7729,0.0107213
7732,0.175521
7734,0.00318894
7735,0.00251429
7736,0.0815474
7740,0.00137328
7743,0.00471974
7747,0.0178158
7748,0.00259287
7750,0.00407815
7751,0.00539664
7752,0.00130279
7755,0.00117749
7756,0.00185087
7759,0.0004625
7760,0.0226609
7762,0.00849297
7766,0.042651
7767,0.00163903
7768,0.00278538
7769,0.00175829
7770,0.00136919
7772,0.0550165
7773,0.0145813
7774,0.0280685
7775,0.00131959
7776,0.448587
7779,0.0206399
7780,0.0409145
7781,0.127589
7782,0.0020055
7783,0.0194513
7784,0.010519
7785,0.0235655
7787,0.000231164
7791,0.00515861
7792,0.0123139
7800,0.127027
7806,0.172094
7808,0.00125011
7809,0.00411618
7813,0.00768129
7815,0.194037
7820,0.00393561
7821,0.312915
7828,0.0311134
7829,0.0161564
7830,0.0114578
7832,0.00124689
7834,0.0195695
7835,0.00876784
7836,0.0269748
7843,0.00112048
7845,0.0192755
7846,0.0293315
7847,0.0451941
7848,0.00212673
7849,0.000589929
7851,0.00227326
7852,0.149438
7856,0.00199594
7857,0.0261367
7860,0.00439057
7862,0.00510331
7863,0.0788187
7865,0.00601726
7866,0.00389675
7869,0.0424515
7872,0.018596
7873,0.00527348
7875,0.0017135
7876,0.000489001
7877,0.0046186
7878,0.0780655
7880,0.00382234
7882,0.0451655
7883,0.0482449
7887,0.000737673
7888,0.0133938
7890,0.028124
7893,0.00970915
7895,0.00818878
7896,0.0099953
7898,0.0442482
7899,0.0110862
7900,0.0300823
7901,0.0293715
7902,0.0195954
7905,0.00695165
7909,0.00349017
7910,0.0195503
7912,0.00880386
7914,0.107802
7916,0.0576841
7918,0.000217913
7921,0.0727666
7922,0.0688162
7923,0.00366297
7924,0.00263327
7925,0.0188809
7926,0.0125773
7927,0.0505583
7929,0.00855758
7930,0.0100702
7931,0.00852132
7933,0.00020562
7934,0.00274477
7935,0.0131391
7938,0.0266514
7939,0.0524202
7943,0.0215817
7945,0.00166589
7948,0.16863
7949,0.0122642
7950,0.0109226
7952,0.00871845
7953,0.102815
7958,0.00582152
7960,0.0101683
7961,0.0558003
7962,0.0127848
7963,0.00400356
7964,0.108509
7965,0.0330135
7967,0.0124371
7968,0.0223034
7969,0.0171276
7973,0.0221599
7974,0.00926419
7978,0.0460634
7980,0.0593712
7981,0.00632167
7985,0.463402
7987,0.000794317
7990,0.00391081
7991,0.123414
7992,0.0627614
7994,0.045876
7995,0.019936
7996,0.00451049
7997,0.308691
7999,0.226008
8000,0.00510952
8001,0.00412397
8002,0.00857497
8004,0.00191846
8013,0.00365663
8017,0.012625
8018,0.00251016
8020,0.00592938
8022,0.03032
8023,0.00381166
8024,0.00245287
8025,0.00285749
8026,0.0615957
8029,0.00168527
8032,0.0572854
8035,0.00401011
8041,0.194122
8042,0.00475609
8044,0.0174556
8046,0.00375106
8047,0.0087535
8048,0.00411357
8051,0.0183533
8052,0.0745775
8053,0.250953
8055,0.00256383
8056,0.00755419
8059,0.000507644
8060,0.00183061
8062,0.001687
8064,0.00187444
8065,0.00679575
8066,0.0108815
8067,0.00312208
8068,0.00461278
8069,6.39797e-05
8070,0.00583283
8073,0.000872983
8074,0.00217428
8076,0.00160042
8077,0.00129049
8078,0.0744302
8079,0.0504994
8080,0.00467536
8081,0.0151229
8083,0.0172633
8088,0.115599
8089,0.015689
8090,0.000700053
8091,0.00252838
8096,0.0191061
8103,0.00253376
8104,0.0161004
8106,0.295794
8107,0.0116093
8109,0.00683728
8111,0.416525
8112,0.222364
8113,0.335383
8115,0.000825856
8116,0.0013382
8119,0.00195622
8120,0.583843
8121,0.0675929
8122,0.000432545
8123,0.0219005
8124,8.28533e-05
8126,0.0128412
8127,0.00191369
8128,0.00288992
8129,0.00105701
8130,0.284187
8134,0.699275
8136,0.00548399
8139,0.0187025
8140,0.00545367
8141,0.00441278
8142,0.00573027
8144,0.00177835
8145,0.0081788
8148,0.00147931
8151,0.00395371
8156,0.520447
8157,0.108703
8160,0.00127149
8162,0.0389313
8164,0.981044
8168,0.253472
8169,0.000669666
8170,0.297264
8172,0.104754
8173,0.000845306
8175,0.00226255
8177,0.00383367
8179,0.014222
8181,0.357488
8184,0.00233386
8186,0.00580277
8193,0.0187518
8207,0.00366213
8208,0.000676256
8209,0.000816045
8211,0.00384049
8214,0.0058037
8234,0.488791
8235,0.00868651
8236,0.000805968
8237,0.252818
8243,0.00818192
8248,0.155006
8252,0.257926
8253,0.00647679
8256,0.0130247
8263,0.0180569
8267,0.0330795
8268,0.0101945
8269,0.00498852
8273,0.259517
8276,0.00155501
8280,0.00155547
8288,0.00559025
8302,0.00952003
8304,0.414463
8314,0.000442661
8319,0.0109663
8327,0.97817
8330,0.974027
8334,0.986298
8336,0.98707
8337,0.984448
8340,0.981166
8341,0.972481
8343,0.975588
8344,0.976512
8345,0.00432395
8347,0.107737
8350,0.00348975
8353,0.982646
8354,0.985393
8355,0.980691
8357,0.981785
8359,0.774871
8360,0.98281
8369,0.976057
8371,0.974629
8372,0.974451
8373,0.978854
8376,0.971124
8377,0.969019
8384,0.0011514
8385,0.00256969
8387,0.00103353
8389,0.981816
8398,0.000998205
8412,0.0193528
8413,0.81127
8423,0.00249351
8424,0.0089997
8430,0.786437
8431,0.724582
8436,0.848978
8438,0.90512
8439,0.894958
8444,0.000309237
8445,0.0740919
8447,0.0395845
8449,0.0115505
8457,0.00114413
8458,0.285253
8459,0.0213804
8462,0.00445975
8467,0.00469375
8471,0.000446885
8475,0.0526331
8476,0.166149
8477,0.00423875
8479,0.0117729
8482,0.00223236
8484,0.101456
8486,0.309494
8488,0.288711
8489,0.0863639
8492,0.000928873
8494,0.00124906
8508,0.00753919
8509,0.0123869
8513,0.498928
8516,0.00374731
8521,0.359596
8523,0.0204837
8526,0.0844047
8527,0.0268688
8529,0.142378
8531,0.0185197
8533,0.396207
8534,0.739535
8540,0.11513
8543,0.0130699
8544,0.0115133
8545,0.00493758
8546,0.000182709
8552,0.000937641
8555,0.036385
8559,0.183523
8561,0.00285323
8573,0.00819462
8576,0.518684
8587,0.00301985
8591,0.00481129
8595,0.000848947
8600,0.00120961
8612,0.741099
8614,0.812749
8615,0.846244
8619,0.00225936
8623,0.605142
8631,0.00363522
8643,0.569049
8648,0.51317
8649,0.0122459
8651,0.586767
8654,0.000664106
8657,0.00553761
8689,0.567221
8691,0.056193
8717,0.50714
8721,0.489512
8731,0.0187693
8732,0.00414805
8741,0.00289502
8749,0.0151088
8762,0.00279099
8765,0.151235
8766,0.0292933
8767,0.00166359
8768,0.757061
8769,0.766658
8770,0.776339
8772,0.78608
8776,0.810698
8778,0.819804
8782,0.828867
8783,0.842165
8784,0.00128196
8786,0.00525495
8789,0.00138359
8792,0.0113892
8795,0.000836454
8799,0.00343241
8800,0.0077141
8805,0.0596217
8815,0.408312
8826,0.00820017
8828,0.372308
8829,0.199837
8833,0.260843
8850,0.375188
8875,0.322332
8877,0.297585
8878,0.390477
8879,0.341971
8883,0.00795779
8884,0.235476
8885,0.25578
8887,0.229316
8888,0.236571
8889,0.262674
8894,0.263572
8896,0.210542
8898,0.323361
8899,0.30472
8902,0.0468914
8903,0.0203151
8909,0.000451427
8913,0.105641
8921,0.00634407
8923,0.00617441
8928,0.997401
8929,0.99661
8931,0.996898
8935,0.996964
8936,0.0054636
8937,0.996738
8940,0.0615067
8941,0.000786144
8942,0.996871
8943,0.997002
8944,0.997665
8947,0.00501094
8949,0.99681
8953,0.643609
8956,0.997721
8968,0.553686
8971,0.603737
8974,0.571081
8975,0.600304
8976,0.638752
8977,0.563635
8979,0.00336309
8980,0.00290327
8981,0.997565
8983,0.997321
8984,0.996871
8987,0.996901
8988,0.996617
8989,0.643333
8990,0.627068
8991,0.198408
8992,0.010064
8998,0.559844
8999,0.580705
9000,0.559594
9002,0.996854
9005,0.00729144
9008,0.997087
9012,0.996489
9013,0.99629
9014,0.996609
9015,0.996237
9016,0.996705
9017,0.996199
9018,0.996644
9019,0.996151
9020,0.996173
9022,0.00192739
9023,0.995609
9024,0.00114184
9025,0.00382313
9033,0.00346981
9037,0.995664
9038,0.995897
9040,0.995762
9041,0.995884
9046,0.00205835
9048,0.000921095
9051,0.996447
9053,0.0610688
9070,0.0422829
9075,0.00120123
9078,0.0440685
9079,0.0731924
9083,0.996671
9084,0.997113
9087,0.995865
9088,0.996144
9093,0.0527549
9105,0.00265891
9108,0.00619671
9110,0.0285187
9116,0.033447
9118,0.995259
9120,0.563001
9125,0.00259987
9126,0.996494
9128,0.99696
9129,0.99779
9135,0.475998
9140,0.0663067
9141,0.00908282
9147,0.23751
9153,0.00472987
9156,0.0195599
9159,0.0742947
9161,0.00725893
9163,0.341886
9165,0.453491
9172,0.156057
9175,0.18722
9179,0.192939
9183,0.996987
9185,0.149059
9186,0.0790966
9188,0.00143832
9191,0.218453
9192,0.107415
9193,0.99778
9196,0.996749
9199,0.996587
9200,0.996901
9202,0.996902
9204,0.0494835
9208,0.00646458
9225,0.0191689
9230,0.00114999
9232,0.125092
9234,0.00893407
9236,0.00133334
9237,0.115793
9244,0.997178
9245,0.997126
9250,0.997595
9251,0.000592294
9258,0.997739
9259,0.00502579
9265,0.996959
9269,0.996725
9273,0.449965
9274,0.484511
9275,0.432993
9276,0.499287
9277,0.409245
9278,0.496628
9280,0.997403
9282,0.997116
9283,0.997744
9298,0.989522
9299,0.99091
9301,0.0781436
9304,0.730076
9305,0.988483
9308,0.989818
9310,0.990932
9311,0.990097
9313,0.0624914
9317,0.986025
9318,0.988117
9321,0.987792
9322,0.99378
9323,0.981323
9325,0.979465
9327,0.132962
9328,0.529024
9330,0.48783
9331,0.44593
9333,0.773003
9334,0.976081
9335,0.48363
9337,0.43805
9343,0.970837
9344,0.436934
9348,0.46096
9352,0.966121
9353,0.967099
9357,0.450671
9362,0.0130167
9365,0.975842
9367,0.971885
9371,0.203748
9372,0.958732
9375,0.958321
9377,0.96184
9378,0.950515
9380,0.941792
9381,0.945409
9382,0.767178
9383,0.763918
9386,0.762855
9387,0.768806
9388,0.94602
9390,0.9445
9393,0.949974
9395,0.944259
9396,0.943947
9397,0.942568
9399,0.943025
9401,0.930406
9402,0.813025
9405,0.845512
9407,0.924876
9409,0.921309
9410,0.944484
9412,0.944891
9413,0.939621
9414,0.946124
9415,0.947965
9416,0.950171
9417,0.956986
9418,0.951359
9420,0.000112731
9423,0.0287359
