1,0.00246041
2,0.000538873
3,0.00126226
5,0.0739876
6,0.0193937
10,0.00775288
14,0.00552062
15,0.000282059
16,0.0112138
19,0.0110515
20,0.00401302
24,0.00426281
25,0.00144986
28,0.00117276
29,0.0112384
32,0.0149186
37,0.142842
38,0.0011069
40,0.0600734
41,0.0532218
44,0.00854038
45,0.00944355
47,7.93365e-06
49,0.00360253
51,0.0152218
52,0.00268458
54,0.0045676
55,0.0754581
60,0.00629876
61,0.223816
63,0.0161071
64,0.0156129
68,0.00670279
70,0.00697275
75,0.00787058
76,0.0176528
78,0.00509642
82,0.0180833
85,0.0514723
86,0.0139662
87,0.000685618
88,0.101549
93,0.0439323
94,0.0934475
99,0.00225891
103,0.0107604
106,0.00372971
107,0.00759515
108,0.150636
109,0.00292531
110,0.0500384
116,0.00263843
119,0.00279952
121,0.00234806
123,0.0253117
124,0.108969
128,0.0807759
132,0.0105512
133,0.0289265
138,0.00283546
141,0.000276939
143,0.00606791
144,0.0296349
145,0.000656806
148,0.146864
150,0.0100292
151,0.210983
154,0.00169972
155,0.00452822
157,4.22457e-05
158,0.00879787
159,0.00291482
161,0.0599825
163,0.00370311
166,0.000938855
167,0.00554242
169,0.0200969
170,0.102211
173,0.000845981
174,0.0257518
177,0.164779
178,0.0170345
179,0.0972495
180,0.0565368
182,0.000279585
183,0.00598905
184,0.0523548
185,0.000637363
188,0.00990427
190,0.00828675
194,0.00253765
195,0.00890843
201,0.0436801
202,0.973045
204,0.00738721
207,0.0035005
208,0.0373596
210,0.00272197
212,0.0112877
213,0.000367072
214,0.00244513
219,0.000252943
222,0.000666175
223,0.0288666
225,0.0667419
228,0.00331834
229,0.00193139
232,0.00343301
237,0.00185227
238,0.000368661
240,0.00943212
241,0.0212773
246,0.0015751
247,0.0510054
248,0.0149403
249,0.000842838
250,0.001262
251,0.0014387
253,0.040538
255,0.0203676
257,0.128819
259,0.00232943
263,0.00215195
265,0.561006
270,0.00547028
272,0.0117112
279,0.00501403
282,0.00542559
284,0.0587596
285,0.0386565
286,0.0277947
288,0.0123467
290,0.00182169
291,0.0774955
292,0.0258116
294,0.0013089
298,0.0376413
300,0.181873
302,0.0026621
304,0.0475436
306,0.00192181
308,0.015609
314,0.0494162
316,0.133972
319,0.00328116
320,0.00626539
323,0.00699712
324,0.0144644
326,0.00819026
329,0.460602
337,0.000756514
340,6.05964e-05
342,0.169782
346,0.00398998
347,0.0024116
348,0.0673032
349,0.127598
350,0.000838014
352,0.00343015
353,0.0126092
356,0.00210969
357,0.00499496
360,0.0547337
365,0.199813
376,0.039961
377,0.00407143
379,0.00193001
382,0.000238422
385,0.00808176
390,0.0283433
391,0.00569626
396,0.00904753
401,0.0013314
402,0.0149111
403,0.00439706
404,0.0397172
406,0.00806274
409,0.00941193
411,0.00122458
413,0.016127
415,0.00171782
416,0.0224614
417,0.0032614
420,0.0128755
421,0.0267303
423,0.00341826
424,0.0129635
434,0.156446
435,0.0182106
436,0.00829665
438,0.0367569
439,0.0931975
445,0.0408097
446,0.112356
447,0.00472995
449,0.00110292
450,0.00565319
455,0.00922648
457,0.00505831
459,0.00617092
460,0.0214151
461,0.00190842
462,0.0184391
464,0.0186101
465,0.0615134
468,0.0246942
469,0.0035057
471,0.00891545
475,0.00470954
476,0.0044565
479,0.0210319
480,0.00114848
482,0.00860792
483,0.00816879
484,0.0264144
489,0.00891844
490,0.00987325
491,0.00448874
492,0.000672704
493,0.0122432
496,0.0051749
498,0.00042964
501,0.00200779
503,0.0220524
506,0.00869823
507,0.0470875
510,0.0005955
514,0.00535237
515,0.0713378
518,0.00774898
520,0.00023827
521,0.00211187
524,0.00186195
525,0.227753
526,0.112414
528,0.00450806
530,0.0034805
533,0.00349781
536,0.000700506
538,0.0105099
539,0.0509233
541,0.00361955
542,0.0704326
543,0.0539456
545,0.0153396
550,0.00327926
552,0.00422698
553,0.610114
554,0.0236974
556,0.218976
560,0.0295149
562,0.00426442
563,0.003379
567,0.0480055
568,0.00216045
571,0.024476
573,0.000922228
579,0.00795825
586,0.0199749
587,0.0581356
588,0.0563638
590,0.00395571
591,0.0549673
592,0.0136246
594,0.0294689
595,0.0280903
596,0.0351041
598,0.326127
602,0.001723
605,0.0323021
608,0.0124478
609,0.00122537
615,0.000972606
616,0.0071371
618,0.0194635
619,0.0271947
621,0.246658
622,0.0739534
623,0.000791998
624,0.033916
626,0.00276341
628,0.00600049
632,0.00530777
634,0.0111324
637,0.256013
640,0.00143183
641,0.0379154
643,0.000407876
645,0.0107025
646,0.00526377
647,0.000643537
653,0.254653
654,0.0212512
655,0.0816118
666,0.00821978
667,0.0708408
669,0.0544466
670,0.0284394
671,0.000767711
674,0.276204
677,0.0141816
678,0.000558998
679,0.000745287
680,0.000295547
681,0.304494
686,0.0133334
687,0.0170352
688,0.0208379
689,0.00267602
693,0.00454342
694,0.00483754
695,0.00376358
697,0.000934039
699,0.0288606
700,0.0461436
701,0.0174711
702,0.0300223
703,0.00729721
704,0.000332221
706,0.0184008
708,0.00316073
710,0.00381722
712,0.00341563
715,0.00372478
720,0.00410492
723,0.00152946
725,0.00181165
726,0.0505061
729,0.0668143
731,0.0106483
732,0.00346627
733,0.000871095
735,0.0101198
736,0.000229779
737,0.242635
741,0.0227522
742,0.00185435
745,0.328307
746,0.0050528
748,0.0867771
751,0.00364672
752,0.145007
754,0.000252807
757,0.244615
760,0.00351273
762,0.000539652
765,0.545551
768,0.781051
769,0.000224695
774,0.00796217
777,0.00399499
779,0.00488467
780,0.0167489
781,0.00890254
782,0.0532672
784,0.775098
786,0.0236746
788,0.399545
789,0.021025
790,0.0147475
793,0.000792122
795,0.165307
796,0.00207023
798,0.0010107
800,0.0587353
801,0.00661013
803,0.0472002
807,0.704155
808,0.00554071
810,0.00855675
813,0.00657376
814,0.0580142
815,0.33574
825,0.0015797
826,0.000726023
827,0.00802548
830,0.00880274
831,0.00463011
833,0.00459288
836,0.0814691
838,0.021366
841,0.0287449
844,0.00850261
847,0.00233769
848,0.000402016
849,0.00923122
850,0.0163687
851,0.00943705
852,0.00691561
853,0.181722
854,0.0405894
860,0.00502227
862,8.62823e-05
863,0.118856
865,0.0010413
867,0.0182211
868,0.00651257
870,0.00495201
871,0.0980149
873,0.0343729
877,0.000201545
880,0.00496537
883,0.0321186
884,0.00236485
885,0.0431975
887,0.000222251
888,1.13563e-05
889,0.00608148
891,0.0421215
892,0.00901382
897,0.0265681
898,0.0667604
900,0.219655
901,0.00475885
902,0.023446
903,0.00252343
905,0.0035195
908,0.00251557
912,0.00158072
913,0.0998935
916,0.00383593
917,0.00674482
921,0.0497174
924,0.00115744
925,0.346898
927,0.0125205
928,0.00185147
929,0.0014041
930,0.0279091
931,0.000143511
932,0.0511591
934,0.0020886
935,0.0242032
936,0.00126096
937,0.0262333
940,0.0125028
942,0.071066
944,0.00110923
947,0.0038419
949,0.0154429
950,0.0463062
952,0.00043557
954,0.0190228
956,0.0342538
958,0.202548
959,0.00027635
961,0.00545105
962,0.000590875
963,0.0326108
964,0.00194131
965,0.0449951
966,0.0180775
967,0.0961038
969,0.00159608
972,0.312123
973,0.00341427
976,0.00258522
977,0.0585303
978,0.0551266
980,0.026897
981,0.310067
982,0.000791313
984,0.0458041
985,0.000269963
987,0.232844
990,0.798718
991,0.00100027
993,0.000969772
995,0.00401005
996,0.0217163
997,0.0110094
998,0.0483058
1000,0.013574
1001,0.0761472
1006,0.00243265
1007,0.0444722
1009,0.967568
1011,0.0149971
1016,0.00148615
1017,0.0704557
1019,0.0316131
1021,0.00519209
1023,0.00104785
1024,0.0207627
1025,0.03082
1026,0.0909337
1027,0.000578398
1028,0.0169073
1029,0.0208462
1032,0.343736
1037,0.495997
1039,0.00132064
1040,0.0120577
1041,0.0105182
1043,0.0299367
1045,0.121422
1046,0.00888056
1047,0.00979294
1049,0.0523267
1051,0.000818014
1052,0.0521808
1053,0.0424996
1054,0.00424806
1056,0.000818228
1062,0.0137613
1063,0.00414112
1068,0.00384471
1069,0.0815364
1071,0.0026131
1075,0.00406863
1077,0.0088475
1078,0.430525
1079,0.00982732
1081,0.018458
1083,0.0891514
1084,0.00867603
1085,0.00280764
1086,0.00782547
1088,0.00770761
1090,0.0584522
1091,0.0076054
1092,0.018188
1095,0.00529262
1096,0.00767813
1097,0.00198932
1098,0.0105501
1099,0.00919028
1100,0.00166365
1102,0.00626357
1103,0.0252719
1104,0.0068037
1105,0.00255897
1106,0.067145
1108,0.021932
1110,0.00119691
1114,0.00678819
1115,0.0283257
1116,0.00958991
1118,0.00174078
1120,0.16
1121,0.041004
1122,0.0410531
1126,0.0168257
1127,0.0415288
1129,0.00136954
1130,0.00581528
1131,0.00440791
1132,0.0422188
1134,0.0153908
1139,0.195167
1140,0.0519194
1147,0.0089244
1148,0.00950404
1150,0.0247504
1152,0.000609913
1154,0.354048
1157,0.00102882
1158,0.0153096
1159,0.00918716
1160,0.00369702
1161,0.00884355
1164,0.00771471
1169,0.000728365
1172,0.0142854
1174,0.00609569
1176,0.00340674
1177,0.113931
1181,0.0114108
1182,0.10119
1186,0.00231587
1189,0.0119919
1190,0.0138919
1194,0.00418908
1200,0.00498339
1203,0.0753173
1204,0.0712649
1211,0.052837
1212,0.000878099
1214,0.00155171
1215,0.030638
1218,0.041637
1219,0.00515116
1221,0.000405247
1222,0.00173638
1223,0.00717134
1227,0.0724591
1229,0.00159782
1230,0.404855
1236,0.00230913
1238,0.00337528
1240,0.00810288
1245,0.00222423
1246,0.000252254
1250,0.112426
1252,0.00681859
1253,0.0341671
1258,0.00456476
1260,0.109218
1262,0.00554994
1269,0.00134189
1271,0.0110029
1272,0.0116639
1273,0.0117703
1274,0.00311985
1275,0.0322858
1276,0.18679
1277,0.00596375
1279,0.00956572
1280,0.0250836
1281,0.00712724
1282,0.0221653
1284,4.27449e-06
1285,0.0166092
1286,0.00329563
1288,0.0653817
1291,0.00275375
1292,3.03705e-05
1293,0.557473
1295,0.0801766
1296,0.00177534
1297,0.0210087
1299,0.00162612
1301,0.00970282
1302,0.000204882
1303,0.080598
1308,0.00056364
1310,0.00182978
1312,0.0684985
1313,0.158868
1314,0.001575
1315,0.117568
1316,0.0186173
1317,0.0319887
1322,0.111785
1323,0.00642225
1326,0.00101882
1328,0.076034
1331,0.0179412
1333,0.358211
1334,0.000651872
1337,0.0290986
1338,0.00355425
1342,0.00230535
1344,0.00153989
1346,0.0023168
1352,0.032978
1354,0.0051472
1355,0.00306493
1358,0.0532953
1360,0.00681412
1363,0.00505562
1364,0.00220176
1365,0.000680863
1366,0.00116656
1367,0.0756838
1369,0.209717
1371,0.00284198
1372,0.00510402
1373,0.00214909
1378,0.0037459
1380,0.120245
1381,0.00400077
1383,0.00298439
1384,0.0058876
1386,0.00222143
1387,0.00730139
1388,0.0662635
1390,0.957528
1391,0.0138912
1392,0.00371263
1397,0.00730775
1399,0.0421879
1400,0.00723339
1403,0.0147833
1405,0.286716
1408,0.0147804
1409,0.00212133
1410,0.0640252
1411,0.00160052
1412,2.66187e-05
1415,0.00419552
1416,0.348768
1417,0.0112435
1420,0.00481701
1424,0.0763664
1425,0.543197
1426,0.00450844
1427,0.132594
1428,0.000789796
1429,0.00334649
1433,0.00121867
1434,0.0106049
1436,0.00466433
1438,0.0972448
1440,0.00561023
1441,0.0326223
1442,0.0037922
1443,0.00294978
1447,0.0152916
1450,0.00433517
1452,0.0047671
1455,0.00066304
1461,0.00130336
1462,0.141098
1463,0.00683505
1468,0.00683406
1469,0.0100945
1470,0.00191187
1471,0.00232574
1473,0.00039014
1475,0.145491
1476,0.073041
1478,0.0452848
1479,0.0656677
1480,0.00243298
1484,0.0542292
1485,0.0255652
1486,0.0055902
1490,0.00633562
1492,0.00414622
1493,0.00323102
1494,0.0291974
1495,0.00132978
1500,0.00664511
1502,0.00852516
1503,0.00119384
1504,0.00453194
1506,0.00427026
1510,0.271441
1511,0.0631571
1513,0.0826385
1514,0.101916
1517,0.0037179
1519,0.0110155
1522,0.0105827
1523,0.0373792
1527,0.0719451
1528,0.112532
1530,1.48048e-06
1531,0.00502431
1533,0.00762505
1535,0.617089
1536,0.00479946
1537,0.77329
1538,0.0104573
1539,0.00355069
1540,0.00293609
1541,0.738267
1542,0.718488
1543,0.0325821
1545,0.00705388
1547,0.682155
1549,0.758242
1550,0.771797
1551,0.784816
1552,0.761154
1558,0.784812
1564,0.00645208
1566,0.0113425
1567,0.000223072
1568,0.0094738
1570,0.00765299
1573,0.0350207
1575,0.0037164
1576,0.0747586
1577,0.037895
1580,0.664976
1583,0.788258
1585,0.532055
1586,0.559167
1588,0.00301166
1590,0.550451
1593,0.457505
1594,0.393835
1595,0.486411
1597,0.570795
1598,0.52038
1599,0.602436
1601,0.00230744
1604,0.000635909
1605,0.0817218
1607,0.139514
1608,0.0793537
1611,0.000177331
1613,0.0589535
1614,0.551343
1615,0.000385839
1616,0.00400567
1618,0.000669306
1621,0.000806454
1624,0.120765
1626,0.00389005
1628,0.00275817
1629,0.1376
1630,0.000901132
1632,0.00138113
1633,0.034008
1634,0.00831894
1636,0.0947553
1640,0.00516183
1641,0.00216137
1647,0.000146846
1648,0.0346761
1649,0.963394
1654,0.967931
1658,0.970354
1659,0.971993
1660,0.971591
1662,0.0187252
1664,0.00598264
1665,0.00630549
1666,0.00178543
1667,0.963978
1669,0.970941
1670,0.970595
1671,0.977668
1674,0.974592
1675,0.97884
1677,0.978564
1678,0.968543
1679,0.975506
1682,0.103427
1683,0.00172173
1684,0.00184088
1686,0.00658389
1687,0.0103275
1688,0.0713772
1690,0.0633724
1693,0.00560376
1694,0.00472779
1695,0.97178
1697,0.969137
1698,0.00335757
1699,0.964708
1702,0.0477585
1703,0.953199
1704,0.972166
1705,0.00144373
1706,0.0055922
1708,0.00298915
1711,0.00368192
1712,0.125942
1714,0.0206628
1715,0.00202997
1716,0.0605666
1717,0.00249088
1718,0.000601466
1719,0.974826
1720,0.977935
1724,0.00258226
1725,0.268272
1726,0.0187354
1731,0.000598682
1732,0.00196314
1736,0.00175473
1737,0.0846576
1740,0.00104016
1741,0.00150664
1743,0.0506837
1745,0.966913
1748,0.0620832
1751,0.0118594
1752,0.105084
1754,0.00259857
1755,0.0600936
1756,0.0132689
1757,0.392137
1758,0.0203649
1759,0.0949723
1761,0.00340271
1762,0.00687141
1763,0.0476538
1764,0.00185659
1765,0.000645541
1767,0.052476
1768,0.00899938
1773,0.0129435
1777,0.400714
1779,0.303276
1781,0.325191
1783,0.452291
1784,0.500705
1785,0.00776408
1787,0.0775531
1789,0.326684
1790,0.283735
1792,0.354255
1794,0.275821
1795,0.33763
1796,0.348339
1797,0.348447
1802,0.426158
1803,0.283879
1804,0.104727
1805,0.174069
1806,0.178646
1808,0.212229
1814,0.00156153
1816,0.00390862
1817,0.00201263
1822,0.021219
1825,0.00644562
1832,0.00173929
1835,0.175556
1838,0.226172
1843,0.0293184
1847,0.0248902
1848,0.0346313
1851,0.178194
1852,0.00100895
1853,8.56358e-05
1854,0.0117783
1855,0.000807337
1859,0.00140824
1864,0.0150111
1865,0.000468414
1869,0.222696
1870,0.0149476
1873,0.113386
1875,0.132097
1877,0.417677
1878,0.294529
1880,0.0580961
1882,0.392657
1883,0.345704
1885,0.00325773
1886,0.00157661
1888,0.0106395
1893,0.960061
1894,0.975291
1895,0.00478158
1902,0.00669263
1903,0.000428971
1904,0.000397154
1908,0.0128046
1909,0.00596766
1910,0.00823695
1912,0.00438733
1913,0.0927334
1919,0.00282481
1920,0.00311788
1924,0.00468289
1925,0.184892
1928,0.70753
1929,0.68077
1935,0.72114
1936,0.00220361
1937,0.0151111
1941,0.0191345
1943,0.0304414
1944,0.122841
1945,0.0016069
1947,0.299004
1950,0.00367064
1951,0.00202343
1955,0.00984003
1960,0.0405036
1963,0.0594618
1965,0.0512607
1972,0.0289526
1984,0.34164
1985,0.000636026
1988,0.00486074
1989,0.406961
1991,0.0179885
1992,0.019183
1995,0.0865101
1996,0.0320415
1999,0.0073475
2000,0.0151249
2001,0.010505
2003,0.00524473
2005,0.347003
2009,0.398396
2011,0.000914503
2013,0.232995
2015,0.000374934
2018,0.00463619
2019,0.000751398
2021,0.00329312
2023,0.0876136
2026,0.00558485
2029,0.00203478
2030,0.00770603
2031,0.00108169
2032,0.00366363
2035,0.248063
2037,0.000336769
2038,0.000136449
2039,0.00273983
2040,0.00284994
2041,0.0404988
2044,0.00571895
2046,0.00759489
2047,0.00209473
2049,0.00339626
2050,0.175048
2051,0.00970741
2052,0.00620491
2053,0.0154437
2055,0.00544475
2056,0.0293518
2063,0.00865746
2068,0.000477447
2069,0.00389963
2070,0.180542
2072,0.00185648
2075,0.00992122
2080,0.00855443
2082,0.00549156
2086,0.3984
2088,0.00738032
2089,0.00887036
2090,0.00248897
2091,0.00322027
2092,0.00812244
2094,0.00885826
2095,0.00416684
2096,0.0167339
2097,0.110292
2098,0.0221906
2100,0.729454
2103,0.00269852
2104,0.160525
2105,0.0224927
2106,0.0463408
2108,0.00849008
2109,0.00391975
2111,0.0192223
2112,0.00402836
2114,0.00218916
2115,0.000637209
2117,0.000782479
2118,0.128956
2120,0.992803
2121,0.994264
2122,0.993484
2124,0.994407
2125,0.99357
2127,0.993162
2128,0.99388
2129,0.99186
2131,0.992193
2132,0.00416398
2133,0.0261322
2134,0.0971366
2136,0.00086796
2142,0.0830635
2143,0.974353
2144,0.975677
2145,0.970259
2146,0.13397
2147,0.964855
2148,0.961931
2152,0.964489
2155,0.949031
2156,0.965823
2158,0.00768202
2165,0.982699
2166,0.982994
2175,0.0878682
2176,0.0119858
2177,0.000732925
2178,0.950796
2182,0.00561012
2183,0.0012372
2187,0.00469494
2188,0.00242409
2189,0.00406514
2190,0.000559417
2194,0.00119281
2195,0.00223304
2197,0.0708375
2199,0.00233488
2200,0.340916
2205,0.194781
2210,0.33545
2211,0.249487
2213,0.250747
2214,0.264634
2215,0.216313
2218,0.164735
2219,0.151373
2221,0.0299468
2223,0.00210284
2224,0.0275637
2225,0.112766
2226,0.274127
2227,0.00646045
2230,0.00171947
2231,0.0664589
2232,1.5553e-05
2233,0.00584797
2234,0.0304085
2235,0.00178748
2236,0.000946708
2237,0.21585
2241,0.0909571
2242,0.00335068
2243,0.00258406
2244,0.00110179
2250,0.18907
2251,0.00721354
2252,0.00253931
2256,0.00843628
2260,0.00343093
2261,0.00166071
2262,0.0107392
2265,0.00117381
2267,0.00209058
2268,0.198951
2284,0.0174776
2285,0.0167266
2288,0.00896529
2293,0.149824
2297,0.00220166
2298,0.0906716
2299,0.00112193
2300,0.0344593
2302,0.0104226
2307,0.023236
2308,0.00275149
2309,0.0111818
2317,0.000654219
2320,0.00147609
2321,0.00961994
2322,0.301298
2326,0.00475827
2330,0.0143126
2332,0.0286657
2334,0.298577
2336,0.00464457
2337,0.0227508
2338,0.06094
2339,0.0276525
2340,0.000798098
2345,0.172247
2346,0.024423
2350,0.00139004
2351,0.0151939
2353,0.0016021
2354,0.0142418
2357,0.0051312
2359,0.00841129
2360,0.00396571
2362,0.00844283
2363,0.000928701
2366,0.0951831
2373,0.0018756
2375,0.525464
2378,0.018695
2379,0.00800688
2381,0.0131078
2384,0.0343226
2385,0.146442
2386,0.101041
2391,2.76642e-05
2393,0.0181926
2395,0.00156162
2396,0.253119
2399,0.00305098
2402,0.970044
2403,0.000139111
2404,0.953998
2410,0.947123
2411,0.958468
2412,0.947967
2414,0.00534373
2415,0.967903
2416,0.953459
2418,0.943656
2419,0.971331
2421,0.02442
2422,0.0133013
2423,0.00314713
2424,0.269677
2426,0.0856621
2428,0.0121161
2429,0.00943051
2431,0.00255912
2432,0.0147188
2438,0.00533942
2441,0.00860737
2442,0.0664118
2444,0.0164663
2445,0.182498
2446,0.0106732
2449,0.0497746
2450,0.035747
2451,0.00151703
2452,0.00184175
2455,0.000377108
2459,0.00262259
2460,0.148383
2463,0.00284498
2465,0.00206901
2468,0.00807968
2469,0.000938467
2474,0.00241327
2478,0.0596158
2480,0.00445256
2483,0.96246
2486,0.00271221
2487,0.0307775
2488,0.000684684
2491,0.000256982
2492,0.146686
2496,0.0443972
2497,0.0304871
2499,0.150907
2501,0.0134572
2502,0.0237945
2504,0.297305
2505,0.0171192
2506,0.0182022
2507,0.0146607
2509,0.968901
2511,0.96567
2512,0.966891
2514,0.00197518
2515,0.000167331
2519,0.00139944
2521,0.000600151
2522,0.00741304
2525,0.000400456
2529,0.00503088
2531,0.152597
2533,0.00709001
2535,0.169201
2537,0.00282336
2541,0.968319
2543,0.973602
2544,0.0027684
2546,0.00020417
2549,0.0261405
2551,0.00762368
2554,0.0219954
2558,0.148453
2561,0.00718406
2562,0.0008603
2563,0.0304251
2564,0.00902733
2565,0.0063432
2567,0.0119165
2568,0.00147932
2570,0.00174053
2572,0.000799867
2573,0.000633982
2574,0.00673053
2577,0.00495571
2580,0.0448369
2583,0.265572
2584,0.27567
2585,0.324101
2589,0.0206728
2596,0.0219138
2599,0.00790433
2600,0.0201038
2602,0.0298489
2603,0.0193266
2605,0.169543
2606,0.102525
2607,0.0452004
2608,0.00372107
2609,0.0492852
2610,0.00513043
2612,0.00111908
2614,0.00391585
2615,0.0027158
2616,0.0899851
2617,0.00250888
2621,0.00225355
2623,0.000103196
2624,0.00119834
2626,0.0467486
2634,0.411855
2635,0.0087198
2636,0.00379781
2637,0.104558
2638,0.0715538
2639,0.0061387
2642,0.0024997
2643,0.00597964
2648,0.024147
2650,0.00733251
2652,0.00190355
2653,0.0734292
2654,0.0019135
2660,0.00411426
2662,0.000228007
2665,0.00321407
2667,0.270921
2668,0.311745
2671,0.215698
2673,0.0195184
2675,0.0441122
2678,0.000738448
2679,0.00726316
2684,0.0764568
2686,0.00303052
2688,0.0875114
2689,0.013345
2692,0.00344084
2693,0.315771
2697,0.00525783
2698,0.0630361
2700,0.13706
2704,0.000375107
2705,0.00243647
2706,0.0366254
2713,0.00963946
2718,0.959132
2720,0.96217
2721,0.958795
2727,0.0357062
2728,0.951904
2729,0.941943
2735,0.00721752
2736,0.0428852
2737,0.777632
2738,0.161056
2739,0.00160833
2740,0.359946
2741,0.119313
2742,0.0124972
2744,0.666606
2746,0.743565
2748,0.736184
2750,0.702253
2751,0.733247
2752,0.798385
2758,0.715187
2759,0.749787
2760,0.698232
2763,0.818912
2765,0.735308
2767,0.756103
2768,0.789945
2769,0.00695026
2771,0.953206
2775,0.934824
2776,0.937853
2778,0.944543
2779,0.95763
2782,0.0445125
2783,0.00177029
2784,0.00082141
2785,0.00215339
2786,0.00166762
2788,0.00297014
2791,0.0045614
2793,0.0708096
2796,0.0274181
2797,0.367556
2803,0.00314729
2804,0.0109653
2807,0.00396662
2808,0.00413655
2810,0.00901575
2811,0.0122109
2817,0.00171903
2818,0.0258561
2820,0.0678274
2821,0.113247
2822,0.117382
2823,0.295238
2824,0.082087
2825,0.0131711
2832,0.320977
2833,0.0154696
2835,0.0123302
2836,0.100897
2837,0.0179231
2838,0.00324581
2842,0.00412162
2843,0.00907517
2849,0.450572
2850,0.057313
2851,0.000649929
2852,0.0045968
2855,0.00309035
2858,0.00951307
2861,0.000539406
2862,0.00149259
2866,0.000722694
2868,0.00816883
2869,0.0039053
2871,0.0124306
2872,0.000913875
2874,0.00478802
2875,0.00716093
2876,0.00239505
2879,0.00223568
2884,0.140643
2885,0.196013
2886,0.00263465
2889,0.000772787
2890,0.00063441
2891,0.00449375
2894,0.00226506
2897,0.242568
2899,0.0181195
2901,0.00461019
2902,0.456859
2903,0.00283437
2906,0.00598955
2907,0.0049122
2908,0.00731873
2910,0.00188979
2911,0.000790938
2914,0.00869518
2918,0.00627781
2921,0.616387
2923,0.0192382
2927,0.0021187
2928,0.155015
2930,0.0528788
2934,0.00187252
2935,0.0516039
2939,0.000912745
2940,0.0109742
2941,0.00467872
2942,0.0184468
2943,0.003273
2944,0.00179811
2945,0.00513624
2946,0.00165775
2947,0.00229434
2949,0.302442
2954,0.391995
2955,0.0834317
2956,0.0236351
2958,0.00194432
2961,0.139074
2962,0.2075
2963,0.154847
2966,0.0912483
2967,0.124837
2968,0.0903656
2969,0.115921
2970,0.0854254
2971,0.0688571
2976,0.0547727
2978,0.140585
2981,0.0473392
2982,0.00254241
2984,0.081236
2985,0.00511907
2986,0.00721812
2987,0.00349821
2990,0.0158022
2993,0.0497103
2995,0.0850098
2999,0.25529
3000,0.00648152
3001,0.154465
3005,0.000980246
3006,0.0467237
3007,0.00175571
3008,0.0076698
3009,0.015182
3012,0.0136288
3013,0.203776
3016,0.110882
3017,0.000270055
3018,0.0111183
3019,0.163912
3020,0.0104268
3021,0.000847914
3022,0.000642779
3024,0.00449112
3025,0.000834513
3026,0.00166875
3029,0.007793
3031,0.00630389
3032,0.00733573
3034,0.130473
3039,0.0753967
3041,0.0244329
3042,0.0315465
3044,0.00344232
3046,0.00334848
3047,0.0382539
3049,0.0724939
3050,0.00146936
3051,0.00382608
3052,0.00321738
3056,0.00182434
3061,0.00710889
3062,0.00745712
3063,0.0899402
3064,6.05769e-06
3065,0.0424037
3066,0.00506893
3067,0.00471644
3075,0.074973
3077,0.0387996
3078,0.00167146
3079,0.00149926
3080,0.00616821
3081,0.0127279
3082,0.000193014
3083,0.037325
3085,0.0358053
3086,0.00284664
3088,0.0021871
3091,0.00121255
3092,3.0308e-06
3093,0.00130387
3096,0.00118152
3098,0.00997811
3099,0.00142507
3101,0.0261451
3105,0.000130174
3107,0.0603523
3108,0.0568824
3112,0.0040483
3113,0.765349
3116,0.00136799
3117,0.000208774
3121,0.0093173
3122,0.000994338
3123,0.0381282
3127,0.00279037
3130,0.00803271
3131,0.447588
3133,0.00200201
3137,0.309321
3138,0.0172094
3140,0.00102823
3141,0.00236278
3145,0.0023354
3148,0.0199185
3150,0.00818376
3152,0.00523037
3153,0.119362
3154,0.00983035
3155,0.0465879
3157,0.0241228
3158,0.000763528
3159,0.00607396
3160,0.0264652
3161,0.00746086
3162,0.00681024
3164,0.00431019
3166,0.0241658
3167,0.00226609
3169,0.00020791
3175,0.0118231
3177,0.00381484
3182,0.0157811
3184,0.106859
3185,0.0928941
3186,0.0308202
3187,0.0660104
3189,0.0564098
3191,0.00589581
3195,0.0212662
3197,0.00270601
3199,0.000613382
3205,0.23486
3207,2.57759e-05
3211,0.212667
3213,0.000383163
3215,0.207689
3217,0.000426644
3218,0.0371266
3219,0.0546919
3225,0.050923
3228,0.00100496
3231,0.000180465
3234,0.00806253
3235,0.250055
3236,0.000875107
3242,0.0270116
3243,0.00132683
3245,0.0440147
3246,0.0093328
3249,0.75485
3250,0.772653
3251,0.68709
3253,0.760506
3254,0.00109309
3255,0.751013
3257,0.03334
3258,0.0411689
3259,0.0213053
3262,0.00819048
3266,0.0959584
3269,0.0551236
3270,0.107135
3271,0.0554235
3273,0.00772309
3275,0.00125398
3277,0.0103212
3278,0.00530998
3281,0.014303
3282,0.197329
3285,0.00872592
3286,0.0250257
3287,0.000730959
3289,0.00440036
3291,0.0075836
3293,0.0071406
3301,0.110349
3302,0.00341872
3309,0.00537311
3310,0.000281186
3313,0.0158238
3314,0.00257714
3315,0.323784
3323,0.00426384
3324,0.00860578
3327,0.00220096
3331,0.00530491
3335,0.000520384
3336,0.000553405
3338,0.00212711
3340,0.000353226
3341,0.3841
3351,1.14541e-05
3353,0.0493323
3354,0.000480523
3356,0.015324
3357,0.022925
3359,0.0273285
3360,0.749195
3364,0.726785
3365,0.470535
3368,0.00879835
3370,0.00517302
3371,0.00902873
3373,0.00370439
3377,0.000737614
3378,0.00317895
3380,0.0225672
3381,0.0202023
3382,0.0597026
3385,0.00414076
3390,0.0167026
3393,0.00207902
3395,0.0133852
3402,0.00540942
3403,0.00183704
3407,0.00595667
3408,0.0170307
3409,0.000957778
3410,0.00194473
3412,0.00220122
3413,0.0372559
3414,0.00522009
3425,0.00285361
3429,0.00865324
3430,0.00248426
3432,0.00283336
3433,0.029274
3434,0.00311645
3455,0.00105643
3456,0.00807643
3458,0.0377971
3462,0.00289163
3466,0.0394496
3469,0.00571978
3472,0.00154075
3474,0.00148941
3494,0.0108691
3495,0.0232499
3496,0.00699191
3497,0.0268325
3498,0.0310751
3499,0.0310545
3500,0.00179379
3501,0.167326
3513,0.00535256
3515,0.00780829
3516,0.0848165
3519,0.0824776
3527,0.0076911
3528,0.825384
3530,0.778889
3531,0.78289
3533,0.118521
3535,0.750191
3536,0.801751
3539,0.73785
3540,0.820441
3547,0.739084
3550,0.811603
3551,0.803408
3552,0.815158
3553,0.815578
3554,0.0174479
3556,0.0784735
3585,0.0234363
3587,0.0098462
3590,0.11617
3591,0.0158284
3592,0.00110208
3593,0.0165775
3597,0.00050508
3603,0.00123087
3604,0.000592211
3609,0.00332929
3610,0.00137521
3611,0.00211339
3612,0.0163542
3615,0.00063356
3616,0.0205949
3622,0.0166159
3623,0.054041
3625,0.025016
3626,0.120324
3629,0.0118945
3630,0.00197227
3631,0.00128523
3632,0.00627062
3634,0.00181403
3638,0.00347155
3641,0.20979
3642,0.00399552
3645,0.0355
3646,0.00418112
3648,0.0100987
3651,0.000866586
3654,0.0117905
3656,0.00231441
3657,0.0604492
3658,0.000172829
3659,0.243623
3661,0.297138
3662,0.00398355
3664,0.991752
3667,0.987699
3669,0.986009
3673,0.984293
3674,0.979874
3675,0.979866
3677,0.977188
3679,0.976569
3681,0.966068
3682,0.977467
3687,0.00562292
3689,0.538945
3691,0.00387697
3692,0.107327
3693,0.00458663
3696,0.00978169
3697,0.0829481
3701,0.552969
3702,0.00083109
3703,0.0271535
3704,0.18964
3705,0.0132522
3709,0.00653166
3710,0.026468
3711,0.0284429
3712,0.00154612
3713,0.00415704
3714,0.0103594
3717,0.0261339
3718,0.00498349
3720,0.0688479
3721,0.00136814
3722,0.000659549
3723,0.00401997
3754,0.000111228
3756,0.000888241
3757,0.000451378
3759,0.100869
3762,0.00412878
3764,0.0676131
3765,0.000896223
3773,0.00362772
3774,0.00844097
3775,0.0181651
3776,0.0154754
3777,0.0653199
3779,0.0069344
3782,0.0621263
3786,0.013789
3787,0.000842387
3793,0.0934866
3796,0.0840882
3798,0.0167429
3799,0.256167
3800,0.217393
3801,0.21984
3802,0.154699
3805,0.215125
3806,0.14241
3808,0.203505
3809,0.0678309
3810,0.00171176
3812,0.0315922
3813,0.00269486
3820,0.01421
3821,0.000712242
3825,0.0451461
3828,0.0161002
3832,0.000807574
3839,0.00890129
3840,0.00080563
3843,0.291568
3844,0.000601086
3846,0.00609818
3847,0.0414157
3849,0.109011
3851,0.00392502
3852,0.0145085
3853,0.00047475
3855,0.537544
3858,0.603039
3863,0.00320556
3866,0.0191808
3867,0.150366
3871,0.380342
3873,0.00143622
3874,0.0005138
3877,0.000595497
3879,0.00496131
3880,0.000432087
3882,0.0174199
3883,0.0532528
3885,0.00347194
3888,0.0069073
3891,0.348517
3897,0.00845783
3900,0.00516413
3901,0.00244331
3902,0.033047
3903,0.0075051
3904,0.000732629
3907,1.85218e-05
3909,0.00095147
3914,0.000307329
3915,0.00183165
3917,0.00983191
3921,0.00159643
3922,0.00151243
3923,0.00347605
3929,0.00620398
3931,0.0263488
3934,0.60969
3935,0.57795
3936,0.603687
3937,0.61723
3939,0.569721
3941,0.000691185
3944,0.0957079
3956,0.000603064
3957,0.00238456
3960,0.0010133
3961,0.0210552
3963,0.00729013
3969,0.00420375
3971,0.0106718
3972,0.0149852
3976,0.00228572
3978,0.0846723
3979,0.00101487
3980,0.0221477
3986,0.00101804
3988,0.00204437
3989,0.00293307
3990,0.00890882
3997,0.0299502
3999,0.00346563
4000,0.000806516
4001,0.00119924
4002,0.0160594
4003,0.0974558
4004,0.0398899
4006,0.0100439
4014,0.0222593
4018,0.00606916
4019,0.00198118
4020,0.000629089
4021,0.00467478
4022,0.0064603
4023,0.000704796
4024,0.0112609
4031,0.0172791
4033,0.0154033
4035,0.0260884
4038,0.00832052
4039,0.00650009
4041,0.00691717
4043,0.0688539
4044,0.173831
4046,0.00469748
4047,0.00169085
4050,0.00348407
4053,0.0556087
4054,0.00352465
4056,0.0154029
4058,0.00533744
4067,0.801094
4068,0.734432
4069,0.714405
4076,0.00334516
4081,0.00299943
4082,0.162969
4083,0.00106394
4089,0.00465558
4090,0.0822629
4092,0.00331948
4093,0.00171686
4094,0.0369497
4097,0.00619285
4100,0.00540361
4101,0.829564
4102,0.703826
4104,0.816965
4105,0.799143
4108,0.747803
4110,0.817992
4111,0.792305
4112,0.840472
4117,0.772236
4121,0.9547
4122,0.0136184
4123,0.809048
4125,0.836352
4126,0.787971
4127,0.797224
4128,0.768043
4131,0.796925
4136,0.958693
4137,0.963207
4138,0.944495
4139,0.941465
4141,0.941722
4151,0.941817
4152,0.948521
4153,0.952076
4154,0.951157
4157,0.940096
4161,0.972378
4163,0.9539
4164,0.949584
4168,0.943256
4169,0.947813
4170,0.935262
4171,0.93763
4172,0.939537
4173,0.962709
4176,0.964245
4180,0.961261
4181,0.966253
4182,0.967092
4184,0.0598556
4185,0.00766977
4188,0.00819032
4199,0.00147279
4200,0.00392869
4202,0.00163234
4205,0.0285309
4208,0.0239672
4209,0.00705776
4210,0.0452717
4211,0.000513491
4215,0.01369
4216,0.387766
4220,0.000388267
4221,0.00140834
4224,0.0124072
4225,0.00881293
4228,0.00260168
4229,0.00326416
4231,0.0123575
4232,0.000194795
4233,0.00194201
4236,0.00363188
4239,0.00112153
4240,0.0157812
4242,0.0127029
4244,0.0327495
4245,0.0013311
4246,0.036062
4249,0.285327
4250,0.859565
4254,0.844081
4255,0.0170651
4258,0.826717
4261,0.866763
4263,0.859988
4264,0.839908
4265,0.850338
4267,0.827031
4269,0.854849
4270,0.825612
4274,0.866795
4276,0.0262529
4279,0.00695161
4281,0.0133733
4283,0.993548
4284,0.996046
4286,0.00520893
4289,0.0745089
4293,0.0851126
4294,0.000941529
4296,0.00226607
4297,0.0403299
4301,0.0019823
4306,0.000635074
4308,0.000786868
4310,0.0444848
4312,0.0286408
4313,0.0111791
4315,0.00694754
4319,0.669423
4320,0.624251
4325,0.00844416
4328,0.00263477
4335,0.0075257
4338,0.175947
4340,0.0113644
4341,0.020098
4342,0.000412978
4344,0.11068
4348,0.915554
4351,0.883926
4355,0.89516
4356,0.890057
4359,0.893423
4360,0.0165539
4363,0.889969
4365,0.900965
4366,0.910732
4368,0.881717
4370,0.891632
4372,0.840006
4373,0.834449
4375,0.857586
4377,0.835909
4378,0.821865
4380,0.814526
4381,0.862435
4383,0.757724
4384,0.782961
4386,0.811804
4390,0.000516732
4394,0.00549192
4395,0.0546247
4396,0.00478927
4397,0.675787
4398,0.0368166
4401,0.00439102
4404,0.00203417
4406,0.00101005
4407,0.00128609
4409,0.000946008
4410,0.00221174
4411,0.0172915
4412,0.00228191
4414,0.000638318
4421,0.0199145
4423,0.00145096
4424,0.11086
4426,0.0389542
4427,0.0321577
4434,0.000564729
4435,0.00540916
4437,0.00124095
4439,0.179964
4446,0.195086
4448,0.0261954
4450,0.0230119
4461,0.653366
4462,0.00107511
4463,0.375621
4464,0.0242355
4465,0.0190324
4466,0.00855596
4467,0.00952375
4468,0.250518
4474,0.608334
4476,0.652935
4477,0.668729
4478,0.633359
4484,0.00206153
4485,0.0154862
4496,0.994153
4499,0.0245652
4500,0.00117138
4502,0.00625263
4506,0.642909
4507,0.634144
4512,0.696384
4513,0.749619
4516,0.792875
4519,0.832314
4521,0.817947
4527,0.903572
4528,0.830864
4529,0.895809
4533,0.864127
4534,0.831282
4535,0.864349
4536,0.882236
4537,0.934761
4538,0.930216
4539,0.927869
4541,0.879659
4547,0.92378
4550,0.95958
4551,0.947659
4555,0.956952
4556,0.948786
4562,0.631763
4563,0.2246
4564,0.00125815
4568,0.00145224
4574,0.0110221
4575,0.000725995
4579,0.0192032
4588,0.00385312
4602,0.000158575
4605,0.00445271
4607,0.98027
4608,0.00539478
4611,0.33013
4614,0.485984
4615,0.00109373
4617,0.0108675
4619,0.00635698
4620,0.00231456
4623,0.00198299
4625,0.000116013
4626,0.00522373
4629,0.0440338
4630,0.0860241
4631,0.000538981
4641,0.0271365
4651,0.000122105
4654,0.0015377
4656,0.0237702
4660,0.0138912
4662,0.536343
4665,0.976738
4666,0.978712
4667,0.979959
4670,0.969157
4671,0.0215808
4672,0.0279166
4673,0.00651544
4674,0.158392
4675,0.00127415
4676,0.0011445
4677,0.00105321
4678,0.000647968
4682,0.000730896
4686,0.000452602
4689,0.0121636
4696,0.00294685
4698,0.0018236
4701,0.0166171
4702,0.0151622
4704,0.00776761
4707,0.667814
4711,0.000403747
4712,0.000109756
4715,0.010522
4718,0.00479748
4721,0.0163276
4727,0.00232514
4728,0.0583501
4731,0.0143431
4735,0.00285427
4736,0.0469723
4740,0.238829
4743,0.00167192
4745,0.0485029
4747,0.00114285
4751,0.0153332
4752,0.012405
4755,0.00783968
4757,0.00328046
4758,0.0122482
4761,0.00537103
4762,0.00523029
4767,0.014287
4768,0.00339812
4769,0.000335351
4770,0.0175141
4782,0.0070834
4783,0.0443955
4785,0.0412043
4786,0.000653601
4789,0.00195896
4792,8.35801e-05
4805,0.00131235
4807,0.0652771
4808,0.000495484
4811,0.0152249
4813,0.00620893
4815,0.000844466
4816,0.0115488
4821,0.000405255
4823,0.295029
4826,0.0534228
4829,0.0156832
4835,0.0516418
4836,0.308035
4838,0.000999487
4847,0.0185619
4850,0.00434165
4852,0.00244642
4853,0.060593
4855,0.000573307
4858,0.00983964
4860,0.461877
4862,0.997179
4865,0.997235
4867,0.0199955
4869,0.000617583
4870,0.0624328
4876,0.0117839
4877,0.00303834
4882,0.00115425
4885,0.146332
4886,0.00298983
4888,0.0559518
4895,0.00221715
4897,0.0239101
4898,0.00388852
4899,0.00260237
4900,0.00366251
4904,0.140776
4905,0.0186365
4907,0.0637517
4909,0.002943
4910,0.0193119
4911,0.997233
4912,0.996625
4915,0.0137814
4916,0.0118346
4917,0.301045
4919,0.160619
4922,0.000918438
4925,0.0714676
4928,0.00206535
4929,0.0555753
4931,0.00271693
4933,0.0817775
4935,0.000589567
4936,0.005593
4937,0.000471248
4939,0.0100839
4940,0.00265525
4941,0.00297565
4942,0.00638159
4944,0.130741
4946,0.122935
4947,0.0935758
4948,0.401197
4954,0.0154364
4955,0.0534267
4957,0.00642709
4958,0.00018291
4962,0.00413585
4963,0.176795
4966,0.288297
4967,0.0208095
4969,0.0190032
4970,0.0554932
4971,0.00612853
4974,0.00699772
4979,0.00250911
4980,0.0567258
4982,0.00647345
4987,0.0409512
4990,0.0147359
4991,0.00758206
4992,0.00478845
4993,0.0238253
4994,0.0223776
4995,0.0635002
4997,0.0447373
4999,0.0137117
5000,0.00383339
5001,0.154762
5002,0.0297665
5005,0.000381297
5010,0.0507962
5011,0.0164289
5014,0.0167254
5015,0.00706394
5016,0.00772761
5017,0.0110848
5018,0.00154667
5019,0.00509675
5020,0.00269089
5021,0.00904968
5022,0.00770148
5023,0.218718
5024,0.00101726
5025,0.000929036
5026,0.00583082
5027,0.0454597
5028,0.00686106
5030,0.0246737
5031,0.00173512
5032,0.00282632
5033,0.00270315
5034,0.0693681
5039,0.0291319
5040,0.0146887
5041,0.0843088
5042,0.00932258
5045,0.0192946
5046,0.00131086
5049,0.00462755
5050,0.0409082
5054,0.00285289
5057,0.00586254
5060,0.0105216
5061,0.0119109
5063,0.996663
5064,0.997391
5065,0.997048
5068,0.0839972
5070,0.198423
5071,0.99739
5076,0.00394668
5077,0.00444301
5079,0.111669
5080,0.0157527
5083,0.0042241
5085,0.35548
5087,0.00939363
5089,0.00847555
5090,0.355278
5091,0.142819
5095,0.00784064
5097,0.0738757
5098,0.136451
5101,0.00355634
5102,0.0834365
5103,0.00274376
5105,0.333683
5109,0.0149878
5112,0.00228203
5115,0.0585993
5121,0.993382
5122,0.0118401
5123,0.0174746
5126,0.000875311
5127,0.0184055
5130,0.997667
5131,0.000389784
5137,0.178595
5139,0.294191
5141,0.229391
5143,0.189572
5144,0.0010243
5146,0.178651
5148,0.157048
5149,0.214117
5151,0.149714
5154,0.00448634
5156,0.0190374
5157,0.0829688
5159,0.0201467
5160,0.270762
5166,0.00084706
5169,0.00248728
5170,0.0446519
5172,0.010677
5174,0.17803
5177,0.000547155
5179,0.0410863
5182,0.00119253
5183,0.130739
5187,0.00221242
5188,0.0150255
5190,0.998331
5192,0.0488908
5195,0.997516
5200,0.022513
5201,0.134924
5202,0.000639285
5203,0.0040707
5205,0.00336035
5206,0.114025
5207,0.0112007
5217,0.016465
5218,8.54829e-05
5220,0.00760819
5221,0.0931167
5224,0.00144907
5225,0.997512
5227,0.00456583
5229,0.00388355
5230,0.031271
5232,0.132654
5233,0.0154344
5235,0.00236411
5236,0.0102618
5239,0.00340939
5241,0.300955
5242,0.00294176
5244,0.0231512
5246,0.0429685
5247,0.0650769
5250,0.000594117
5251,0.997789
5252,0.997295
5255,0.00097272
5256,0.00349387
5257,0.00106167
5260,0.0660336
5261,0.0380705
5262,0.0241446
5264,0.0287035
5267,0.00201687
5268,0.00151801
5270,0.00818707
5273,0.0538329
5275,0.000390637
5277,0.0577122
5279,0.0245042
5282,0.159115
5287,0.0107023
5290,0.000514341
5291,0.206015
5293,0.00305855
5297,0.23128
5298,0.035301
5299,0.0180221
5300,0.0146414
5302,0.0136543
5305,0.004487
5311,0.00959509
5312,0.000184911
5313,0.0488931
5314,0.0362374
5315,0.0260208
5316,0.0065801
5319,0.00771705
5321,0.00213411
5323,0.00925124
5326,0.0149496
5327,0.000727635
5328,0.00223958
5329,0.0359005
5331,0.00154162
5334,0.191611
5335,0.0231089
5337,0.0520225
5340,0.00333656
5342,0.01397
5344,0.00197005
5345,0.0494123
5346,0.0684509
5348,0.00138143
5349,0.0456684
5351,0.0941874
5353,0.00803976
5354,7.7023e-05
5357,0.00190178
5359,0.00114969
5362,0.209871
5363,0.00452803
5364,0.00128789
5366,0.118278
5369,0.00612038
5371,0.00495637
5372,0.00789191
5382,0.0751696
5384,0.00155777
5385,0.0446012
5388,0.0183688
5389,0.0314535
5390,0.072146
5391,0.00509086
5392,0.0108033
5393,0.00852396
5396,0.997726
5398,0.997861
5399,0.99824
5401,0.997826
5402,0.998164
5406,0.997783
5409,0.0750288
5422,0.0175144
5424,0.0171732
5427,0.00570649
5428,0.026007
5431,0.99777
5433,0.00164538
5434,0.00173037
5435,0.00401884
5438,0.00494754
5439,0.00614142
5444,0.000984814
5445,0.0669092
5446,0.0252878
5448,0.015717
5450,0.00163828
5453,0.0395211
5455,0.0569265
5457,0.00198105
5459,0.0436591
5461,0.015569
5463,0.00852559
5464,0.00546555
5465,0.0243293
5467,0.0524273
5469,0.0250405
5470,0.0589091
5471,0.017925
5472,0.0223792
5473,0.00168134
5475,0.00100597
5478,0.0207883
5479,0.000882964
5480,0.0151436
5484,0.00267911
5486,7.72132e-06
5487,0.00506102
5489,0.0379054
5492,0.0260032
5494,0.0136306
5495,0.00258968
5501,0.000746055
5502,0.00175988
5503,0.000786087
5507,0.00489459
5508,0.0007912
5511,0.0305852
5515,0.00172273
5519,0.00660213
5522,0.00098165
5524,0.00151307
5525,0.0199849
5527,0.00159462
5531,0.00614556
5533,0.025967
5534,0.06394
5535,0.0158158
5536,0.000914922
5543,0.0390012
5545,0.0063565
5547,0.00348248
5548,0.022055
5549,0.00251475
5550,0.0164113
5551,0.000932586
5552,0.00237016
5553,0.0063887
5554,0.0014354
5556,0.0923619
5557,0.151114
5559,0.000698308
5560,0.00729424
5561,0.00681389
5562,0.00542176
5563,0.0253697
5567,0.00471587
5571,0.00162235
5575,0.343221
5582,0.0970091
5585,0.997894
5588,0.421057
5593,0.00293493
5594,0.000674255
5595,0.00673869
5596,0.009992
5597,0.0113889
5598,0.00179997
5607,0.0116178
5610,0.0221485
5612,0.00166561
5619,0.0740079
5622,0.0164319
5624,0.00447689
5625,0.0322816
5626,0.00153108
5628,0.0532004
5630,0.00682457
5631,0.0655056
5636,0.0791829
5637,0.716313
5638,0.0120747
5639,0.00636596
5642,0.0446874
5645,0.0155724
5646,0.00892415
5647,0.0227854
5650,0.00698378
5652,0.163567
5653,0.0532006
5654,0.0576032
5655,0.0498763
5658,0.00876629
5659,0.00187909
5660,0.0113258
5661,0.00441198
5664,0.0169238
5665,0.0163384
5667,0.0199075
5669,0.00268811
5670,0.267488
5672,0.0276242
5673,0.0121606
5675,0.00105689
5676,3.09962e-05
5677,0.0215063
5679,0.0674947
5680,0.0111129
5685,0.00413314
5686,0.00769
5687,7.35661e-05
5692,0.0889133
5693,0.00419705
5695,0.796299
5699,0.00205698
5700,0.000409554
5701,0.0531138
5707,0.0401756
5708,0.0218034
5714,0.000584078
5716,0.0666979
5717,0.00151392
5718,0.000845698
5720,0.00799044
5725,0.0817865
5726,0.00335248
5728,0.00594875
5730,0.0632241
5731,0.000323878
5732,0.00958009
5734,0.00113738
5735,0.00879634
5736,0.0169094
5740,0.00193202
5758,0.0342824
5767,0.12539
5769,0.00181377
5771,0.00849867
5774,0.00115353
5775,0.00239346
5776,0.0153916
5777,0.000690871
5778,0.0284747
5782,0.0614321
5784,0.00535417
5786,0.171074
5791,0.000739464
5794,0.000582782
5795,0.0849647
5797,0.00143582
5802,0.00746842
5803,0.996773
5804,0.00480271
5810,0.995936
5812,0.00778255
5815,0.993323
5816,0.994214
5821,0.00395873
5827,0.0107759
5828,0.0007872
5833,0.0352391
5836,0.215985
5839,0.0110714
5845,0.073309
5850,0.0414051
5852,0.000786485
5853,0.0017363
5856,0.0391891
5858,0.00388322
5863,0.00581084
5867,0.040939
5870,0.00467463
5876,0.010682
5877,0.024132
5879,0.0221126
5880,0.0149185
5881,0.00511337
5883,0.0449161
5884,0.191209
5885,0.00368874
5886,0.00345092
5891,0.0567672
5892,0.00588485
5893,0.0211047
5894,0.00593369
5895,0.00101841
5900,0.163891
5905,0.0482303
5906,0.0166878
5912,0.00230653
5913,0.000668701
5919,0.0231924
5920,0.000185927
5922,0.000400411
5923,0.0840788
5928,0.00177167
5929,0.0148744
5930,0.00174668
5932,0.0148449
5935,0.000365861
5936,0.00771048
5939,0.0211385
5940,0.00624846
5942,0.00265858
5944,0.164797
5945,0.000606932
5946,0.159957
5947,0.000679415
5948,0.0155333
5954,0.00304545
5955,0.0914021
5956,0.0311606
5958,0.138538
5961,0.00509255
5962,0.000211448
5963,0.0303719
5965,0.00903317
5972,0.0010263
5974,0.0306511
5977,0.00118287
5980,0.00306469
5982,0.000926905
5983,0.0561778
5984,0.0505749
5985,0.00591322
5987,0.00442765
5988,0.000334507
5989,0.00135043
5991,0.448166
5994,0.00323239
5996,0.255814
5997,0.00816459
5998,0.0174345
5999,0.00222205
6000,3.905e-05
6003,0.0051583
6007,0.00187275
6009,0.0345194
6012,0.0267086
6013,0.00615501
6015,0.0114964
6016,0.00261153
6018,0.0147117
6019,0.305137
6023,0.996313
6024,0.99688
6025,0.995555
6026,0.000381991
6027,0.034758
6029,0.00169095
6032,0.0219035
6033,0.00197516
6037,0.0216418
6039,0.0105927
6040,0.00400506
6047,0.0297903
6048,0.0241635
6050,0.0353628
6051,0.994549
6052,0.121623
6059,0.017505
6060,0.0163435
6061,0.0293426
6063,0.729574
6067,0.0125241
6069,0.0422796
6073,0.0021887
6075,0.000183881
6076,0.00934417
6079,0.00116711
6082,0.121358
6084,0.0520534
6087,0.00219319
6089,0.0485694
6091,0.0139741
6094,0.017752
6095,0.00570218
6096,0.0129103
6098,0.0478965
6100,0.0172347
6101,0.996726
6103,0.994132
6104,0.00193542
6105,0.994924
6106,0.0136179
6107,0.0170728
6108,0.00754779
6109,0.0778884
6110,0.0319695
6111,0.00195059
6112,0.00298116
6115,0.00918379
6120,0.00230523
6121,0.0563294
6123,0.00780306
6125,0.0640411
6126,0.00582254
6127,0.00631256
6129,0.0346425
6133,0.0903971
6134,0.0347548
6135,0.0379721
6138,0.00790875
6141,0.010514
6142,0.0601925
6146,0.00312452
6148,0.016185
6153,0.00576924
6154,0.0499959
6155,0.00387345
6156,0.971447
6157,0.0101828
6158,0.000773624
6159,0.0111747
6160,0.00481066
6161,0.000603757
6163,0.00909673
6165,0.0352647
6167,0.127552
6168,0.00485227
6169,0.0412764
6172,0.00745375
6176,0.0958174
6177,0.00113308
6178,0.00220931
6180,0.00901921
6183,0.000957754
6188,0.037641
6189,0.00280742
6190,0.0760758
6191,0.00151998
6196,0.00161507
6197,0.0450311
6203,0.00487068
6207,0.259624
6208,0.00102706
6211,0.01177
6213,0.00384626
6214,0.00959564
6217,0.0181728
6218,0.023326
6219,0.000988305
6223,0.0937309
6227,0.00300977
6229,0.0141596
6231,0.00664267
6236,0.000478889
6238,0.0739655
6239,0.00399015
6240,0.00276826
6242,0.00131543
6245,0.000853157
6249,0.0406879
6250,0.00205885
6251,0.0533437
6253,0.00920956
6254,0.0118126
6256,0.0122473
6260,0.0787005
6261,0.0270936
6263,0.99549
6264,0.994243
6268,0.00332597
6270,0.00145262
6272,0.0077721
6276,0.00176307
6277,0.0919318
6278,0.143958
6279,0.0346648
6285,0.00490768
6286,0.000806163
6287,0.000612416
6289,0.000880262
6290,0.00277928
6291,0.104641
6292,0.00786096
6294,0.137419
6295,0.00303258
6296,0.0107064
6297,0.0944548
6298,0.0178249
6301,0.0106737
6302,0.00322072
6303,0.00275495
6305,0.0273994
6306,0.0212213
6309,0.00164036
6310,0.0146215
6313,0.00502568
6317,0.00224681
6319,0.0986522
6320,0.14743
6321,0.0110628
6326,0.00253242
6329,0.00410138
6330,0.00805528
6331,0.0243036
6334,0.00734925
6335,0.0204099
6336,0.322502
6338,0.0184147
6339,0.194662
6340,0.0842454
6341,0.0123896
6342,0.00395234
6345,0.000836212
6348,0.0476267
6356,0.0355514
6358,0.0104397
6359,0.108014
6362,0.0305481
6364,0.010133
6365,0.00877315
6366,0.00329514
6371,0.0194306
6373,0.110054
6377,0.0369039
6379,0.000615078
6380,0.00930122
6383,0.00388056
6386,0.111606
6389,0.475876
6390,0.00145287
6393,0.00318507
6394,0.000940903
6395,0.185183
6396,0.203937
6397,0.151909
6399,0.104461
6400,0.00499878
6401,0.0552376
6405,0.00195194
6407,0.197554
6409,0.0111352
6411,0.0447019
6413,0.0204662
6414,0.00143302
6416,0.0716523
6417,0.00203638
6420,0.00294783
6421,0.000756436
6435,0.0190979
6436,0.00356308
6438,0.0111688
6439,0.0036657
6441,0.0363926
6443,0.00492208
6444,0.0111081
6445,0.000193223
6446,0.00676753
6447,0.00320819
6451,0.000922071
6452,0.00143167
6455,0.00128151
6457,0.00853052
6458,0.401895
6459,0.0812248
6462,0.00644416
6466,0.00634581
6467,0.0109968
6468,0.0101744
6471,0.0409352
6474,0.00154975
6475,0.00260573
6476,0.0987369
6478,0.0030849
6480,0.00152113
6483,0.091287
6484,0.00417121
6485,0.0321923
6487,0.134464
6490,0.0170836
6494,0.0034784
6499,0.0656474
6500,0.0622198
6501,0.00112814
6502,0.0617421
6503,0.0614387
6504,0.026367
6505,0.00352302
6507,0.00387303
6509,0.0140619
6511,0.00278815
6513,0.00737168
6515,0.0210415
6516,0.0624301
6517,0.124911
6520,0.0521655
6523,0.00613139
6528,0.00291096
6530,0.000381717
6532,0.0385693
6533,0.0043362
6535,0.00576295
6536,0.00110277
6539,0.003381
6542,0.0328086
6543,0.0630044
6545,0.000560635
6550,0.0450401
6552,0.0716891
6553,0.0033953
6556,0.206312
6558,0.00834018
6560,0.00747929
6561,0.00676585
6564,0.000527327
6565,0.119539
6574,0.0143299
6577,0.00961541
6581,0.0343802
6582,0.564619
6583,0.160998
6585,0.00528826
6586,0.000600253
6587,0.00077127
6589,0.0799103
6591,0.0119335
6593,0.00177138
6597,0.00156983
6598,0.0202676
6600,0.0707613
6602,0.00476524
6604,0.00972174
6605,0.0875441
6606,0.00278532
6607,0.0155067
6608,0.00137545
6611,0.0388491
6612,0.00189295
6613,0.00352484
6614,0.0567889
6615,0.152043
6617,0.0258844
6620,0.00520615
6621,0.0036997
6624,0.0269743
6628,0.00458113
6630,0.0414746
6631,0.416501
6634,0.0041689
6635,0.00585109
6637,0.006574
6638,0.00235953
6641,0.00257372
6642,0.00617367
6643,0.0044994
6647,0.00325389
6648,0.0838434
6649,0.0172065
6650,0.00866414
6652,0.017814
6654,0.00164205
6657,0.00863384
6658,0.00234916
6659,0.0128543
6660,0.00136282
6661,0.0301287
6664,0.0128972
6669,0.00393528
6672,0.200161
6674,0.00153524
6679,0.112676
6684,0.000726921
6688,0.0197037
6689,0.00124954
6691,0.00743404
6693,0.022179
6694,0.0126252
6700,0.0137855
6701,0.0161456
6702,0.0183174
6704,0.00407841
6706,0.00110002
6710,0.0210582
6711,0.0343819
6713,0.00563948
6714,0.00640634
6715,0.00705278
6716,0.0125993
6724,0.0119304
6727,0.011079
6729,0.213648
6731,0.00226927
6733,0.529435
6734,0.0143826
6735,0.0244601
6736,0.0913542
6737,0.00860039
6738,0.314474
6740,0.00810467
6742,0.0972975
6744,0.0050214
6746,0.00532829
6747,0.0177725
6749,0.00249354
6750,0.0137067
6753,0.00290181
6754,0.165537
6755,0.000125257
6756,0.0359247
6758,0.0219837
6759,0.0142324
6761,0.00132863
6762,0.00192331
6763,0.0456421
6766,0.000133513
6767,0.0054187
6770,0.995248
6775,0.0527818
6779,0.00414063
6780,0.0235514
6782,0.0643178
6783,0.00868383
6786,0.0011086
6787,0.00266775
6791,0.0303452
6793,0.104806
6796,0.000133699
6798,0.376001
6799,0.272596
6800,0.31545
6803,0.0168758
6806,0.00394044
6807,0.00258171
6810,0.0407615
6811,0.106501
6813,0.000899643
6817,0.020524
6819,0.00272038
6822,0.0209592
6823,0.013269
6824,0.115012
6825,0.000550853
6826,0.00533651
6827,0.108784
6830,0.0182264
6834,0.0914078
6835,0.00169342
6836,0.000401516
6842,0.68429
6843,0.994964
6846,0.00100571
6847,0.00161003
6850,0.0338436
6855,0.00179181
6856,0.000575231
6857,0.0969445
6858,0.00355976
6860,0.0189109
6861,0.0124244
6863,0.00709814
6868,0.00270966
6869,0.00111244
6871,0.0921667
6873,0.000350559
6874,0.00283714
6875,0.027852
6879,0.00753933
6882,0.022423
6883,0.00586525
6884,0.00137726
6886,0.00597667
6887,0.157594
6891,0.51166
6892,0.069827
6893,0.00151392
6896,0.00225678
6898,0.0465143
6899,0.0133817
6900,0.0471185
6904,0.00621455
6905,0.000805828
6906,0.00581241
6907,0.725893
6908,0.0673854
6910,0.171986
6912,0.0131338
6915,0.00602085
6916,0.0114252
6921,0.167756
6922,0.0264566
6927,0.0335875
6928,0.00816601
6929,0.0183136
6930,0.0319623
6932,3.91468e-05
6933,0.0136709
6937,0.00534219
6939,0.000818527
6942,0.0191813
6943,0.00355564
6944,0.0017541
6945,0.00127284
6947,0.990888
6948,0.98976
6951,0.00960883
6952,0.00826402
6955,0.00327843
6956,0.000558643
6959,0.0531502
6962,0.0472673
6966,0.00307034
6967,0.0281134
6968,0.00127905
6970,0.0028148
6971,0.032536
6972,0.017168
6973,0.001237
6974,0.0623651
6976,0.0100814
6977,0.00150076
6978,0.00118034
6979,0.113435
6982,0.00444482
6983,0.00292042
6988,0.00681724
6993,0.00387811
6995,0.110262
6996,0.0034922
6998,0.0829876
6999,0.0235112
7001,0.0555843
7004,0.00163031
7007,0.0023784
7008,0.00287175
7011,0.00439922
7012,0.00430403
7013,0.0171617
7014,0.00259096
7016,0.0175968
7017,0.00363813
7018,0.00555989
7019,0.0347059
7022,0.00455493
7024,0.0436582
7029,0.0223063
7030,0.0436368
7031,0.000404539
7032,0.00489201
7034,0.00150624
7037,0.0111374
7038,0.0413057
7039,0.02428
7040,0.0147343
7042,0.256108
7044,0.00101082
7045,0.0129069
7046,0.0646365
7048,0.00304062
7054,0.0134964
7056,0.01672
7059,0.020649
7061,0.0116883
7062,0.00651861
7064,0.00515527
7065,0.105005
7066,0.00104016
7068,0.988452
7073,0.000831504
7076,0.206543
7077,0.00139723
7079,0.000827607
7081,0.0116613
7083,0.21519
7085,0.00977485
7086,0.00138605
7087,0.00124398
7088,0.0146319
7091,0.0625515
7093,0.000559959
7094,0.00143693
7095,0.00473531
7096,0.000582656
7098,0.00394386
7099,0.00204779
7105,0.248197
7108,0.0074187
7109,0.15352
7113,0.989943
7116,0.00602116
7117,0.00096837
7118,0.00169526
7120,0.000670907
7121,0.0775293
7125,0.00692616
7130,0.00177141
7131,0.0129514
7132,0.00099348
7137,0.0198932
7138,0.00291912
7142,0.0689267
7145,0.00125544
7147,0.0200109
7148,0.00214529
7149,0.0101256
7151,0.0433593
7156,0.0392131
7160,0.0207912
7161,0.000774396
7163,0.0454128
7165,0.0085286
7172,0.110061
7174,0.0113315
7175,0.0629654
7177,0.00108736
7181,0.0305264
7182,0.00899454
7184,0.004409
7187,0.00473923
7189,0.000829543
7190,0.00041587
7197,0.000383637
7199,0.00934913
7201,0.00373866
7202,0.00172358
7203,0.0030838
7206,0.00190353
7209,0.00153315
7211,0.0852974
7212,0.0484255
7213,0.00217968
7215,0.0096659
7217,0.00282585
7218,0.689855
7221,0.00269039
7223,0.00137463
7225,0.00175206
7226,0.00818176
7227,0.0834071
7229,0.00228709
7231,0.569956
7234,0.00331039
7235,0.00741031
7238,0.021972
7239,0.00634198
7240,0.0177895
7245,0.000462758
7246,0.0209898
7248,0.00565955
7250,0.0246369
7251,0.0511961
7256,0.0534784
7257,0.559773
7258,0.0055849
7259,0.0088784
7264,0.0310617
7266,0.0375682
7267,0.00273497
7271,0.013057
7274,0.925614
7276,0.000887747
7277,0.0100072
7279,0.00185046
7280,0.00346251
7282,0.00229192
7283,0.00639551
7291,0.0661728
7295,0.00117232
7296,0.000488453
7298,0.0161758
7300,0.00159397
7302,0.000423941
7304,0.00631479
7305,0.00601747
7311,0.00268303
7315,0.000629652
7316,0.0300583
7319,0.0113315
7321,0.128365
7326,0.0301864
7328,0.115331
7331,0.0653035
7332,0.0132794
7333,0.0536372
7334,0.0605566
7336,0.0166484
7337,0.107899
7338,0.00304901
7339,0.00051425
7340,0.0146255
7341,0.00627004
7343,0.00147623
7344,0.00184986
7346,0.0746784
7347,0.0110776
7349,0.012021
7351,0.258364
7352,0.00218903
7353,0.928537
7354,0.119122
7356,0.033259
7360,0.258603
7364,0.704833
7365,0.0154543
7366,0.00271479
7367,0.0383311
7368,0.00765265
7372,0.00314975
7373,0.00146738
7374,0.10826
7376,0.0117342
7380,0.0999009
7383,0.0361054
7384,0.0128605
7385,0.00502444
7389,0.00528759
7392,0.0464613
7393,0.0213811
7395,0.18852
7396,0.000862441
7399,0.106076
7400,0.0404158
7403,0.00437827
7405,0.0247317
7406,0.230028
7410,0.00176136
7411,0.0148701
7417,0.0266625
7419,0.0430509
7421,0.00305624
7424,0.020297
7425,0.00910893
7429,0.00349079
7430,0.0737157
7432,0.0150095
7434,0.0026659
7439,0.000886494
7441,0.0123647
7447,0.000794733
7448,0.0250657
7449,0.100997
7451,0.190578
7452,0.368011
7453,0.0124732
7455,0.0575955
7456,0.00884234
7458,0.00307926
7459,0.00950318
7460,0.00704071
7461,0.228192
7463,0.0382838
7465,0.0464654
7469,0.23656
7471,0.00102086
7472,0.00114975
7475,0.0266314
7477,0.0125993
7478,0.0439036
7479,0.00305902
7482,0.0134195
7483,0.00763034
7484,0.0315206
7485,0.0110108
7486,0.00101634
7487,0.00101111
7488,0.00975917
7489,0.00350319
7491,0.0024162
7492,0.0112882
7496,0.03864
7501,0.0460827
7502,0.00120144
7503,0.016557
7506,0.00247083
7507,0.121368
7508,0.0035126
7514,0.027108
7520,0.0122801
7522,0.00400441
7526,0.00155044
7528,0.00999573
7529,0.00226126
7530,0.0240593
7535,0.00957214
7536,0.000328507
7537,0.0059868
7538,0.00663594
7540,0.0180021
7541,0.00440584
7544,0.0331987
7545,0.127108
7546,0.00837024
7549,0.00194638
7550,0.00312849
7551,0.027755
7554,0.0968375
7556,0.0062269
7557,0.060589
7558,0.00103988
7559,0.0145175
7564,0.0641794
7565,0.00532531
7566,0.00634958
7569,0.149186
7570,0.0187325
7571,0.163756
7572,0.0866908
7573,0.0101074
7574,0.0305076
7576,0.161955
7579,0.00772715
7580,0.0146404
7581,0.00971028
7584,0.00183017
7586,0.00285956
7588,0.0151212
7589,0.00101336
7591,0.00838313
7596,0.00717976
7598,0.0106647
7599,0.0153845
7602,0.00318049
7604,0.289761
7605,0.0216994
7609,0.00673576
7612,0.0104687
7615,0.00616031
7624,0.000834785
7626,0.00304613
7627,0.000749672
7628,0.00396977
7630,0.01713
7636,0.0259521
7637,0.0140521
7640,0.00107619
7641,0.00160523
7642,0.00971732
7645,0.118223
7646,0.0722307
7650,0.00358738
7651,0.00996024
7652,0.00869906
7653,0.00285593
7656,0.00431378
7658,0.0125876
7659,0.00542558
7661,0.000667442
7662,0.00282997
7663,0.000202122
7664,0.262878
7665,0.579901
7666,0.0398883
7667,0.244833
7669,0.0241783
7671,0.00379109
7672,0.0431929
7674,0.00514472
7675,0.00425228
7677,0.0538396
7678,0.0269428
7679,0.00327103
7680,0.00214187
7681,0.00466258
7686,0.00173552
7687,0.13195
7688,0.00327389
7690,0.000418233
7691,0.00380788
7694,0.00184458
7695,0.111539
7698,0.0860763
7699,0.000410803
7701,0.00500475
7702,0.00349332
7703,0.00396473
7704,0.00979683
7705,0.0639961
7711,0.185177
7715,0.0173446
7719,0.11256
7724,0.124706
7729,0.0107212
7732,0.175514
7734,0.00318894
7735,0.00251434
7736,0.0815451
7740,0.00137329
7743,0.00471974
7747,0.0178155
7748,0.00259289
7750,0.00407808
7751,0.00539684
7752,0.00130277
7755,0.0011775
7756,0.00185092
7759,0.000462496
7760,0.0226602
7762,0.00849293
7766,0.0426499
7767,0.00163904
7768,0.00278534
7769,0.00175827
7770,0.00136919
7772,0.0550149
7773,0.0145808
7774,0.0280686
7775,0.00131958
7776,0.448582
7779,0.0206396
7780,0.0409133
7781,0.127587
7782,0.00200554
7783,0.0194509
7784,0.010519
7785,0.0235647
7787,0.000231165
7791,0.00515865
7792,0.0123135
7800,0.127024
7806,0.172088
7808,0.0012501
7809,0.00411611
7813,0.00768106
7815,0.194029
7820,0.00393554
7821,0.312911
7828,0.031113
7829,0.0161562
7830,0.0114578
7832,0.00124693
7834,0.019569
7835,0.00876757
7836,0.0269738
7843,0.0011205
7845,0.0192751
7846,0.0293309
7847,0.0451938
7848,0.00212676
7849,0.000589943
7851,0.00227329
7852,0.149433
7856,0.00199589
7857,0.0261354
7860,0.00439064
7862,0.00510319
7863,0.0788155
7865,0.00601732
7866,0.00389671
7869,0.0424507
7872,0.0185955
7873,0.00527332
7875,0.0017135
7876,0.000489007
7877,0.00461863
7878,0.0780614
7880,0.00382234
7882,0.0451648
7883,0.0482438
7887,0.000737695
7888,0.0133936
7890,0.028123
7893,0.0097091
7895,0.0081886
7896,0.00999519
7898,0.0442475
7899,0.0110865
7900,0.0300829
7901,0.0293707
7902,0.0195955
7905,0.0069517
7909,0.00349022
7910,0.0195501
7912,0.00880393
7914,0.1078
7916,0.0576818
7918,0.000217915
7921,0.0727637
7922,0.0688137
7923,0.00366297
7924,0.00263327
7925,0.0188809
7926,0.0125771
7927,0.0505573
7929,0.00855755
7930,0.0100701
7931,0.00852122
7933,0.000205628
7934,0.00274474
7935,0.0131387
7938,0.0266509
7939,0.0524182
7943,0.0215809
7945,0.00166593
7948,0.168623
7949,0.0122641
7950,0.0109227
7952,0.00871838
7953,0.102812
7958,0.00582135
7960,0.0101681
7961,0.0557999
7962,0.0127845
7963,0.00400369
7964,0.108504
7965,0.0330124
7967,0.0124368
7968,0.0223025
7969,0.0171273
7973,0.0221598
7974,0.00926425
7978,0.046064
7980,0.0593716
7981,0.00632153
7985,0.463391
7987,0.000794326
7990,0.00391083
7991,0.123412
7992,0.0627588
7994,0.0458766
7995,0.0199353
7996,0.00451048
7997,0.308683
7999,0.226003
8000,0.00510948
8001,0.00412394
8002,0.00857507
8004,0.00191848
8013,0.00365662
8017,0.0126244
8018,0.00251017
8020,0.00592949
8022,0.0303192
8023,0.00381163
8024,0.00245286
8025,0.0028575
8026,0.0615948
8029,0.00168527
8032,0.0572838
8035,0.00401008
8041,0.194118
8042,0.00475604
8044,0.0174548
8046,0.00375104
8047,0.00875381
8048,0.0041134
8051,0.0183531
8052,0.074577
8053,0.250944
8055,0.00256385
8056,0.00755412
8059,0.000507648
8060,0.00183064
8062,0.00168703
8064,0.00187447
8065,0.00679576
8066,0.0108815
8067,0.00312206
8068,0.00461264
8069,6.39806e-05
8070,0.0058328
8073,0.000872994
8074,0.00217429
8076,0.00160042
8077,0.00129047
8078,0.0744288
8079,0.0504986
8080,0.0046753
8081,0.0151224
8083,0.0172633
8088,0.115598
8089,0.0156884
8090,0.000700071
8091,0.00252832
8096,0.0191051
8103,0.00253379
8104,0.0161005
8106,0.295787
8107,0.0116093
8109,0.0068372
8111,0.416523
8112,0.222364
8113,0.335382
8115,0.000825843
8116,0.00133821
8119,0.00195618
8120,0.583835
8121,0.0675901
8122,0.000432559
8123,0.0218999
8124,8.28555e-05
8126,0.0128412
8127,0.00191371
8128,0.00288996
8129,0.00105702
8130,0.284181
8134,0.699273
8136,0.00548408
8139,0.0187023
8140,0.00545366
8141,0.00441279
8142,0.0057303
8144,0.00177833
8145,0.00817877
8148,0.0014793
8151,0.00395373
8156,0.520406
8157,0.108697
8160,0.00127152
8162,0.0389301
8164,0.981043
8168,0.253472
8169,0.000669667
8170,0.297259
8172,0.104751
8173,0.000845325
8175,0.00226254
8177,0.0038336
8179,0.014222
8181,0.357482
8184,0.00233398
8186,0.00580287
8193,0.0187513
8207,0.0036621
8208,0.000676257
8209,0.000816067
8211,0.00384044
8214,0.00580365
8234,0.488782
8235,0.00868661
8236,0.00080599
8237,0.252804
8243,0.00818171
8248,0.155005
8252,0.257926
8253,0.00647695
8256,0.0130244
8263,0.0180564
8267,0.033079
8268,0.0101945
8269,0.00498856
8273,0.259505
8276,0.00155503
8280,0.00155545
8288,0.00559022
8302,0.00951999
8304,0.414433
8314,0.000442674
8319,0.0109663
8327,0.978169
8330,0.974026
8334,0.986298
8336,0.98707
8337,0.984447
8340,0.981166
8341,0.97248
8343,0.975587
8344,0.976511
8345,0.00432408
8347,0.107733
8350,0.00348977
8353,0.982646
8354,0.985392
8355,0.98069
8357,0.981785
8359,0.774869
8360,0.98281
8369,0.976056
8371,0.974629
8372,0.97445
8373,0.978853
8376,0.971123
8377,0.969018
8384,0.0011514
8385,0.00256965
8387,0.00103355
8389,0.981815
8398,0.000998215
8412,0.0193524
8413,0.811267
8423,0.00249352
8424,0.0089996
8430,0.786429
8431,0.72457
8436,0.848973
8438,0.905118
8439,0.894955
8444,0.000309245
8445,0.0740913
8447,0.0395837
8449,0.0115503
8457,0.00114416
8458,0.285251
8459,0.0213796
8462,0.00445981
8467,0.00469374
8471,0.000446897
8475,0.0526324
8476,0.166146
8477,0.00423881
8479,0.0117728
8482,0.00223231
8484,0.101455
8486,0.309492
8488,0.288711
8489,0.0863614
8492,0.000928879
8494,0.00124907
8508,0.0075391
8509,0.0123867
8513,0.498901
8516,0.00374738
8521,0.359569
8523,0.0204836
8526,0.0844005
8527,0.0268687
8529,0.142373
8531,0.0185197
8533,0.3962
8534,0.739522
8540,0.115124
8543,0.0130699
8544,0.0115132
8545,0.00493752
8546,0.000182718
8552,0.000937636
8555,0.0363838
8559,0.183514
8561,0.00285325
8573,0.00819454
8576,0.518674
8587,0.00301978
8591,0.00481113
8595,0.000848954
8600,0.0012096
8612,0.74109
8614,0.812741
8615,0.846235
8619,0.0022594
8623,0.605111
8631,0.00363523
8643,0.569015
8648,0.513138
8649,0.0122458
8651,0.586756
8654,0.00066413
8657,0.00553755
8689,0.567188
8691,0.0561887
8717,0.507113
8721,0.489478
8731,0.0187692
8732,0.00414807
8741,0.00289506
8749,0.0151085
8762,0.00279095
8765,0.15123
8766,0.0292923
8767,0.00166366
8768,0.757047
8769,0.766644
8770,0.776325
8772,0.786067
8776,0.810686
8778,0.819793
8782,0.828856
8783,0.842155
8784,0.00128195
8786,0.00525502
8789,0.0013836
8792,0.011389
8795,0.000836458
8799,0.00343248
8800,0.00771414
8805,0.0596192
8815,0.408289
8826,0.00820014
8828,0.372303
8829,0.199831
8833,0.260832
8850,0.375162
8875,0.322325
8877,0.297577
8878,0.39047
8879,0.341964
8883,0.00795773
8884,0.235469
8885,0.255773
8887,0.229309
8888,0.236564
8889,0.262666
8894,0.263564
8896,0.210536
8898,0.323353
8899,0.304712
8902,0.0468896
8903,0.0203148
8909,0.000451434
8913,0.105639
8921,0.0063441
8923,0.00617453
8928,0.997401
8929,0.99661
8931,0.996898
8935,0.996963
8936,0.00546355
8937,0.996737
8940,0.0615055
8941,0.000786154
8942,0.99687
8943,0.997002
8944,0.997665
8947,0.00501091
8949,0.99681
8953,0.6436
8956,0.997721
8968,0.553679
8971,0.603729
8974,0.571073
8975,0.600296
8976,0.638744
8977,0.563629
8979,0.00336302
8980,0.00290322
8981,0.997564
8983,0.997321
8984,0.996871
8987,0.996901
8988,0.996617
8989,0.643325
8990,0.627061
8991,0.198398
8992,0.0100638
8998,0.559836
8999,0.580698
9000,0.559588
9002,0.996854
9005,0.00729118
9008,0.997087
9012,0.996489
9013,0.99629
9014,0.996609
9015,0.996237
9016,0.996705
9017,0.996199
9018,0.996644
9019,0.996151
9020,0.996172
9022,0.00192739
9023,0.995609
9024,0.00114184
9025,0.00382311
9033,0.0034699
9037,0.995663
9038,0.995896
9040,0.995762
9041,0.995884
9046,0.00205832
9048,0.000921093
9051,0.996447
9053,0.0610669
9070,0.0422818
9075,0.00120124
9078,0.0440676
9079,0.0731908
9083,0.996671
9084,0.997113
9087,0.995865
9088,0.996144
9093,0.0527527
9105,0.00265885
9108,0.00619649
9110,0.0285178
9116,0.0334467
9118,0.995259
9120,0.562991
9125,0.0025998
9126,0.996494
9128,0.99696
9129,0.99779
9135,0.475988
9140,0.0663031
9141,0.00908268
9147,0.2375
9153,0.00472977
9156,0.0195593
9159,0.0742912
9161,0.00725879
9163,0.341861
9165,0.453462
9172,0.156053
9175,0.187216
9179,0.192934
9183,0.996987
9185,0.14905
9186,0.0790934
9188,0.00143835
9191,0.218454
9192,0.107411
9193,0.99778
9196,0.996749
9199,0.996587
9200,0.9969
9202,0.996902
9204,0.0494823
9208,0.00646464
9225,0.0191686
9230,0.00115001
9232,0.125082
9234,0.00893408
9236,0.00133336
9237,0.115785
9244,0.997178
9245,0.997126
9250,0.997595
9251,0.000592303
9258,0.997739
9259,0.00502566
9265,0.996959
9269,0.996725
9273,0.449949
9274,0.484494
9275,0.432976
9276,0.499269
9277,0.409226
9278,0.496608
9280,0.997403
9282,0.997116
9283,0.997744
9298,0.989521
9299,0.99091
9301,0.0781397
9304,0.730068
9305,0.988482
9308,0.989818
9310,0.990932
9311,0.990097
9313,0.0624881
9317,0.986024
9318,0.988117
9321,0.987791
9322,0.99378
9323,0.981321
9325,0.979463
9327,0.132957
9328,0.529011
9330,0.48782
9331,0.44592
9333,0.773
9334,0.976079
9335,0.48362
9337,0.438039
9343,0.970834
9344,0.436924
9348,0.460949
9352,0.966118
9353,0.967096
9357,0.450662
9362,0.0130167
9365,0.975841
9367,0.971883
9371,0.203741
9372,0.958729
9375,0.958318
9377,0.961837
9378,0.950511
9380,0.941787
9381,0.945405
9382,0.767175
9383,0.763915
9386,0.762853
9387,0.768803
9388,0.946015
9390,0.944495
9393,0.94997
9395,0.944254
9396,0.943943
9397,0.942563
9399,0.943021
9401,0.9304
9402,0.813023
9405,0.845509
9407,0.92487
9409,0.921302
9410,0.94448
9412,0.944887
9413,0.939616
9414,0.94612
9415,0.947961
9416,0.950168
9417,0.956983
9418,0.951355
9420,0.00011273
9423,0.0287347
