1,0.00246047
2,0.000538906
3,0.00126227
5,0.0739777
6,0.0193981
10,0.00775364
14,0.00552054
15,0.000282061
16,0.0112135
19,0.0110527
20,0.00401292
24,0.00426292
25,0.00144985
28,0.00117263
29,0.0112394
32,0.0149173
37,0.142834
38,0.00110679
40,0.0600718
41,0.0532211
44,0.00854105
45,0.00944357
47,7.93367e-06
49,0.00360288
51,0.0152201
52,0.00268479
54,0.00456787
55,0.0754516
60,0.00629857
61,0.223824
63,0.0161065
64,0.0156117
68,0.00670362
70,0.00697265
75,0.00787074
76,0.0176533
78,0.00509632
82,0.0180833
85,0.0514674
86,0.0139655
87,0.000685613
88,0.101542
93,0.0439311
94,0.0934392
99,0.00225902
103,0.0107612
106,0.00372978
107,0.00759534
108,0.150642
109,0.00292538
110,0.0500356
116,0.00263881
119,0.00279989
121,0.00234793
123,0.0253123
124,0.108967
128,0.0807717
132,0.0105509
133,0.0289298
138,0.00283519
141,0.000276941
143,0.00606792
144,0.0296315
145,0.000656811
148,0.146876
150,0.0100302
151,0.210966
154,0.00169994
155,0.00452805
157,4.22468e-05
158,0.00879735
159,0.00291469
161,0.0599821
163,0.00370324
166,0.000938887
167,0.00554278
169,0.0200988
170,0.102212
173,0.000845937
174,0.0257518
177,0.164764
178,0.017037
179,0.0972678
180,0.0565328
182,0.000279603
183,0.00598891
184,0.0523514
185,0.000637472
188,0.00990405
190,0.00828756
194,0.00253779
195,0.00890974
201,0.0436772
202,0.973043
204,0.00738779
207,0.00350076
208,0.037362
210,0.00272208
212,0.0112878
213,0.000367095
214,0.00244505
219,0.000252979
222,0.000666219
223,0.028865
225,0.0667375
228,0.00331808
229,0.00193155
232,0.00343326
237,0.0018523
238,0.000368675
240,0.0094328
241,0.0212805
246,0.00157526
247,0.0510036
248,0.0149402
249,0.000842987
250,0.00126196
251,0.00143883
253,0.0405347
255,0.0203644
257,0.128819
259,0.0023298
263,0.00215197
265,0.561016
270,0.0054707
272,0.0117111
279,0.00501361
282,0.005425
284,0.0587643
285,0.0386561
286,0.0277928
288,0.0123483
290,0.00182151
291,0.0775011
292,0.0258164
294,0.00130897
298,0.0376346
300,0.181861
302,0.0026623
304,0.0475479
306,0.0019219
308,0.0156078
314,0.0494211
316,0.133971
319,0.00328134
320,0.00626606
323,0.00699703
324,0.0144623
326,0.00819082
329,0.460627
337,0.000756462
340,6.05977e-05
342,0.169773
346,0.00398996
347,0.00241176
348,0.0672918
349,0.127594
350,0.000838081
352,0.0034302
353,0.0126092
356,0.00210962
357,0.00499589
360,0.0547324
365,0.199804
376,0.0399576
377,0.0040717
379,0.00193
382,0.000238434
385,0.00808276
390,0.0283466
391,0.0056968
396,0.00904847
401,0.00133139
402,0.0149129
403,0.00439735
404,0.0397204
406,0.00806399
409,0.00941184
411,0.00122457
413,0.0161277
415,0.00171785
416,0.02246
417,0.00326153
420,0.0128761
421,0.0267285
423,0.00341829
424,0.0129653
434,0.156438
435,0.0182127
436,0.00829676
438,0.0367573
439,0.0931963
445,0.0408126
446,0.112363
447,0.00472976
449,0.00110288
450,0.00565385
455,0.00922732
457,0.00505927
459,0.00617149
460,0.0214176
461,0.00190862
462,0.0184398
464,0.0186112
465,0.0615118
468,0.0246969
469,0.00350594
471,0.0089168
475,0.00470966
476,0.00445646
479,0.0210348
480,0.00114841
482,0.00860816
483,0.00816901
484,0.0264148
489,0.00891881
490,0.00987406
491,0.00448876
492,0.00067269
493,0.0122438
496,0.00517532
498,0.000429648
501,0.0020079
503,0.0220536
506,0.00869773
507,0.0470922
510,0.000595491
514,0.00535253
515,0.0713465
518,0.00774925
520,0.000238283
521,0.00211187
524,0.00186214
525,0.22775
526,0.112411
528,0.00450866
530,0.00348053
533,0.003498
536,0.00070057
538,0.0105109
539,0.0509198
541,0.00361962
542,0.0704461
543,0.0539421
545,0.0153393
550,0.00327956
552,0.00422682
553,0.61014
554,0.0236967
556,0.21901
560,0.0295137
562,0.00426485
563,0.00337901
567,0.0479989
568,0.00216034
571,0.024475
573,0.000922231
579,0.00795911
586,0.019976
587,0.0581408
588,0.0563604
590,0.00395566
591,0.0549638
592,0.0136268
594,0.0294661
595,0.0280888
596,0.0351023
598,0.32613
602,0.00172329
605,0.0323016
608,0.0124487
609,0.00122543
615,0.000972623
616,0.00713748
618,0.019466
619,0.0271969
621,0.246666
622,0.0739569
623,0.000791963
624,0.0339145
626,0.00276349
628,0.00600069
632,0.00530787
634,0.011133
637,0.256015
640,0.00143188
641,0.037913
643,0.000407848
645,0.0107018
646,0.00526383
647,0.000643559
653,0.254663
654,0.0212498
655,0.0816054
666,0.00822013
667,0.0708492
669,0.05445
670,0.0284368
671,0.000767687
674,0.27621
677,0.0141824
678,0.000559021
679,0.000745281
680,0.000295557
681,0.304485
686,0.0133339
687,0.0170342
688,0.0208409
689,0.0026766
693,0.0045444
694,0.00483699
695,0.00376372
697,0.00093412
699,0.028863
700,0.0461494
701,0.01747
702,0.0300231
703,0.0072984
704,0.000332219
706,0.0184027
708,0.00316119
710,0.00381764
712,0.00341605
715,0.00372454
720,0.00410456
723,0.00152945
725,0.00181158
726,0.0505018
729,0.0668133
731,0.0106485
732,0.00346667
733,0.000871103
735,0.0101199
736,0.000229803
737,0.242641
741,0.0227528
742,0.00185434
745,0.328312
746,0.0050527
748,0.0867696
751,0.00364719
752,0.14501
754,0.000252808
757,0.244606
760,0.0035126
762,0.000539675
765,0.545597
768,0.781066
769,0.000224695
774,0.00796316
777,0.00399514
779,0.00488546
780,0.0167493
781,0.00890354
782,0.0532739
784,0.775113
786,0.0236737
788,0.399556
789,0.0210262
790,0.0147483
793,0.000792163
795,0.165308
796,0.00207041
798,0.00101075
800,0.0587355
801,0.00661071
803,0.0471993
807,0.704144
808,0.00554102
810,0.00855615
813,0.00657395
814,0.0580151
815,0.335744
825,0.00157983
826,0.000726091
827,0.00802659
830,0.00880266
831,0.00463095
833,0.00459355
836,0.081463
838,0.0213676
841,0.028744
844,0.00850473
847,0.0023375
848,0.000402
849,0.00923132
850,0.0163681
851,0.00943539
852,0.00691595
853,0.181718
854,0.0405897
860,0.00502246
862,8.62744e-05
863,0.118856
865,0.00104125
867,0.0182225
868,0.00651333
870,0.00495173
871,0.0980102
873,0.0343797
877,0.000201565
880,0.00496519
883,0.0321213
884,0.00236492
885,0.0431985
887,0.000222246
888,1.13545e-05
889,0.00608072
891,0.0421204
892,0.00901422
897,0.0265704
898,0.0667515
900,0.219667
901,0.00475876
902,0.0234474
903,0.00252341
905,0.00351968
908,0.00251571
912,0.0015809
913,0.0998849
916,0.00383569
917,0.00674499
921,0.0497176
924,0.00115745
925,0.346905
927,0.0125232
928,0.00185137
929,0.00140418
930,0.0279141
931,0.000143518
932,0.0511551
934,0.0020884
935,0.0242031
936,0.00126111
937,0.0262337
940,0.0125035
942,0.0710606
944,0.00110922
947,0.00384199
949,0.0154435
950,0.0463013
952,0.000435616
954,0.0190221
956,0.0342522
958,0.202556
959,0.000276329
961,0.00545126
962,0.000590832
963,0.0326101
964,0.00194152
965,0.0449938
966,0.0180783
967,0.0960975
969,0.00159608
972,0.312146
973,0.00341377
976,0.00258548
977,0.0585318
978,0.0551237
980,0.0268967
981,0.310083
982,0.000791356
984,0.0457973
985,0.000269968
987,0.232839
990,0.798721
991,0.00100036
993,0.00096977
995,0.00401023
996,0.0217189
997,0.0110104
998,0.0483058
1000,0.0135744
1001,0.0761379
1006,0.0024329
1007,0.0444736
1009,0.967569
1011,0.014998
1016,0.00148633
1017,0.070453
1019,0.0316119
1021,0.00519234
1023,0.00104786
1024,0.0207677
1025,0.0308231
1026,0.0909403
1027,0.000578404
1028,0.0169117
1029,0.0208448
1032,0.343722
1037,0.495993
1039,0.00132077
1040,0.0120561
1041,0.0105177
1043,0.029937
1045,0.121422
1046,0.00888184
1047,0.0097933
1049,0.0523238
1051,0.000818043
1052,0.0521743
1053,0.0424973
1054,0.00424811
1056,0.000818187
1062,0.013762
1063,0.00414161
1068,0.00384485
1069,0.0815274
1071,0.00261309
1075,0.00406897
1077,0.00884693
1078,0.430536
1079,0.00982758
1081,0.0184591
1083,0.0891533
1084,0.00867592
1085,0.00280779
1086,0.00782611
1088,0.0077083
1090,0.0584499
1091,0.00760601
1092,0.0181879
1095,0.00529329
1096,0.00767806
1097,0.00198937
1098,0.010549
1099,0.00918869
1100,0.00166373
1102,0.00626407
1103,0.0252706
1104,0.00680346
1105,0.00255924
1106,0.067147
1108,0.0219351
1110,0.00119685
1114,0.00678889
1115,0.0283275
1116,0.00959066
1118,0.00174084
1120,0.160002
1121,0.041007
1122,0.0410522
1126,0.0168255
1127,0.0415297
1129,0.00136971
1130,0.00581606
1131,0.00440833
1132,0.0422123
1134,0.0153923
1139,0.195176
1140,0.0519211
1147,0.00892526
1148,0.00950295
1150,0.0247522
1152,0.000609942
1154,0.35405
1157,0.00102884
1158,0.0153115
1159,0.0091885
1160,0.00369734
1161,0.00884337
1164,0.00771507
1169,0.000728428
1172,0.0142834
1174,0.00609604
1176,0.00340614
1177,0.113927
1181,0.0114102
1182,0.101191
1186,0.002316
1189,0.0119922
1190,0.0138914
1194,0.00418916
1200,0.00498352
1203,0.0753117
1204,0.0712604
1211,0.0528405
1212,0.000878118
1214,0.00155197
1215,0.030641
1218,0.0416323
1219,0.00515143
1221,0.000405252
1222,0.00173649
1223,0.00717193
1227,0.0724536
1229,0.00159794
1230,0.404846
1236,0.0023094
1238,0.00337493
1240,0.00810349
1245,0.00222427
1246,0.00025226
1250,0.112451
1252,0.00681865
1253,0.034166
1258,0.00456457
1260,0.109216
1262,0.00554992
1269,0.00134205
1271,0.0110042
1272,0.0116649
1273,0.0117705
1274,0.00312006
1275,0.032284
1276,0.186796
1277,0.00596362
1279,0.00956693
1280,0.0250829
1281,0.00712813
1282,0.0221651
1284,4.27423e-06
1285,0.0166082
1286,0.00329574
1288,0.0653824
1291,0.00275412
1292,3.03692e-05
1293,0.557448
1295,0.0801703
1296,0.00177548
1297,0.0210064
1299,0.00162627
1301,0.00970392
1302,0.000204868
1303,0.0805979
1308,0.00056367
1310,0.00182989
1312,0.0684948
1313,0.158882
1314,0.00157502
1315,0.117567
1316,0.018619
1317,0.0319949
1322,0.111783
1323,0.00642326
1326,0.00101878
1328,0.0760327
1331,0.0179394
1333,0.358215
1334,0.000651857
1337,0.0290999
1338,0.00355454
1342,0.00230568
1344,0.00154002
1346,0.00231671
1352,0.0329783
1354,0.00514725
1355,0.00306509
1358,0.0532978
1360,0.0068136
1363,0.00505578
1364,0.00220207
1365,0.000680932
1366,0.0011666
1367,0.0756842
1369,0.209707
1371,0.00284196
1372,0.00510429
1373,0.00214912
1378,0.00374582
1380,0.120253
1381,0.00400078
1383,0.0029846
1384,0.00588852
1386,0.00222163
1387,0.00730197
1388,0.0662578
1390,0.957533
1391,0.0138909
1392,0.00371296
1397,0.00730868
1399,0.0421882
1400,0.00723257
1403,0.014783
1405,0.286713
1408,0.0147811
1409,0.00212152
1410,0.0640343
1411,0.0016008
1412,2.66209e-05
1415,0.00419593
1416,0.348799
1417,0.0112446
1420,0.00481716
1424,0.0763607
1425,0.543157
1426,0.00450864
1427,0.132606
1428,0.000789897
1429,0.00334668
1433,0.00121872
1434,0.0106053
1436,0.00466425
1438,0.0972351
1440,0.00561098
1441,0.0326222
1442,0.00379276
1443,0.00294977
1447,0.0152911
1450,0.00433559
1452,0.00476763
1455,0.000662982
1461,0.00130344
1462,0.141098
1463,0.00683534
1468,0.00683493
1469,0.010095
1470,0.00191202
1471,0.00232578
1473,0.00039018
1475,0.145488
1476,0.073042
1478,0.0452888
1479,0.0656637
1480,0.00243329
1484,0.054228
1485,0.0255699
1486,0.00559059
1490,0.00633592
1492,0.00414625
1493,0.00323139
1494,0.0292007
1495,0.00132971
1500,0.00664571
1502,0.00852507
1503,0.00119388
1504,0.00453169
1506,0.00426955
1510,0.27145
1511,0.0631569
1513,0.0826431
1514,0.101916
1517,0.00371756
1519,0.011015
1522,0.0105837
1523,0.0373765
1527,0.0719383
1528,0.112533
1530,1.48038e-06
1531,0.00502469
1533,0.00762555
1535,0.617083
1536,0.00479972
1537,0.77329
1538,0.0104584
1539,0.00355087
1540,0.00293606
1541,0.738262
1542,0.718483
1543,0.0325869
1545,0.00705432
1547,0.682146
1549,0.758228
1550,0.771786
1551,0.784807
1552,0.761138
1558,0.784803
1564,0.00645366
1566,0.0113421
1567,0.000223065
1568,0.0094722
1570,0.00765205
1573,0.0350209
1575,0.0037169
1576,0.074765
1577,0.0378939
1580,0.664964
1583,0.788253
1585,0.532032
1586,0.559138
1588,0.00301192
1590,0.550423
1593,0.457481
1594,0.39381
1595,0.486384
1597,0.570767
1598,0.520352
1599,0.60241
1601,0.00230759
1604,0.000635926
1605,0.0817158
1607,0.139517
1608,0.0793535
1611,0.000177342
1613,0.0589503
1614,0.551319
1615,0.000385862
1616,0.00400602
1618,0.000669322
1621,0.000806495
1624,0.120766
1626,0.00389018
1628,0.00275837
1629,0.137609
1630,0.000901115
1632,0.00138124
1633,0.0340096
1634,0.00831941
1636,0.0947612
1640,0.0051626
1641,0.00216148
1647,0.000146839
1648,0.0346773
1649,0.963397
1654,0.967932
1658,0.970356
1659,0.971994
1660,0.971592
1662,0.0187268
1664,0.00598192
1665,0.00630608
1666,0.00178551
1667,0.963981
1669,0.970943
1670,0.970597
1671,0.977669
1674,0.974592
1675,0.97884
1677,0.978564
1678,0.968545
1679,0.975507
1682,0.103411
1683,0.00172169
1684,0.00184103
1686,0.00658441
1687,0.0103276
1688,0.0713794
1690,0.0633787
1693,0.00560398
1694,0.00472818
1695,0.971782
1697,0.969139
1698,0.00335755
1699,0.964711
1702,0.0477551
1703,0.953205
1704,0.972167
1705,0.00144377
1706,0.00559228
1708,0.00298938
1711,0.00368205
1712,0.125935
1714,0.0206579
1715,0.00202999
1716,0.0605763
1717,0.00249079
1718,0.000601554
1719,0.974827
1720,0.977936
1724,0.00258241
1725,0.26827
1726,0.0187366
1731,0.000598672
1732,0.00196323
1736,0.00175483
1737,0.0846499
1740,0.00104028
1741,0.00150666
1743,0.0506838
1745,0.966915
1748,0.0620839
1751,0.0118591
1752,0.105085
1754,0.00259881
1755,0.0600971
1756,0.0132711
1757,0.392131
1758,0.0203656
1759,0.0949723
1761,0.00340302
1762,0.0068716
1763,0.0476498
1764,0.00185677
1765,0.000645515
1767,0.0524802
1768,0.00900021
1773,0.0129436
1777,0.400717
1779,0.30328
1781,0.3252
1783,0.452309
1784,0.500722
1785,0.00776491
1787,0.0775534
1789,0.326692
1790,0.283742
1792,0.354263
1794,0.275827
1795,0.337641
1796,0.348353
1797,0.348455
1802,0.426168
1803,0.283886
1804,0.104729
1805,0.174075
1806,0.178653
1808,0.212239
1814,0.00156163
1816,0.00390835
1817,0.00201278
1822,0.0212211
1825,0.00644572
1832,0.00173941
1835,0.175538
1838,0.22618
1843,0.0293183
1847,0.0248899
1848,0.0346343
1851,0.178193
1852,0.00100895
1853,8.56353e-05
1854,0.0117777
1855,0.000807416
1859,0.00140833
1864,0.0150123
1865,0.000468476
1869,0.222685
1870,0.0149457
1873,0.113384
1875,0.132085
1877,0.417655
1878,0.294513
1880,0.0580911
1882,0.392646
1883,0.345691
1885,0.0032581
1886,0.00157666
1888,0.0106399
1893,0.960064
1894,0.975293
1895,0.00478217
1902,0.00669309
1903,0.000428974
1904,0.000397087
1908,0.0128038
1909,0.00596741
1910,0.00823693
1912,0.00438768
1913,0.0927317
1919,0.0028252
1920,0.00311781
1924,0.0046829
1925,0.184891
1928,0.707531
1929,0.680767
1935,0.721134
1936,0.00220383
1937,0.0151124
1941,0.0191366
1943,0.0304423
1944,0.122835
1945,0.00160696
1947,0.29898
1950,0.00367003
1951,0.00202364
1955,0.00984051
1960,0.0404998
1963,0.0594679
1965,0.0512655
1972,0.0289534
1984,0.341654
1985,0.000636099
1988,0.00486107
1989,0.406989
1991,0.0179855
1992,0.0191859
1995,0.0865105
1996,0.0320421
1999,0.00734856
2000,0.0151235
2001,0.010506
2003,0.00524502
2005,0.347016
2009,0.398402
2011,0.000914465
2013,0.233
2015,0.000374953
2018,0.00463658
2019,0.000751407
2021,0.00329319
2023,0.0875992
2026,0.00558473
2029,0.00203434
2030,0.00770615
2031,0.00108159
2032,0.00366399
2035,0.248067
2037,0.000336767
2038,0.00013646
2039,0.00274016
2040,0.00285012
2041,0.040498
2044,0.00571966
2046,0.00759468
2047,0.00209475
2049,0.00339679
2050,0.17508
2051,0.00970771
2052,0.00620495
2053,0.0154454
2055,0.00544487
2056,0.0293479
2063,0.00865853
2068,0.000477469
2069,0.0038999
2070,0.180542
2072,0.0018566
2075,0.00992111
2080,0.0085533
2082,0.00549182
2086,0.398374
2088,0.00738101
2089,0.0088712
2090,0.00248917
2091,0.00322077
2092,0.0081234
2094,0.00885851
2095,0.00416686
2096,0.0167344
2097,0.110298
2098,0.0221934
2100,0.729463
2103,0.00269899
2104,0.160525
2105,0.0224961
2106,0.0463412
2108,0.00848904
2109,0.00391958
2111,0.0192209
2112,0.00402864
2114,0.0021892
2115,0.000637242
2117,0.000782566
2118,0.128959
2120,0.992802
2121,0.994263
2122,0.993483
2124,0.994406
2125,0.993569
2127,0.993161
2128,0.99388
2129,0.99186
2131,0.992193
2132,0.00416414
2133,0.0261306
2134,0.0971462
2136,0.00086808
2142,0.0830686
2143,0.974354
2144,0.975678
2145,0.97026
2146,0.133957
2147,0.964857
2148,0.961932
2152,0.964491
2155,0.949036
2156,0.965824
2158,0.00768344
2165,0.982699
2166,0.982994
2175,0.0878674
2176,0.0119871
2177,0.00073297
2178,0.9508
2182,0.00561011
2183,0.00123728
2187,0.004696
2188,0.00242376
2189,0.00406562
2190,0.000559449
2194,0.00119287
2195,0.00223317
2197,0.0708347
2199,0.00233515
2200,0.340902
2205,0.194774
2210,0.335444
2211,0.249472
2213,0.25073
2214,0.264616
2215,0.216298
2218,0.164721
2219,0.151362
2221,0.0299532
2223,0.00210273
2224,0.0275642
2225,0.112774
2226,0.274146
2227,0.00646098
2230,0.00171975
2231,0.0664515
2232,1.55518e-05
2233,0.00584891
2234,0.0304119
2235,0.00178758
2236,0.000946803
2237,0.215853
2241,0.0909557
2242,0.00335071
2243,0.0025844
2244,0.00110183
2250,0.189066
2251,0.00721491
2252,0.00253946
2256,0.00843676
2260,0.0034314
2261,0.00166073
2262,0.0107403
2265,0.00117375
2267,0.00209048
2268,0.198957
2284,0.017481
2285,0.0167258
2288,0.00896687
2293,0.149837
2297,0.00220188
2298,0.0906724
2299,0.00112193
2300,0.0344564
2302,0.0104228
2307,0.023239
2308,0.00275173
2309,0.011183
2317,0.000654203
2320,0.00147617
2321,0.00961987
2322,0.301294
2326,0.00475926
2330,0.0143124
2332,0.0286694
2334,0.298581
2336,0.00464419
2337,0.0227532
2338,0.0609445
2339,0.0276549
2340,0.000798074
2345,0.172245
2346,0.0244202
2350,0.00139017
2351,0.0151942
2353,0.00160215
2354,0.0142425
2357,0.00513125
2359,0.00841174
2360,0.00396581
2362,0.00844384
2363,0.000928782
2366,0.0951702
2373,0.00187582
2375,0.525441
2378,0.0186956
2379,0.00800732
2381,0.0131082
2384,0.0343238
2385,0.146445
2386,0.101036
2391,2.7666e-05
2393,0.0181925
2395,0.00156171
2396,0.253115
2399,0.00305118
2402,0.970042
2403,0.000139123
2404,0.953997
2410,0.947122
2411,0.958468
2412,0.947966
2414,0.00534371
2415,0.967903
2416,0.953458
2418,0.943657
2419,0.97133
2421,0.0244227
2422,0.0133022
2423,0.00314709
2424,0.26967
2426,0.0856611
2428,0.0121159
2429,0.00943004
2431,0.00255926
2432,0.0147211
2438,0.00533997
2441,0.00860659
2442,0.0664138
2444,0.016467
2445,0.182481
2446,0.0106746
2449,0.0497752
2450,0.0357448
2451,0.0015171
2452,0.00184189
2455,0.000377117
2459,0.0026229
2460,0.148385
2463,0.00284509
2465,0.00206909
2468,0.00808074
2469,0.000938454
2474,0.00241356
2478,0.0596087
2480,0.00445295
2483,0.962459
2486,0.00271241
2487,0.0307763
2488,0.000684758
2491,0.000256977
2492,0.146673
2496,0.0443969
2497,0.0304861
2499,0.150905
2501,0.0134573
2502,0.0237951
2504,0.297295
2505,0.0171204
2506,0.0182013
2507,0.0146618
2509,0.9689
2511,0.96567
2512,0.966891
2514,0.00197517
2515,0.000167345
2519,0.0013996
2521,0.000600259
2522,0.00741363
2525,0.000400466
2529,0.00503119
2531,0.152597
2533,0.00708882
2535,0.169201
2537,0.00282348
2541,0.968318
2543,0.973602
2544,0.00276794
2546,0.000204169
2549,0.0261386
2551,0.00762359
2554,0.0219954
2558,0.148455
2561,0.00718349
2562,0.000860362
2563,0.0304237
2564,0.00902831
2565,0.00634291
2567,0.0119182
2568,0.00147939
2570,0.00174061
2572,0.000799888
2573,0.000634011
2574,0.00673089
2577,0.00495631
2580,0.0448331
2583,0.265555
2584,0.275644
2585,0.324089
2589,0.0206764
2596,0.0219117
2599,0.00790527
2600,0.0201041
2602,0.0298497
2603,0.019327
2605,0.169541
2606,0.102521
2607,0.0452042
2608,0.00372147
2609,0.0492809
2610,0.00513049
2612,0.00111904
2614,0.003916
2615,0.00271587
2616,0.0899795
2617,0.00250877
2621,0.00225331
2623,0.000103199
2624,0.00119833
2626,0.0467458
2634,0.411844
2635,0.00872061
2636,0.00379782
2637,0.104558
2638,0.0715558
2639,0.00613864
2642,0.00249968
2643,0.0059797
2648,0.0241466
2650,0.00733321
2652,0.00190347
2653,0.073423
2654,0.00191355
2660,0.00411459
2662,0.000228001
2665,0.00321435
2667,0.270915
2668,0.311743
2671,0.21569
2673,0.0195213
2675,0.0441124
2678,0.000738544
2679,0.00726292
2684,0.0764476
2686,0.00303075
2688,0.0875187
2689,0.013347
2692,0.00344101
2693,0.31577
2697,0.00525739
2698,0.0630407
2700,0.13705
2704,0.000375096
2705,0.00243644
2706,0.0366255
2713,0.00963992
2718,0.959133
2720,0.962171
2721,0.958797
2727,0.035706
2728,0.951907
2729,0.941946
2735,0.00721742
2736,0.0428869
2737,0.777635
2738,0.161058
2739,0.0016083
2740,0.359948
2741,0.119309
2742,0.0124981
2744,0.666609
2746,0.743567
2748,0.736185
2750,0.702249
2751,0.733249
2752,0.798392
2758,0.715188
2759,0.749793
2760,0.698233
2763,0.818911
2765,0.735311
2767,0.756104
2768,0.789947
2769,0.00695099
2771,0.953207
2775,0.934825
2776,0.937855
2778,0.944545
2779,0.95763
2782,0.0445095
2783,0.00177039
2784,0.00082138
2785,0.00215359
2786,0.00166756
2788,0.00296946
2791,0.00456167
2793,0.0708072
2796,0.0274198
2797,0.367567
2803,0.00314759
2804,0.0109664
2807,0.0039658
2808,0.00413692
2810,0.00901515
2811,0.0122101
2817,0.00171919
2818,0.0258604
2820,0.0678272
2821,0.113241
2822,0.117376
2823,0.295241
2824,0.0820828
2825,0.0131723
2832,0.320984
2833,0.01547
2835,0.0123319
2836,0.100895
2837,0.0179246
2838,0.00324554
2842,0.00412179
2843,0.00907576
2849,0.450601
2850,0.0573157
2851,0.000649915
2852,0.00459744
2855,0.00309077
2858,0.00951396
2861,0.000539425
2862,0.00149265
2866,0.000722696
2868,0.00816936
2869,0.00390526
2871,0.01243
2872,0.000913824
2874,0.00478859
2875,0.00716153
2876,0.00239523
2879,0.00223579
2884,0.140621
2885,0.19601
2886,0.00263456
2889,0.000772869
2890,0.000634465
2891,0.00449444
2894,0.00226496
2897,0.242571
2899,0.0181208
2901,0.00461016
2902,0.456894
2903,0.00283453
2906,0.00598995
2907,0.0049127
2908,0.0073189
2910,0.00188965
2911,0.000790963
2914,0.00869587
2918,0.00627841
2921,0.616362
2923,0.0192384
2927,0.00211855
2928,0.155015
2930,0.05288
2934,0.00187266
2935,0.0516033
2939,0.000912726
2940,0.0109761
2941,0.00467967
2942,0.0184468
2943,0.00327335
2944,0.00179822
2945,0.00513667
2946,0.00165782
2947,0.00229449
2949,0.302455
2954,0.391985
2955,0.0834273
2956,0.0236353
2958,0.00194439
2961,0.139076
2962,0.207506
2963,0.154852
2966,0.0912498
2967,0.124841
2968,0.0903656
2969,0.115921
2970,0.0854272
2971,0.0688578
2976,0.0547725
2978,0.140588
2981,0.0473364
2982,0.00254264
2984,0.0812357
2985,0.0051198
2986,0.0072182
2987,0.00349838
2990,0.0158013
2993,0.0497076
2995,0.0850104
2999,0.2553
3000,0.00648202
3001,0.15447
3005,0.000980263
3006,0.0467307
3007,0.00175542
3008,0.00766904
3009,0.0151839
3012,0.0136307
3013,0.203792
3016,0.110892
3017,0.000270085
3018,0.011119
3019,0.163903
3020,0.0104253
3021,0.000848052
3022,0.000642731
3024,0.0044909
3025,0.000834574
3026,0.00166878
3029,0.00779407
3031,0.00630472
3032,0.00733704
3034,0.130479
3039,0.0753991
3041,0.0244358
3042,0.0315483
3044,0.00344243
3046,0.00334896
3047,0.0382609
3049,0.0725009
3050,0.00146945
3051,0.00382664
3052,0.00321784
3056,0.00182444
3061,0.00710974
3062,0.00745724
3063,0.0899354
3064,6.05681e-06
3065,0.0424013
3066,0.00506943
3067,0.00471662
3075,0.07497
3077,0.0387988
3078,0.00167156
3079,0.00149936
3080,0.00616843
3081,0.0127288
3082,0.000193006
3083,0.0373238
3085,0.0358051
3086,0.00284689
3088,0.00218737
3091,0.00121265
3092,3.03124e-06
3093,0.00130398
3096,0.00118159
3098,0.00997872
3099,0.00142517
3101,0.0261444
3105,0.000130176
3107,0.0603569
3108,0.0568807
3112,0.0040486
3113,0.765345
3116,0.0013679
3117,0.000208777
3121,0.00931759
3122,0.000994328
3123,0.0381325
3127,0.00279032
3130,0.0080343
3131,0.44758
3133,0.00200199
3137,0.30933
3138,0.0172108
3140,0.00102827
3141,0.00236287
3145,0.00233529
3148,0.0199179
3150,0.00818456
3152,0.00523042
3153,0.119363
3154,0.00983091
3155,0.0465865
3157,0.0241221
3158,0.000763615
3159,0.00607453
3160,0.0264698
3161,0.00746075
3162,0.00681104
3164,0.00431057
3166,0.0241708
3167,0.00226643
3169,0.000207923
3175,0.0118231
3177,0.00381487
3182,0.015781
3184,0.10686
3185,0.0928971
3186,0.0308193
3187,0.0660088
3189,0.0564089
3191,0.00589671
3195,0.0212678
3197,0.00270637
3199,0.000613413
3205,0.234876
3207,2.57768e-05
3211,0.212677
3213,0.000383191
3215,0.207683
3217,0.000426649
3218,0.0371235
3219,0.0546908
3225,0.0509218
3228,0.00100501
3231,0.000180458
3234,0.00806386
3235,0.250055
3236,0.000875129
3242,0.0270143
3243,0.00132679
3245,0.0440104
3246,0.00933254
3249,0.754842
3250,0.772631
3251,0.687078
3253,0.760513
3254,0.00109323
3255,0.751022
3257,0.0333371
3258,0.0411726
3259,0.0213017
3262,0.00819046
3266,0.0959696
3269,0.0551301
3270,0.107135
3271,0.055422
3273,0.00772337
3275,0.00125387
3277,0.0103203
3278,0.00531018
3281,0.0143034
3282,0.197335
3285,0.00872576
3286,0.0250275
3287,0.000730901
3289,0.00440028
3291,0.00758309
3293,0.00714065
3301,0.110352
3302,0.00341878
3309,0.00537203
3310,0.000281224
3313,0.0158248
3314,0.00257721
3315,0.323763
3323,0.00426396
3324,0.00860557
3327,0.00220107
3331,0.0053052
3335,0.000520408
3336,0.000553458
3338,0.00212717
3340,0.000353214
3341,0.384121
3351,1.14535e-05
3353,0.0493332
3354,0.000480554
3356,0.0153249
3357,0.0229257
3359,0.0273261
3360,0.749193
3364,0.726763
3365,0.470533
3368,0.00879961
3370,0.00517338
3371,0.00903022
3373,0.00370472
3377,0.000737585
3378,0.00317904
3380,0.0225674
3381,0.0201979
3382,0.0596945
3385,0.00414053
3390,0.0167065
3393,0.00207906
3395,0.0133851
3402,0.00540914
3403,0.00183718
3407,0.00595677
3408,0.0170311
3409,0.000957707
3410,0.00194472
3412,0.00220121
3413,0.0372528
3414,0.00522096
3425,0.00285395
3429,0.00865387
3430,0.00248443
3432,0.00283343
3433,0.0292728
3434,0.00311633
3455,0.00105648
3456,0.00807549
3458,0.0377935
3462,0.00289151
3466,0.0394544
3469,0.00572037
3472,0.00154097
3474,0.00148946
3494,0.0108671
3495,0.0232501
3496,0.0069922
3497,0.0268316
3498,0.0310783
3499,0.0310561
3500,0.00179379
3501,0.16733
3513,0.00535271
3515,0.00780873
3516,0.0848263
3519,0.0824725
3527,0.00769176
3528,0.825382
3530,0.778884
3531,0.782886
3533,0.118543
3535,0.750185
3536,0.801747
3539,0.737849
3540,0.820439
3547,0.739074
3550,0.811601
3551,0.8034
3552,0.815155
3553,0.815574
3554,0.017445
3556,0.0784739
3585,0.0234374
3587,0.00984707
3590,0.116171
3591,0.01583
3592,0.00110223
3593,0.0165787
3597,0.00050515
3603,0.00123078
3604,0.000592268
3609,0.00332934
3610,0.00137533
3611,0.00211358
3612,0.016355
3615,0.000633547
3616,0.020596
3622,0.0166165
3623,0.0540418
3625,0.0250135
3626,0.120328
3629,0.0118958
3630,0.00197213
3631,0.00128533
3632,0.00627127
3634,0.00181402
3638,0.00347186
3641,0.209786
3642,0.00399613
3645,0.035498
3646,0.00418135
3648,0.0100996
3651,0.000866631
3654,0.0117891
3656,0.00231469
3657,0.0604463
3658,0.000172835
3659,0.243615
3661,0.297127
3662,0.00398306
3664,0.991752
3667,0.987699
3669,0.986009
3673,0.984294
3674,0.979876
3675,0.979868
3677,0.97719
3679,0.976572
3681,0.966071
3682,0.977469
3687,0.00562301
3689,0.538966
3691,0.00387718
3692,0.10732
3693,0.0045865
3696,0.009782
3697,0.0829496
3701,0.552969
3702,0.000831101
3703,0.0271533
3704,0.189634
3705,0.0132528
3709,0.00653194
3710,0.0264713
3711,0.0284449
3712,0.00154601
3713,0.00415702
3714,0.0103602
3717,0.0261382
3718,0.00498387
3720,0.068843
3721,0.00136817
3722,0.000659441
3723,0.00402032
3754,0.000111231
3756,0.000888313
3757,0.000451394
3759,0.100864
3762,0.00412908
3764,0.0676166
3765,0.000896117
3773,0.00362782
3774,0.00844164
3775,0.0181623
3776,0.0154735
3777,0.0653172
3779,0.00693446
3782,0.0621252
3786,0.0137905
3787,0.000842381
3793,0.0934761
3796,0.0840782
3798,0.0167429
3799,0.256156
3800,0.217374
3801,0.219823
3802,0.154689
3805,0.215117
3806,0.142404
3808,0.203498
3809,0.0678204
3810,0.00171188
3812,0.0315902
3813,0.00269514
3820,0.0142117
3821,0.000712251
3825,0.0451465
3828,0.0161014
3832,0.000807536
3839,0.00890209
3840,0.000805587
3843,0.291575
3844,0.000601018
3846,0.00609795
3847,0.0414129
3849,0.109009
3851,0.00392539
3852,0.0145089
3853,0.000474778
3855,0.53751
3858,0.60308
3863,0.00320563
3866,0.019182
3867,0.150369
3871,0.380319
3873,0.00143641
3874,0.000513749
3877,0.000595541
3879,0.00496083
3880,0.000432057
3882,0.0174202
3883,0.0532585
3885,0.00347218
3888,0.00690752
3891,0.348493
3897,0.00845763
3900,0.00516403
3901,0.00244348
3902,0.0330448
3903,0.00750654
3904,0.000732597
3907,1.85182e-05
3909,0.000951517
3914,0.000307357
3915,0.00183182
3917,0.0098327
3921,0.0015965
3922,0.00151249
3923,0.00347644
3929,0.00620365
3931,0.0263447
3934,0.609707
3935,0.577969
3936,0.603709
3937,0.617254
3939,0.569743
3941,0.000691185
3944,0.0956966
3956,0.000603041
3957,0.00238468
3960,0.00101342
3961,0.0210573
3963,0.00729029
3969,0.00420373
3971,0.0106732
3972,0.0149846
3976,0.00228579
3978,0.084673
3979,0.00101481
3980,0.0221465
3986,0.00101818
3988,0.0020445
3989,0.0029331
3990,0.00890949
3997,0.0299508
3999,0.00346585
4000,0.000806509
4001,0.00119932
4002,0.0160625
4003,0.0974578
4004,0.0398861
4006,0.0100425
4014,0.0222569
4018,0.00606957
4019,0.00198125
4020,0.000629153
4021,0.00467481
4022,0.00646064
4023,0.000704757
4024,0.0112594
4031,0.017276
4033,0.0154028
4035,0.0260874
4038,0.00831938
4039,0.00650047
4041,0.00691663
4043,0.0688567
4044,0.173833
4046,0.00469784
4047,0.0016909
4050,0.00348377
4053,0.0556175
4054,0.0035244
4056,0.0154054
4058,0.00533754
4067,0.801085
4068,0.734429
4069,0.714395
4076,0.00334527
4081,0.00299935
4082,0.162968
4083,0.00106389
4089,0.00465601
4090,0.082262
4092,0.00331998
4093,0.00171692
4094,0.0369507
4097,0.00619188
4100,0.00540377
4101,0.82956
4102,0.703809
4104,0.816958
4105,0.799137
4108,0.747802
4110,0.817984
4111,0.792294
4112,0.840463
4117,0.772228
4121,0.954706
4122,0.0136186
4123,0.809038
4125,0.836348
4126,0.787964
4127,0.797219
4128,0.768032
4131,0.796919
4136,0.958703
4137,0.963214
4138,0.944506
4139,0.941477
4141,0.941734
4151,0.94183
4152,0.948533
4153,0.952086
4154,0.951169
4157,0.940108
4161,0.972383
4163,0.953908
4164,0.949593
4168,0.943267
4169,0.947823
4170,0.935275
4171,0.937642
4172,0.939548
4173,0.962715
4176,0.964251
4180,0.961266
4181,0.966258
4182,0.967098
4184,0.05985
4185,0.00767133
4188,0.00818966
4199,0.00147294
4200,0.00392876
4202,0.00163247
4205,0.0285317
4208,0.0239638
4209,0.00705835
4210,0.0452753
4211,0.000513484
4215,0.0136907
4216,0.387804
4220,0.000388282
4221,0.00140837
4224,0.0124071
4225,0.00881372
4228,0.00260193
4229,0.00326401
4231,0.0123569
4232,0.000194817
4233,0.00194217
4236,0.00363233
4239,0.00112155
4240,0.0157838
4242,0.0127027
4244,0.0327455
4245,0.00133103
4246,0.0360566
4249,0.285347
4250,0.859593
4254,0.844107
4255,0.0170664
4258,0.82675
4261,0.866791
4263,0.860014
4264,0.83994
4265,0.850366
4267,0.827065
4269,0.85488
4270,0.825649
4274,0.866823
4276,0.0262573
4279,0.0069506
4281,0.0133745
4283,0.993551
4284,0.996048
4286,0.00520865
4289,0.0745191
4293,0.0851101
4294,0.000941548
4296,0.00226592
4297,0.0403332
4301,0.00198232
4306,0.000635129
4308,0.000786902
4310,0.0444831
4312,0.0286422
4313,0.0111801
4315,0.00694789
4319,0.669397
4320,0.624227
4325,0.00844357
4328,0.00263492
4335,0.00752545
4338,0.175942
4340,0.0113645
4341,0.0200967
4342,0.000412997
4344,0.11068
4348,0.915573
4351,0.883952
4355,0.895183
4356,0.890081
4359,0.893447
4360,0.0165538
4363,0.889995
4365,0.900987
4366,0.910754
4368,0.881744
4370,0.891656
4372,0.840039
4373,0.834484
4375,0.857613
4377,0.835939
4378,0.821896
4380,0.814562
4381,0.862462
4383,0.757765
4384,0.782999
4386,0.811836
4390,0.000516718
4394,0.00549186
4395,0.0546213
4396,0.00478969
4397,0.67583
4398,0.0368155
4401,0.00439076
4404,0.00203442
4406,0.00100987
4407,0.00128616
4409,0.000945836
4410,0.00221182
4411,0.0172925
4412,0.00228186
4414,0.00063835
4421,0.0199168
4423,0.00145102
4424,0.110867
4426,0.0389558
4427,0.032158
4434,0.000564719
4435,0.00540946
4437,0.00124097
4439,0.179974
4446,0.195077
4448,0.0261959
4450,0.0230103
4461,0.653338
4462,0.00107525
4463,0.375645
4464,0.024234
4465,0.0190325
4466,0.00855652
4467,0.00952464
4468,0.250507
4474,0.60831
4476,0.652907
4477,0.668703
4478,0.63333
4484,0.00206174
4485,0.0154861
4496,0.994156
4499,0.0245592
4500,0.0011715
4502,0.0062529
4506,0.642881
4507,0.634118
4512,0.696418
4513,0.74965
4516,0.792907
4519,0.832337
4521,0.817974
4527,0.903588
4528,0.830892
4529,0.895827
4533,0.864146
4534,0.831304
4535,0.864369
4536,0.882254
4537,0.93477
4538,0.930226
4539,0.927879
4541,0.879676
4547,0.923791
4550,0.959586
4551,0.947666
4555,0.956957
4556,0.948793
4562,0.631736
4563,0.224599
4564,0.00125817
4568,0.00145225
4574,0.0110207
4575,0.000726065
4579,0.019203
4588,0.00385291
4602,0.000158573
4605,0.0044528
4607,0.980272
4608,0.00539473
4611,0.330145
4614,0.485986
4615,0.00109376
4617,0.0108679
4619,0.00635748
4620,0.0023148
4623,0.00198296
4625,0.000116011
4626,0.00522367
4629,0.0440357
4630,0.086025
4631,0.000538985
4641,0.0271331
4651,0.00012209
4654,0.00153776
4656,0.0237725
4660,0.0138896
4662,0.536322
4665,0.97674
4666,0.978715
4667,0.979962
4670,0.96916
4671,0.021582
4672,0.027912
4673,0.00651514
4674,0.158387
4675,0.00127422
4676,0.00114449
4677,0.00105321
4678,0.000647928
4682,0.000730825
4686,0.000452559
4689,0.0121647
4696,0.00294714
4698,0.0018238
4701,0.016616
4702,0.015164
4704,0.00776647
4707,0.667788
4711,0.000403741
4712,0.00010975
4715,0.0105229
4718,0.00479785
4721,0.0163264
4727,0.00232506
4728,0.058354
4731,0.0143428
4735,0.00285425
4736,0.0469715
4740,0.238842
4743,0.00167211
4745,0.0484982
4747,0.00114283
4751,0.0153329
4752,0.0124043
4755,0.00783902
4757,0.00328049
4758,0.0122495
4761,0.00537085
4762,0.00522986
4767,0.0142882
4768,0.00339841
4769,0.000335375
4770,0.0175145
4782,0.00708383
4783,0.0443889
4785,0.0412002
4786,0.000653662
4789,0.00195902
4792,8.35789e-05
4805,0.00131239
4807,0.0652748
4808,0.000495509
4811,0.0152224
4813,0.00620985
4815,0.000844443
4816,0.0115486
4821,0.000405291
4823,0.295013
4826,0.0534153
4829,0.0156829
4835,0.0516431
4836,0.30803
4838,0.000999591
4847,0.0185621
4850,0.00434212
4852,0.00244617
4853,0.060593
4855,0.000573298
4858,0.00983875
4860,0.461884
4862,0.99718
4865,0.997236
4867,0.019995
4869,0.000617645
4870,0.0624318
4876,0.0117862
4877,0.0030387
4882,0.00115423
4885,0.146342
4886,0.00298992
4888,0.0559548
4895,0.00221736
4897,0.0239067
4898,0.00388917
4899,0.00260249
4900,0.00366319
4904,0.140764
4905,0.0186371
4907,0.0637513
4909,0.00294257
4910,0.0193132
4911,0.997235
4912,0.996626
4915,0.0137821
4916,0.0118351
4917,0.301059
4919,0.160626
4922,0.000918486
4925,0.0714672
4928,0.00206524
4929,0.0555785
4931,0.00271712
4933,0.0817735
4935,0.0005896
4936,0.00559233
4937,0.000471228
4939,0.0100847
4940,0.00265534
4941,0.00297601
4942,0.00638234
4944,0.130741
4946,0.122932
4947,0.0935913
4948,0.401223
4954,0.0154352
4955,0.0534271
4957,0.00642774
4958,0.000182873
4962,0.00413573
4963,0.17679
4966,0.288305
4967,0.0208062
4969,0.0190023
4970,0.0554871
4971,0.00612836
4974,0.00699801
4979,0.00250909
4980,0.0567217
4982,0.00647426
4987,0.0409591
4990,0.0147352
4991,0.00758208
4992,0.00478904
4993,0.0238251
4994,0.0223779
4995,0.0635042
4997,0.0447378
4999,0.0137101
5000,0.00383281
5001,0.154764
5002,0.0297646
5005,0.000381309
5010,0.050789
5011,0.0164307
5014,0.0167254
5015,0.00706309
5016,0.00772673
5017,0.0110856
5018,0.00154653
5019,0.00509706
5020,0.00269079
5021,0.00905103
5022,0.00770157
5023,0.218727
5024,0.00101723
5025,0.000928983
5026,0.00583045
5027,0.0454568
5028,0.00686091
5030,0.0246687
5031,0.00173517
5032,0.0028267
5033,0.00270376
5034,0.0693673
5039,0.0291288
5040,0.0146892
5041,0.0843074
5042,0.00932375
5045,0.0192948
5046,0.00131094
5049,0.0046274
5050,0.0409074
5054,0.00285286
5057,0.00586277
5060,0.0105221
5061,0.0119113
5063,0.996664
5064,0.997393
5065,0.99705
5068,0.0839966
5070,0.198409
5071,0.997391
5076,0.00394711
5077,0.00444311
5079,0.111669
5080,0.0157523
5083,0.00422444
5085,0.355486
5087,0.00939414
5089,0.00847592
5090,0.355286
5091,0.142814
5095,0.00784002
5097,0.0738769
5098,0.136453
5101,0.0035568
5102,0.0834333
5103,0.00274398
5105,0.333687
5109,0.0149883
5112,0.00228176
5115,0.0586004
5121,0.993385
5122,0.0118406
5123,0.0174761
5126,0.000875347
5127,0.0184032
5130,0.997668
5131,0.000389805
5137,0.178579
5139,0.294172
5141,0.229367
5143,0.189547
5144,0.00102429
5146,0.178626
5148,0.157026
5149,0.214098
5151,0.149693
5154,0.0044858
5156,0.0190373
5157,0.0829634
5159,0.0201455
5160,0.270776
5166,0.000847091
5169,0.00248714
5170,0.0446511
5172,0.0106759
5174,0.178028
5177,0.000547156
5179,0.0410871
5182,0.00119263
5183,0.130741
5187,0.00221267
5188,0.0150245
5190,0.998332
5192,0.0488929
5195,0.997517
5200,0.0225114
5201,0.134919
5202,0.000639259
5203,0.00407071
5205,0.00336025
5206,0.114019
5207,0.0111992
5217,0.0164665
5218,8.54852e-05
5220,0.00760898
5221,0.0931213
5224,0.00144912
5225,0.997514
5227,0.0045661
5229,0.00388317
5230,0.0312673
5232,0.132657
5233,0.0154347
5235,0.00236412
5236,0.0102611
5239,0.00340951
5241,0.300966
5242,0.00294155
5244,0.0231498
5246,0.0429693
5247,0.0650737
5250,0.000594103
5251,0.99779
5252,0.997296
5255,0.000972744
5256,0.00349425
5257,0.00106153
5260,0.0660283
5261,0.0380765
5262,0.0241446
5264,0.0287017
5267,0.00201698
5268,0.00151806
5270,0.00818819
5273,0.0538439
5275,0.000390665
5277,0.0577086
5279,0.0245051
5282,0.159119
5287,0.0107016
5290,0.000514346
5291,0.206007
5293,0.00305878
5297,0.231304
5298,0.0353003
5299,0.0180224
5300,0.0146406
5302,0.0136541
5305,0.00448752
5311,0.00959428
5312,0.000184899
5313,0.0488926
5314,0.0362343
5315,0.0260227
5316,0.00658036
5319,0.00771776
5321,0.00213414
5323,0.00925119
5326,0.0149493
5327,0.000727621
5328,0.00223974
5329,0.0358969
5331,0.00154154
5334,0.19161
5335,0.0231119
5337,0.0520206
5340,0.0033364
5342,0.013971
5344,0.00197026
5345,0.0494161
5346,0.068445
5348,0.00138139
5349,0.0456674
5351,0.0941953
5353,0.00803975
5354,7.70261e-05
5357,0.00190192
5359,0.00114968
5362,0.209873
5363,0.0045287
5364,0.00128772
5366,0.118275
5369,0.00612081
5371,0.00495645
5372,0.00789174
5382,0.0751718
5384,0.00155774
5385,0.0445954
5388,0.0183687
5389,0.0314537
5390,0.0721482
5391,0.00509122
5392,0.0108019
5393,0.0085233
5396,0.997727
5398,0.997862
5399,0.99824
5401,0.997827
5402,0.998165
5406,0.997784
5409,0.0750238
5422,0.0175147
5424,0.0171716
5427,0.00570672
5428,0.0260067
5431,0.997771
5433,0.00164521
5434,0.00173059
5435,0.00401871
5438,0.00494797
5439,0.00614144
5444,0.000984815
5445,0.0669091
5446,0.0252878
5448,0.0157195
5450,0.0016385
5453,0.0395195
5455,0.0569242
5457,0.00198101
5459,0.043661
5461,0.0155691
5463,0.00852664
5464,0.0054655
5465,0.0243305
5467,0.0524224
5469,0.0250416
5470,0.0589144
5471,0.0179235
5472,0.0223789
5473,0.00168154
5475,0.00100608
5478,0.0207896
5479,0.000882969
5480,0.0151432
5484,0.00267953
5486,7.71988e-06
5487,0.00506029
5489,0.0379026
5492,0.0259996
5494,0.0136319
5495,0.00258971
5501,0.000746065
5502,0.0017601
5503,0.000786091
5507,0.00489496
5508,0.000791183
5511,0.030582
5515,0.00172283
5519,0.00660317
5522,0.000981622
5524,0.00151312
5525,0.0199864
5527,0.00159447
5531,0.00614598
5533,0.0259687
5534,0.0639462
5535,0.0158166
5536,0.000914949
5543,0.0390022
5545,0.00635663
5547,0.00348236
5548,0.0220509
5549,0.00251474
5550,0.0164139
5551,0.000932642
5552,0.00237016
5553,0.00638804
5554,0.0014353
5556,0.0923759
5557,0.151109
5559,0.00069835
5560,0.00729397
5561,0.00681455
5562,0.00542184
5563,0.0253675
5567,0.00471598
5571,0.0016223
5575,0.343222
5582,0.0970044
5585,0.997895
5588,0.421097
5593,0.00293494
5594,0.00067425
5595,0.00673923
5596,0.00999313
5597,0.0113893
5598,0.00179996
5607,0.0116187
5610,0.0221499
5612,0.00166572
5619,0.0740149
5622,0.0164341
5624,0.00447707
5625,0.0322785
5626,0.00153124
5628,0.0532004
5630,0.00682464
5631,0.0654984
5636,0.0791816
5637,0.716314
5638,0.0120732
5639,0.00636687
5642,0.0446824
5645,0.0155721
5646,0.00892432
5647,0.0227827
5650,0.00698346
5652,0.163554
5653,0.0531978
5654,0.0576116
5655,0.0498778
5658,0.00876664
5659,0.00187907
5660,0.011327
5661,0.0044124
5664,0.0169245
5665,0.0163393
5667,0.0199079
5669,0.00268823
5670,0.267497
5672,0.0276257
5673,0.012161
5675,0.00105689
5676,3.09971e-05
5677,0.021509
5679,0.0674925
5680,0.0111131
5685,0.00413331
5686,0.00769004
5687,7.35671e-05
5692,0.088913
5693,0.00419766
5695,0.796328
5699,0.00205706
5700,0.000409555
5701,0.0531151
5707,0.040178
5708,0.0218008
5714,0.000584106
5716,0.0667051
5717,0.00151394
5718,0.000845738
5720,0.00799069
5725,0.0818061
5726,0.00335261
5728,0.00594943
5730,0.0632258
5731,0.000323911
5732,0.00957944
5734,0.00113747
5735,0.0087967
5736,0.0169076
5740,0.00193229
5758,0.0342819
5767,0.125388
5769,0.00181374
5771,0.00849802
5774,0.00115359
5775,0.00239297
5776,0.0153908
5777,0.000690927
5778,0.0284745
5782,0.061432
5784,0.0053546
5786,0.171076
5791,0.000739524
5794,0.000582773
5795,0.0849556
5797,0.00143579
5802,0.00746786
5803,0.996774
5804,0.00480302
5810,0.995939
5812,0.00778221
5815,0.993327
5816,0.994218
5821,0.00395921
5827,0.0107767
5828,0.000787186
5833,0.0352422
5836,0.216003
5839,0.0110719
5845,0.0733041
5850,0.0414026
5852,0.000786469
5853,0.0017364
5856,0.0391908
5858,0.00388365
5863,0.00581085
5867,0.0409409
5870,0.00467508
5876,0.0106819
5877,0.0241343
5879,0.0221148
5880,0.0149188
5881,0.00511366
5883,0.0449181
5884,0.191202
5885,0.00368882
5886,0.00345108
5891,0.0567629
5892,0.00588471
5893,0.0211068
5894,0.0059343
5895,0.00101848
5900,0.163897
5905,0.0482313
5906,0.0166883
5912,0.0023068
5913,0.000668642
5919,0.02319
5920,0.000185927
5922,0.000400439
5923,0.0840755
5928,0.00177157
5929,0.0148749
5930,0.00174679
5932,0.0148456
5935,0.000365899
5936,0.00771097
5939,0.0211395
5940,0.00624882
5942,0.00265823
5944,0.164789
5945,0.000606901
5946,0.159945
5947,0.000679482
5948,0.0155332
5954,0.00304575
5955,0.091408
5956,0.031161
5958,0.13853
5961,0.00509254
5962,0.000211444
5963,0.030371
5965,0.00903262
5972,0.00102635
5974,0.0306548
5977,0.00118294
5980,0.003065
5982,0.000926941
5983,0.0561785
5984,0.0505807
5985,0.00591359
5987,0.00442764
5988,0.00033454
5989,0.00135058
5991,0.448216
5994,0.00323257
5996,0.255812
5997,0.00816448
5998,0.0174345
5999,0.00222211
6000,3.90491e-05
6003,0.00515845
6007,0.00187257
6009,0.0345152
6012,0.0267095
6013,0.00615471
6015,0.011495
6016,0.00261158
6018,0.0147096
6019,0.305125
6023,0.996315
6024,0.996882
6025,0.995557
6026,0.000381994
6027,0.0347557
6029,0.0016909
6032,0.0219025
6033,0.00197531
6037,0.0216385
6039,0.0105913
6040,0.0040044
6047,0.0297891
6048,0.0241659
6050,0.0353589
6051,0.994552
6052,0.121611
6059,0.0175035
6060,0.0163443
6061,0.0293449
6063,0.729543
6067,0.0125237
6069,0.0422819
6073,0.0021889
6075,0.000183893
6076,0.00934448
6079,0.00116708
6082,0.121349
6084,0.0520477
6087,0.00219331
6089,0.0485713
6091,0.0139735
6094,0.017754
6095,0.00570261
6096,0.012912
6098,0.0478901
6100,0.0172366
6101,0.996728
6103,0.994135
6104,0.00193523
6105,0.994927
6106,0.0136168
6107,0.0170725
6108,0.00754834
6109,0.0778896
6110,0.0319677
6111,0.00195077
6112,0.00298125
6115,0.00918479
6120,0.00230534
6121,0.0563306
6123,0.00780315
6125,0.0640375
6126,0.00582308
6127,0.00631257
6129,0.0346449
6133,0.0903894
6134,0.0347558
6135,0.0379772
6138,0.00790945
6141,0.0105137
6142,0.0601911
6146,0.00312459
6148,0.0161879
6153,0.00576996
6154,0.0499916
6155,0.00387369
6156,0.971445
6157,0.0101823
6158,0.000773635
6159,0.0111729
6160,0.00481073
6161,0.00060381
6163,0.00909775
6165,0.0352655
6167,0.12755
6168,0.00485301
6169,0.0412814
6172,0.00745355
6176,0.0958177
6177,0.00113298
6178,0.00220946
6180,0.00901966
6183,0.000957796
6188,0.0376378
6189,0.00280731
6190,0.0760738
6191,0.00151993
6196,0.00161509
6197,0.0450338
6203,0.00487049
6207,0.259639
6208,0.00102712
6211,0.011769
6213,0.00384658
6214,0.00959569
6217,0.0181695
6218,0.0233288
6219,0.000988326
6223,0.0937425
6227,0.00301012
6229,0.0141597
6231,0.00664311
6236,0.000478885
6238,0.0739648
6239,0.00399009
6240,0.00276825
6242,0.00131535
6245,0.000853255
6249,0.040689
6250,0.00205894
6251,0.053343
6253,0.00920896
6254,0.0118135
6256,0.0122465
6260,0.0786958
6261,0.0270985
6263,0.995492
6264,0.994246
6268,0.00332624
6270,0.0014528
6272,0.00777184
6276,0.00176322
6277,0.09193
6278,0.143953
6279,0.0346679
6285,0.00490818
6286,0.000806258
6287,0.000612407
6289,0.000880217
6290,0.00277933
6291,0.104628
6292,0.00786179
6294,0.137431
6295,0.00303263
6296,0.0107067
6297,0.094449
6298,0.0178242
6301,0.0106739
6302,0.00322084
6303,0.00275506
6305,0.027399
6306,0.0212172
6309,0.00164042
6310,0.0146241
6313,0.00502604
6317,0.00224698
6319,0.0986434
6320,0.147428
6321,0.011063
6326,0.00253238
6329,0.0041013
6330,0.00805543
6331,0.024302
6334,0.00734943
6335,0.0204094
6336,0.322505
6338,0.0184144
6339,0.194655
6340,0.084244
6341,0.0123901
6342,0.00395251
6345,0.000836203
6348,0.0476304
6356,0.0355491
6358,0.0104391
6359,0.108029
6362,0.0305466
6364,0.0101341
6365,0.00877271
6366,0.00329548
6371,0.0194291
6373,0.110045
6377,0.0369015
6379,0.000615094
6380,0.00930201
6383,0.00388088
6386,0.111609
6389,0.475918
6390,0.00145288
6393,0.00318524
6394,0.000940975
6395,0.185166
6396,0.20392
6397,0.151894
6399,0.10446
6400,0.00499888
6401,0.0552397
6405,0.00195218
6407,0.197571
6409,0.0111355
6411,0.0447007
6413,0.0204664
6414,0.00143298
6416,0.0716496
6417,0.00203637
6420,0.00294792
6421,0.000756377
6435,0.0190983
6436,0.00356298
6438,0.0111691
6439,0.00366576
6441,0.0363952
6443,0.00492194
6444,0.0111087
6445,0.000193235
6446,0.00676862
6447,0.00320838
6451,0.000922062
6452,0.00143179
6455,0.00128146
6457,0.00852882
6458,0.401935
6459,0.0812291
6462,0.00644488
6466,0.00634597
6467,0.0109976
6468,0.0101745
6471,0.0409354
6474,0.00154986
6475,0.00260533
6476,0.0987287
6478,0.00308529
6480,0.00152105
6483,0.0912816
6484,0.00417165
6485,0.0321914
6487,0.134451
6490,0.0170858
6494,0.00347894
6499,0.0656427
6500,0.0622219
6501,0.00112821
6502,0.0617374
6503,0.0614372
6504,0.0263658
6505,0.00352253
6507,0.00387322
6509,0.014062
6511,0.00278846
6513,0.00737161
6515,0.0210423
6516,0.0624298
6517,0.124913
6520,0.0521613
6523,0.00613209
6528,0.00291132
6530,0.000381685
6532,0.0385743
6533,0.00433605
6535,0.00576348
6536,0.0011029
6539,0.00338105
6542,0.0328096
6543,0.0630015
6545,0.000560594
6550,0.0450404
6552,0.0716843
6553,0.0033957
6556,0.206323
6558,0.00834097
6560,0.00747951
6561,0.00676613
6564,0.00052736
6565,0.119534
6574,0.0143318
6577,0.0096165
6581,0.0343783
6582,0.564578
6583,0.161003
6585,0.00528841
6586,0.00060028
6587,0.000771344
6589,0.0799101
6591,0.0119333
6593,0.00177111
6597,0.00156999
6598,0.0202653
6600,0.0707611
6602,0.00476507
6604,0.00972275
6605,0.0875417
6606,0.00278525
6607,0.0155058
6608,0.00137566
6611,0.0388481
6612,0.00189301
6613,0.00352469
6614,0.0567909
6615,0.152034
6617,0.0258823
6620,0.00520633
6621,0.00369987
6624,0.0269723
6628,0.00458158
6630,0.0414733
6631,0.41652
6634,0.00416917
6635,0.0058513
6637,0.00657456
6638,0.0023595
6641,0.00257408
6642,0.00617427
6643,0.00449938
6647,0.0032537
6648,0.0838372
6649,0.0172066
6650,0.008664
6652,0.0178133
6654,0.00164211
6657,0.00863358
6658,0.00234933
6659,0.0128544
6660,0.00136292
6661,0.030129
6664,0.012898
6669,0.00393552
6672,0.200174
6674,0.00153543
6679,0.112674
6684,0.000726961
6688,0.0197026
6689,0.00124958
6691,0.00743256
6693,0.0221822
6694,0.0126253
6700,0.0137847
6701,0.0161462
6702,0.0183163
6704,0.00407862
6706,0.00110002
6710,0.0210574
6711,0.0343794
6713,0.00564023
6714,0.00640691
6715,0.00705131
6716,0.0126
6724,0.011931
6727,0.0110786
6729,0.213649
6731,0.00226938
6733,0.529467
6734,0.0143833
6735,0.0244599
6736,0.0913484
6737,0.008601
6738,0.314471
6740,0.0081045
6742,0.0973002
6744,0.00502104
6746,0.00532875
6747,0.0177732
6749,0.00249341
6750,0.0137039
6753,0.00290213
6754,0.165544
6755,0.000125258
6756,0.0359216
6758,0.021985
6759,0.0142343
6761,0.00132871
6762,0.00192321
6763,0.0456423
6766,0.000133499
6767,0.00541837
6770,0.995251
6775,0.0527751
6779,0.00414076
6780,0.0235503
6782,0.0643171
6783,0.00868292
6786,0.00110865
6787,0.00266787
6791,0.0303434
6793,0.104799
6796,0.000133722
6798,0.375963
6799,0.272603
6800,0.315439
6803,0.0168768
6806,0.0039404
6807,0.00258136
6810,0.0407555
6811,0.106501
6813,0.00089969
6817,0.0205244
6819,0.00272053
6822,0.0209571
6823,0.0132699
6824,0.115024
6825,0.000550867
6826,0.00533657
6827,0.10878
6830,0.0182245
6834,0.0914004
6835,0.00169359
6836,0.000401535
6842,0.684326
6843,0.994967
6846,0.00100571
6847,0.00161005
6850,0.0338447
6855,0.00179184
6856,0.00057527
6857,0.0969445
6858,0.00355944
6860,0.01891
6861,0.0124263
6863,0.00709826
6868,0.00270985
6869,0.00111245
6871,0.0921681
6873,0.00035058
6874,0.00283714
6875,0.0278528
6879,0.0075389
6882,0.0224235
6883,0.00586506
6884,0.00137721
6886,0.00597732
6887,0.157595
6891,0.511631
6892,0.0698172
6893,0.00151409
6896,0.00225678
6898,0.0465177
6899,0.0133827
6900,0.0471146
6904,0.00621472
6905,0.000805829
6906,0.00581295
6907,0.725928
6908,0.0673951
6910,0.171985
6912,0.0131351
6915,0.00602093
6916,0.0114257
6921,0.167759
6922,0.0264567
6927,0.0335844
6928,0.00816741
6929,0.0183126
6930,0.0319589
6932,3.91464e-05
6933,0.0136726
6937,0.00534174
6939,0.000818553
6942,0.01918
6943,0.00355625
6944,0.00175415
6945,0.0012728
6947,0.990893
6948,0.989766
6951,0.00960918
6952,0.00826406
6955,0.00327874
6956,0.000558641
6959,0.0531451
6962,0.0472701
6966,0.00307013
6967,0.0281132
6968,0.00127901
6970,0.00281512
6971,0.0325389
6972,0.0171661
6973,0.00123703
6974,0.0623754
6976,0.0100825
6977,0.00150074
6978,0.00118034
6979,0.113429
6982,0.00444412
6983,0.00292051
6988,0.00681776
6993,0.00387827
6995,0.110262
6996,0.00349254
6998,0.0829913
6999,0.0235102
7001,0.0555773
7004,0.00163013
7007,0.00237848
7008,0.00287189
7011,0.00439971
7012,0.00430442
7013,0.0171602
7014,0.00259124
7016,0.0175966
7017,0.00363804
7018,0.00556051
7019,0.0347036
7022,0.00455542
7024,0.0436545
7029,0.0223063
7030,0.043639
7031,0.000404501
7032,0.00489197
7034,0.0015063
7037,0.0111358
7038,0.0413077
7039,0.0242823
7040,0.0147352
7042,0.256104
7044,0.00101095
7045,0.0129076
7046,0.0646414
7048,0.00304085
7054,0.0134963
7056,0.0167191
7059,0.0206478
7061,0.0116898
7062,0.00651802
7064,0.00515538
7065,0.105004
7066,0.00104008
7068,0.988458
7073,0.000831481
7076,0.206537
7077,0.00139743
7079,0.000827646
7081,0.0116609
7083,0.215184
7085,0.00977358
7086,0.00138594
7087,0.00124404
7088,0.014631
7091,0.0625401
7093,0.000560008
7094,0.00143699
7095,0.00473505
7096,0.00058258
7098,0.00394403
7099,0.00204794
7105,0.248213
7108,0.0074194
7109,0.153521
7113,0.989948
7116,0.0060216
7117,0.000968334
7118,0.00169536
7120,0.000670926
7121,0.077532
7125,0.00692621
7130,0.00177155
7131,0.0129529
7132,0.000993492
7137,0.0198936
7138,0.00291934
7142,0.0689193
7145,0.00125536
7147,0.0200098
7148,0.00214535
7149,0.0101268
7151,0.0433582
7156,0.0392112
7160,0.020791
7161,0.000774407
7163,0.0454138
7165,0.00852942
7172,0.110067
7174,0.0113331
7175,0.0629694
7177,0.0010874
7181,0.0305266
7182,0.00899342
7184,0.00440946
7187,0.00473957
7189,0.000829588
7190,0.000415876
7197,0.000383664
7199,0.00934771
7201,0.00373853
7202,0.00172385
7203,0.00308405
7206,0.00190348
7209,0.00153326
7211,0.085301
7212,0.0484294
7213,0.00217969
7215,0.00966645
7217,0.00282575
7218,0.689845
7221,0.00269005
7223,0.00137453
7225,0.00175203
7226,0.0081826
7227,0.0833969
7229,0.00228723
7231,0.569974
7234,0.00331073
7235,0.00740943
7238,0.0219743
7239,0.00634244
7240,0.0177902
7245,0.000462808
7246,0.0209927
7248,0.00565994
7250,0.0246383
7251,0.0511921
7256,0.0534741
7257,0.559733
7258,0.0055849
7259,0.00887905
7264,0.0310612
7266,0.0375728
7267,0.00273511
7271,0.013059
7274,0.925649
7276,0.000887709
7277,0.0100073
7279,0.00185061
7280,0.00346297
7282,0.00229215
7283,0.00639522
7291,0.0661726
7295,0.00117234
7296,0.000488492
7298,0.0161762
7300,0.00159408
7302,0.00042398
7304,0.00631563
7305,0.0060173
7311,0.00268349
7315,0.000629563
7316,0.0300556
7319,0.0113319
7321,0.128366
7326,0.0301882
7328,0.115328
7331,0.0653011
7332,0.0132782
7333,0.0536448
7334,0.0605568
7336,0.0166489
7337,0.107892
7338,0.00304945
7339,0.000514313
7340,0.0146249
7341,0.00627066
7343,0.00147603
7344,0.00185014
7346,0.0746746
7347,0.0110778
7349,0.0120217
7351,0.258351
7352,0.00218906
7353,0.928571
7354,0.119116
7356,0.0332635
7360,0.258595
7364,0.704831
7365,0.0154554
7366,0.00271497
7367,0.0383375
7368,0.00765305
7372,0.00314965
7373,0.00146745
7374,0.108262
7376,0.011734
7380,0.0999033
7383,0.0361045
7384,0.0128606
7385,0.00502475
7389,0.00528795
7392,0.0464595
7393,0.0213785
7395,0.188533
7396,0.000862431
7399,0.106081
7400,0.0404145
7403,0.00437852
7405,0.0247348
7406,0.230023
7410,0.00176151
7411,0.0148699
7417,0.0266626
7419,0.0430535
7421,0.00305623
7424,0.0203013
7425,0.00910955
7429,0.00349111
7430,0.0737134
7432,0.0150102
7434,0.00266582
7439,0.000886488
7441,0.0123663
7447,0.000794832
7448,0.0250644
7449,0.100991
7451,0.190565
7452,0.368033
7453,0.0124727
7455,0.0575981
7456,0.00884306
7458,0.00307933
7459,0.00950273
7460,0.00704038
7461,0.228179
7463,0.0382869
7465,0.0464697
7469,0.23657
7471,0.00102096
7472,0.00114983
7475,0.0266333
7477,0.0125962
7478,0.0438986
7479,0.00305899
7482,0.013419
7483,0.00763064
7484,0.0315168
7485,0.0110114
7486,0.00101629
7487,0.00101114
7488,0.00975878
7489,0.00350346
7491,0.00241615
7492,0.0112888
7496,0.0386361
7501,0.0460831
7502,0.0012015
7503,0.0165576
7506,0.00247092
7507,0.121369
7508,0.00351263
7514,0.0271084
7520,0.0122797
7522,0.00400458
7526,0.00155043
7528,0.00999655
7529,0.00226129
7530,0.0240594
7535,0.00957279
7536,0.000328525
7537,0.00598697
7538,0.00663564
7540,0.0180006
7541,0.00440553
7544,0.0331975
7545,0.127106
7546,0.00837007
7549,0.00194635
7550,0.00312867
7551,0.0277542
7554,0.0968344
7556,0.00622605
7557,0.0605912
7558,0.00104
7559,0.0145182
7564,0.064176
7565,0.0053259
7566,0.00634989
7569,0.14919
7570,0.018735
7571,0.163759
7572,0.0866961
7573,0.010107
7574,0.0305103
7576,0.16197
7579,0.00772797
7580,0.0146415
7581,0.00970941
7584,0.00183031
7586,0.00285993
7588,0.0151228
7589,0.0010134
7591,0.00838256
7596,0.00718046
7598,0.0106667
7599,0.0153856
7602,0.00318041
7604,0.289754
7605,0.0216984
7609,0.00673595
7612,0.0104675
7615,0.00616024
7624,0.000834621
7626,0.00304592
7627,0.000749658
7628,0.0039699
7630,0.0171288
7636,0.0259544
7637,0.0140538
7640,0.00107618
7641,0.0016053
7642,0.00971729
7645,0.118227
7646,0.0722265
7650,0.00358752
7651,0.00996015
7652,0.00870023
7653,0.00285586
7656,0.00431405
7658,0.0125864
7659,0.00542577
7661,0.000667416
7662,0.00283009
7663,0.000202105
7664,0.262913
7665,0.579886
7666,0.0398849
7667,0.244822
7669,0.0241782
7671,0.00379068
7672,0.0431871
7674,0.00514397
7675,0.00425147
7677,0.0538374
7678,0.0269417
7679,0.00327131
7680,0.00214175
7681,0.00466263
7686,0.00173567
7687,0.131942
7688,0.00327454
7690,0.000418285
7691,0.00380813
7694,0.00184452
7695,0.111549
7698,0.0860875
7699,0.000410799
7701,0.00500479
7702,0.0034934
7703,0.00396471
7704,0.00979575
7705,0.0639944
7711,0.185178
7715,0.0173441
7719,0.11256
7724,0.124705
7729,0.0107206
7732,0.175503
7734,0.00318851
7735,0.00251445
7736,0.0815469
7740,0.0013733
7743,0.00472014
7747,0.017819
7748,0.00259295
7750,0.00407777
7751,0.00539726
7752,0.00130261
7755,0.00117745
7756,0.00185118
7759,0.00046251
7760,0.0226612
7762,0.00849318
7766,0.0426497
7767,0.00163915
7768,0.00278524
7769,0.00175823
7770,0.00136917
7772,0.0550176
7773,0.014579
7774,0.0280697
7775,0.00131954
7776,0.448582
7779,0.0206396
7780,0.0409168
7781,0.127595
7782,0.00200583
7783,0.0194529
7784,0.0105196
7785,0.0235615
7787,0.000231134
7791,0.00515915
7792,0.0123108
7800,0.127023
7806,0.172088
7808,0.00125015
7809,0.00411586
7813,0.00768032
7815,0.194034
7820,0.0039355
7821,0.312885
7828,0.0311166
7829,0.0161547
7830,0.011458
7832,0.00124708
7834,0.0195687
7835,0.00876756
7836,0.0269761
7843,0.00112065
7845,0.0192801
7846,0.0293351
7847,0.0451967
7848,0.00212689
7849,0.000589967
7851,0.00227357
7852,0.14945
7856,0.00199573
7857,0.0261357
7860,0.00439088
7862,0.00510263
7863,0.0788168
7865,0.00601783
7866,0.00389713
7869,0.0424488
7872,0.0185952
7873,0.00527292
7875,0.00171354
7876,0.000489037
7877,0.00461839
7878,0.078063
7880,0.00382252
7882,0.045166
7883,0.0482428
7887,0.00073775
7888,0.0133935
7890,0.0281233
7893,0.00970868
7895,0.00818742
7896,0.00999425
7898,0.0442499
7899,0.0110882
7900,0.0300865
7901,0.0293725
7902,0.0195979
7905,0.00695167
7909,0.00349006
7910,0.0195528
7912,0.00880475
7914,0.107796
7916,0.0576766
7918,0.000217898
7921,0.0727695
7922,0.0688195
7923,0.00366342
7924,0.0026334
7925,0.0188831
7926,0.0125767
7927,0.0505602
7929,0.00855804
7930,0.0100702
7931,0.00852176
7933,0.000205633
7934,0.00274519
7935,0.0131377
7938,0.0266516
7939,0.0524135
7943,0.0215821
7945,0.00166613
7948,0.168619
7949,0.0122639
7950,0.010922
7952,0.00871878
7953,0.102803
7958,0.00582175
7960,0.0101685
7961,0.0558076
7962,0.0127852
7963,0.00400427
7964,0.108501
7965,0.0330115
7967,0.012437
7968,0.0222999
7969,0.0171265
7973,0.0221614
7974,0.00926561
7978,0.0460633
7980,0.0593698
7981,0.00632169
7985,0.463381
7987,0.000794373
7990,0.00391103
7991,0.123417
7992,0.0627503
7994,0.0458758
7995,0.0199343
7996,0.00451091
7997,0.308672
7999,0.225992
8000,0.00511035
8001,0.00412378
8002,0.00857589
8004,0.00191859
8013,0.00365708
8017,0.0126248
8018,0.00251009
8020,0.00593047
8022,0.0303203
8023,0.00381206
8024,0.00245284
8025,0.00285768
8026,0.0615943
8029,0.00168543
8032,0.0572878
8035,0.00401062
8041,0.194121
8042,0.00475623
8044,0.017456
8046,0.00375102
8047,0.00875514
8048,0.00411391
8051,0.0183549
8052,0.0745763
8053,0.250937
8055,0.00256407
8056,0.0075543
8059,0.00050766
8060,0.0018307
8062,0.00168698
8064,0.00187461
8065,0.00679638
8066,0.0108812
8067,0.00312214
8068,0.00461303
8069,6.39703e-05
8070,0.00583283
8073,0.000873003
8074,0.00217421
8076,0.00160059
8077,0.00129032
8078,0.0744235
8079,0.0504974
8080,0.00467558
8081,0.0151222
8083,0.0172621
8088,0.115597
8089,0.0156894
8090,0.000700125
8091,0.00252849
8096,0.0191035
8103,0.00253391
8104,0.0161007
8106,0.295805
8107,0.0116096
8109,0.00683715
8111,0.416502
8112,0.222345
8113,0.335359
8115,0.000825885
8116,0.0013383
8119,0.00195614
8120,0.583875
8121,0.0675828
8122,0.000432584
8123,0.0218975
8124,8.2852e-05
8126,0.0128429
8127,0.00191413
8128,0.00289009
8129,0.00105706
8130,0.284174
8134,0.699296
8136,0.00548493
8139,0.0187047
8140,0.00545396
8141,0.00441314
8142,0.00573063
8144,0.00177829
8145,0.00817932
8148,0.00147923
8151,0.00395424
8156,0.520464
8157,0.108685
8160,0.00127156
8162,0.0389271
8164,0.981044
8168,0.253484
8169,0.000669657
8170,0.29724
8172,0.104753
8173,0.000845435
8175,0.00226247
8177,0.00383395
8179,0.0142234
8181,0.357471
8184,0.00233432
8186,0.00580374
8193,0.0187513
8207,0.00366216
8208,0.000676274
8209,0.000816116
8211,0.0038406
8214,0.00580438
8234,0.488783
8235,0.00868779
8236,0.000806077
8237,0.25278
8243,0.00818226
8248,0.155009
8252,0.25794
8253,0.00647801
8256,0.0130259
8263,0.0180576
8267,0.0330811
8268,0.0101938
8269,0.00498819
8273,0.259514
8276,0.00155519
8280,0.00155545
8288,0.00559021
8302,0.009521
8304,0.414479
8314,0.000442691
8319,0.0109658
8327,0.978172
8330,0.974028
8334,0.986298
8336,0.98707
8337,0.984448
8340,0.981167
8341,0.972483
8343,0.97559
8344,0.976514
8345,0.00432462
8347,0.107725
8350,0.00348995
8353,0.982648
8354,0.985394
8355,0.980692
8357,0.981787
8359,0.774885
8360,0.982812
8369,0.976059
8371,0.974631
8372,0.974453
8373,0.978856
8376,0.971126
8377,0.969021
8384,0.00115142
8385,0.00256909
8387,0.00103365
8389,0.981816
8398,0.000998155
8412,0.019355
8413,0.81128
8423,0.0024936
8424,0.00899871
8430,0.786433
8431,0.724564
8436,0.848971
8438,0.905119
8439,0.894953
8444,0.000309255
8445,0.0740995
8447,0.0395902
8449,0.0115508
8457,0.00114422
8458,0.285247
8459,0.021377
8462,0.00446081
8467,0.00469413
8471,0.000446861
8475,0.0526356
8476,0.166151
8477,0.00423937
8479,0.0117743
8482,0.00223207
8484,0.101447
8486,0.30948
8488,0.288705
8489,0.0863504
8492,0.000928835
8494,0.00124927
8508,0.00753853
8509,0.0123871
8513,0.498936
8516,0.00374772
8521,0.359597
8523,0.0204851
8526,0.0844038
8527,0.0268712
8529,0.142375
8531,0.0185207
8533,0.396171
8534,0.739507
8540,0.115126
8543,0.0130717
8544,0.0115143
8545,0.0049377
8546,0.000182727
8552,0.000937756
8555,0.0363812
8559,0.183527
8561,0.00285363
8573,0.00819417
8576,0.518682
8587,0.00301986
8591,0.00481045
8595,0.000849007
8600,0.00120951
8612,0.741087
8614,0.812751
8615,0.846236
8619,0.00225979
8623,0.605175
8631,0.003635
8643,0.569088
8648,0.513177
8649,0.0122471
8651,0.586769
8654,0.000664155
8657,0.00553748
8689,0.56724
8691,0.0561942
8717,0.507177
8721,0.489555
8731,0.0187699
8732,0.00414822
8741,0.00289514
8749,0.0151091
8762,0.00279091
8765,0.151223
8766,0.0292908
8767,0.00166384
8768,0.757039
8769,0.766635
8770,0.776317
8772,0.786059
8776,0.81068
8778,0.819787
8782,0.82885
8783,0.84215
8784,0.001282
8786,0.0052552
8789,0.00138338
8792,0.0113898
8795,0.000836451
8799,0.00343289
8800,0.00771472
8805,0.0596153
8815,0.408336
8826,0.00819924
8828,0.372276
8829,0.199806
8833,0.260806
8850,0.375179
8875,0.32233
8877,0.297579
8878,0.390474
8879,0.341964
8883,0.00795967
8884,0.23547
8885,0.255772
8887,0.229311
8888,0.236563
8889,0.262666
8894,0.263566
8896,0.210534
8898,0.323353
8899,0.304712
8902,0.0468885
8903,0.0203164
8909,0.000451459
8913,0.105635
8921,0.00634482
8923,0.00617526
8928,0.997402
8929,0.996612
8931,0.996899
8935,0.996965
8936,0.00546359
8937,0.996739
8940,0.0615041
8941,0.000786163
8942,0.996872
8943,0.997003
8944,0.997666
8947,0.00501128
8949,0.996812
8953,0.643581
8956,0.997722
8968,0.553655
8971,0.603705
8974,0.571051
8975,0.600273
8976,0.638723
8977,0.56361
8979,0.00336305
8980,0.00290292
8981,0.997565
8983,0.997322
8984,0.996873
8987,0.996902
8988,0.996619
8989,0.643301
8990,0.627037
8991,0.198399
8992,0.0100623
8998,0.559809
8999,0.580673
9000,0.559562
9002,0.996856
9005,0.00729128
9008,0.997088
9012,0.99649
9013,0.996292
9014,0.996611
9015,0.996239
9016,0.996707
9017,0.996201
9018,0.996645
9019,0.996153
9020,0.996174
9022,0.00192743
9023,0.995611
9024,0.00114183
9025,0.00382336
9033,0.00347046
9037,0.995665
9038,0.995898
9040,0.995764
9041,0.995886
9046,0.00205828
9048,0.000921069
9051,0.996448
9053,0.061072
9070,0.0422842
9075,0.00120129
9078,0.0440697
9079,0.0731892
9083,0.996672
9084,0.997114
9087,0.995866
9088,0.996145
9093,0.0527525
9105,0.00265873
9108,0.00619511
9110,0.0285128
9116,0.033449
9118,0.995261
9120,0.56295
9125,0.00259926
9126,0.996495
9128,0.996961
9129,0.997791
9135,0.475943
9140,0.0662957
9141,0.00908133
9147,0.237525
9153,0.00472897
9156,0.0195568
9159,0.0742853
9161,0.00725803
9163,0.341882
9165,0.453496
9172,0.156055
9175,0.187217
9179,0.192934
9183,0.996988
9185,0.149035
9186,0.0790861
9188,0.00143837
9191,0.218456
9192,0.107406
9193,0.997781
9196,0.99675
9199,0.996588
9200,0.996902
9202,0.996903
9204,0.0494854
9208,0.00646483
9225,0.0191682
9230,0.00115011
9232,0.125071
9234,0.00893411
9236,0.00133334
9237,0.115774
9244,0.99718
9245,0.997127
9250,0.997596
9251,0.000592325
9258,0.99774
9259,0.00502499
9265,0.99696
9269,0.996727
9273,0.449955
9274,0.4845
9275,0.432981
9276,0.499279
9277,0.409227
9278,0.496618
9280,0.997404
9282,0.997118
9283,0.997745
9298,0.989527
9299,0.990914
9301,0.078129
9304,0.73004
9305,0.988488
9308,0.989823
9310,0.990936
9311,0.990102
9313,0.0624794
9317,0.986032
9318,0.988123
9321,0.987797
9322,0.993783
9323,0.981331
9325,0.979474
9327,0.132946
9328,0.528971
9330,0.487793
9331,0.445891
9333,0.773015
9334,0.976091
9335,0.483595
9337,0.438011
9343,0.970849
9344,0.436895
9348,0.460924
9352,0.966134
9353,0.967113
9357,0.450621
9362,0.0130161
9365,0.975854
9367,0.971898
9371,0.203744
9372,0.95875
9375,0.958339
9377,0.961856
9378,0.950535
9380,0.941814
9381,0.94543
9382,0.767191
9383,0.763931
9386,0.76287
9387,0.76882
9388,0.94604
9390,0.944521
9393,0.949993
9395,0.944279
9396,0.943968
9397,0.942589
9399,0.943046
9401,0.93043
9402,0.813037
9405,0.84552
9407,0.924901
9409,0.921335
9410,0.944505
9412,0.944912
9413,0.939642
9414,0.946145
9415,0.947985
9416,0.95019
9417,0.957003
9418,0.951377
9420,0.000112708
9423,0.0287283
