1,0.00246026
2,0.000538844
3,0.00126219
5,0.073985
6,0.019392
10,0.00775241
14,0.00552047
15,0.00028205
16,0.0112133
19,0.0110511
20,0.00401287
24,0.00426252
25,0.00144981
28,0.00117271
29,0.0112382
32,0.0149177
37,0.142838
38,0.00110685
40,0.0600732
41,0.0532218
44,0.00853994
45,0.00944306
47,7.93508e-06
49,0.00360234
51,0.0152214
52,0.00268443
54,0.00456725
55,0.0754555
60,0.00629842
61,0.223806
63,0.0161061
64,0.0156124
68,0.00670251
70,0.00697229
75,0.00787027
76,0.0176516
78,0.00509611
82,0.0180826
85,0.0514707
86,0.0139657
87,0.000685589
88,0.101544
93,0.043931
94,0.0934434
99,0.00225883
103,0.01076
106,0.00372957
107,0.00759472
108,0.150631
109,0.00292522
110,0.050037
116,0.00263831
119,0.00279937
121,0.00234794
123,0.0253105
124,0.108963
128,0.0807725
132,0.0105509
133,0.0289261
138,0.00283535
141,0.000276921
143,0.00606763
144,0.0296341
145,0.000656804
148,0.146862
150,0.0100284
151,0.210967
154,0.00169959
155,0.00452802
157,4.22435e-05
158,0.00879749
159,0.00291471
161,0.0599789
163,0.00370282
166,0.000938815
167,0.00554206
169,0.0200958
170,0.102205
173,0.000845947
174,0.0257506
177,0.164774
178,0.0170336
179,0.0972439
180,0.0565321
182,0.000279569
183,0.00598875
184,0.0523513
185,0.000637394
188,0.00990387
190,0.00828634
194,0.0025375
195,0.00890777
201,0.0436762
202,0.973041
204,0.00738679
207,0.00350019
208,0.0373582
210,0.00272179
212,0.0112872
213,0.000367066
214,0.00244506
219,0.000252931
222,0.000666144
223,0.0288651
225,0.0667395
228,0.00331806
229,0.00193128
232,0.00343279
237,0.0018522
238,0.000368653
240,0.00943162
241,0.0212762
246,0.00157502
247,0.0510015
248,0.0149395
249,0.000842791
250,0.00126197
251,0.00143863
253,0.0405367
255,0.0203671
257,0.128812
259,0.00232933
263,0.00215181
265,0.560986
270,0.00546999
272,0.0117105
279,0.00501382
282,0.00542534
284,0.0587575
285,0.0386538
286,0.0277937
288,0.0123462
290,0.00182165
291,0.0774927
292,0.0258104
294,0.00130883
298,0.03764
300,0.181856
302,0.00266201
304,0.0475416
306,0.00192173
308,0.0156084
314,0.0494137
316,0.133964
319,0.00328092
320,0.00626512
323,0.00699695
324,0.014464
326,0.00818984
329,0.46059
337,0.000756469
340,6.05925e-05
342,0.169767
346,0.00398979
347,0.00241144
348,0.0673001
349,0.127591
350,0.000837972
352,0.00343002
353,0.0126086
356,0.00210956
357,0.00499466
360,0.0547321
365,0.199797
376,0.0399591
377,0.00407118
379,0.00192992
382,0.000238409
385,0.00808126
390,0.028341
391,0.00569592
396,0.00904718
401,0.00133134
402,0.0149102
403,0.00439685
404,0.039715
406,0.00806242
409,0.00941177
411,0.00122454
413,0.0161261
415,0.00171772
416,0.0224603
417,0.00326122
420,0.0128748
421,0.0267289
423,0.00341801
424,0.012963
434,0.156441
435,0.0182099
436,0.00829654
438,0.036755
439,0.0931941
445,0.0408075
446,0.112353
447,0.0047297
449,0.00110287
450,0.00565289
455,0.00922595
457,0.0050581
459,0.0061706
460,0.0214136
461,0.00190831
462,0.0184381
464,0.018609
465,0.0615106
468,0.0246931
469,0.00350553
471,0.0089152
475,0.00470923
476,0.00445633
479,0.0210302
480,0.00114846
482,0.00860732
483,0.00816818
484,0.0264135
489,0.00891801
490,0.00987286
491,0.00448845
492,0.000672673
493,0.0122427
496,0.00517474
498,0.000429632
501,0.00200769
503,0.0220514
506,0.00869772
507,0.0470858
510,0.000595474
514,0.00535215
515,0.0713332
518,0.00774832
520,0.000238257
521,0.0021118
524,0.00186184
525,0.227744
526,0.11241
528,0.00450779
530,0.00348033
533,0.0034976
536,0.000700476
538,0.0105093
539,0.0509211
541,0.00361941
542,0.0704277
543,0.0539426
545,0.0153386
550,0.00327914
552,0.00422686
553,0.610095
554,0.0236957
556,0.218961
560,0.0295134
562,0.0042642
563,0.00337882
567,0.0480038
568,0.00216038
571,0.0244748
573,0.000922197
579,0.00795795
586,0.0199741
587,0.0581305
588,0.0563609
590,0.00395557
591,0.0549648
592,0.0136243
594,0.0294679
595,0.0280893
596,0.0351022
598,0.326104
602,0.0017229
605,0.0323002
608,0.0124473
609,0.00122532
615,0.000972552
616,0.00713677
618,0.0194621
619,0.0271934
621,0.246655
622,0.0739501
623,0.000791958
624,0.0339151
626,0.00276328
628,0.0060001
632,0.00530756
634,0.011132
637,0.255998
640,0.00143175
641,0.037914
643,0.000407864
645,0.010702
646,0.00526349
647,0.000643502
653,0.25464
654,0.0212499
655,0.0816091
666,0.00821955
667,0.070837
669,0.0544447
670,0.028438
671,0.000767688
674,0.276192
677,0.0141811
678,0.000558983
679,0.000745261
680,0.000295534
681,0.30447
686,0.0133329
687,0.0170344
688,0.020837
689,0.00267592
693,0.00454306
694,0.00483727
695,0.00376342
697,0.000933997
699,0.0288595
700,0.046142
701,0.0174706
702,0.0300212
703,0.00729665
704,0.000332206
706,0.0184
708,0.00316053
710,0.00381696
712,0.00341547
715,0.00372452
720,0.00410474
723,0.00152939
725,0.00181157
726,0.0505042
729,0.0668115
731,0.010648
732,0.00346611
733,0.000871049
735,0.0101194
736,0.000229764
737,0.242627
741,0.0227512
742,0.00185428
745,0.328284
746,0.0050526
748,0.0867661
751,0.00364654
752,0.145001
754,0.000252798
757,0.244608
760,0.00351266
762,0.000539634
765,0.545542
768,0.781037
769,0.000224684
774,0.00796177
777,0.00399486
779,0.00488441
780,0.0167483
781,0.00890219
782,0.0532656
784,0.775082
786,0.0236738
788,0.39953
789,0.0210237
790,0.014747
793,0.000792091
795,0.165298
796,0.00207014
798,0.00101066
800,0.0587325
801,0.00660963
803,0.0471976
807,0.70414
808,0.00554043
810,0.00855627
813,0.00657336
814,0.0580113
815,0.335716
825,0.00157963
826,0.000725993
827,0.00802503
830,0.0088023
831,0.00462974
833,0.00459268
836,0.0814647
838,0.0213648
841,0.0287433
844,0.00850199
847,0.00233761
848,0.000402005
849,0.00923077
850,0.0163679
851,0.00943679
852,0.00691528
853,0.181711
854,0.0405879
860,0.00502205
862,8.62814e-05
863,0.11885
865,0.00104126
867,0.0182202
868,0.00651197
870,0.0049518
871,0.0980108
873,0.0343711
877,0.000201533
880,0.00496508
883,0.0321178
884,0.00236473
885,0.0431959
887,0.00022224
888,1.1356e-05
889,0.00608122
891,0.0421203
892,0.00901339
897,0.026567
898,0.0667579
900,0.21965
901,0.00475863
902,0.0234439
903,0.00252331
905,0.00351935
908,0.00251546
912,0.00158064
913,0.0998887
916,0.00383579
917,0.00674449
921,0.0497144
924,0.0011574
925,0.346874
927,0.0125201
928,0.00185144
929,0.00140405
930,0.0279074
931,0.0001435
932,0.051157
934,0.00208855
935,0.0242021
936,0.0012609
937,0.0262323
940,0.0125022
942,0.0710628
944,0.0011092
947,0.00384155
949,0.0154418
950,0.0463051
952,0.000435549
954,0.0190219
956,0.0342517
958,0.202541
959,0.000276341
961,0.00545077
962,0.000590844
963,0.0326084
964,0.00194121
965,0.044993
966,0.0180767
967,0.0960994
969,0.001596
972,0.312117
973,0.00341425
976,0.00258507
977,0.0585271
978,0.0551248
980,0.0268959
981,0.310055
982,0.000791273
984,0.0458028
985,0.000269954
987,0.232837
990,0.798708
991,0.00100022
993,0.000969732
995,0.00400985
996,0.0217152
997,0.0110089
998,0.0483049
1000,0.0135734
1001,0.0761453
1006,0.00243253
1007,0.0444706
1009,0.967565
1011,0.0149968
1016,0.00148608
1017,0.0704526
1019,0.0316119
1021,0.00519195
1023,0.00104778
1024,0.0207617
1025,0.0308177
1026,0.0909271
1027,0.00057837
1028,0.016907
1029,0.0208458
1032,0.343735
1037,0.49597
1039,0.00132058
1040,0.0120572
1041,0.0105178
1043,0.0299339
1045,0.121417
1046,0.00888011
1047,0.00979251
1049,0.0523241
1051,0.000817972
1052,0.0521792
1053,0.0424977
1054,0.00424777
1056,0.00081819
1062,0.0137603
1063,0.00414081
1068,0.00384455
1069,0.0815347
1071,0.002613
1075,0.00406851
1077,0.00884722
1078,0.430501
1079,0.00982698
1081,0.0184577
1083,0.0891476
1084,0.00867549
1085,0.0028075
1086,0.00782501
1088,0.00770728
1090,0.0584504
1091,0.00760507
1092,0.0181872
1095,0.00529244
1096,0.00767785
1097,0.0019892
1098,0.0105496
1099,0.00918982
1100,0.00166358
1102,0.0062632
1103,0.0252709
1104,0.00680338
1105,0.00255882
1106,0.067143
1108,0.0219315
1110,0.00119685
1114,0.00678787
1115,0.0283241
1116,0.00958947
1118,0.00174068
1120,0.159995
1121,0.0410021
1122,0.041051
1126,0.016825
1127,0.0415266
1129,0.00136945
1130,0.00581494
1131,0.00440749
1132,0.0422166
1134,0.0153897
1139,0.195161
1140,0.0519161
1147,0.00892397
1148,0.00950378
1150,0.0247494
1152,0.000609901
1154,0.354046
1157,0.00102876
1158,0.0153088
1159,0.00918636
1160,0.00369682
1161,0.0088433
1164,0.00771453
1169,0.000728328
1172,0.0142847
1174,0.00609545
1176,0.00340662
1177,0.113928
1181,0.0114105
1182,0.101184
1186,0.00231574
1189,0.0119914
1190,0.0138914
1194,0.00418883
1200,0.00498319
1203,0.0753124
1204,0.0712625
1211,0.052834
1212,0.000878045
1214,0.00155163
1215,0.0306358
1218,0.0416356
1219,0.00515095
1221,0.000405226
1222,0.00173633
1223,0.00717099
1227,0.0724581
1229,0.00159775
1230,0.404851
1236,0.0023091
1238,0.00337518
1240,0.00810241
1245,0.00222412
1246,0.000252244
1250,0.11242
1252,0.00681842
1253,0.0341656
1258,0.00456465
1260,0.109214
1262,0.00554972
1269,0.00134182
1271,0.0110026
1272,0.0116633
1273,0.0117697
1274,0.00311965
1275,0.0322846
1276,0.186784
1277,0.00596359
1279,0.00956538
1280,0.0250828
1281,0.0071267
1282,0.0221644
1284,4.27436e-06
1285,0.0166087
1286,0.00329548
1288,0.0653782
1291,0.0027536
1292,3.03694e-05
1293,0.557455
1295,0.0801738
1296,0.00177527
1297,0.0210079
1299,0.00162607
1301,0.00970236
1302,0.000204866
1303,0.0805958
1308,0.000563613
1310,0.00182969
1312,0.0684956
1313,0.158863
1314,0.00157494
1315,0.117561
1316,0.0186164
1317,0.0319897
1322,0.111778
1323,0.00642202
1326,0.00101877
1328,0.0760292
1331,0.0179407
1333,0.358193
1334,0.000651845
1337,0.0290973
1338,0.00355404
1342,0.00230529
1344,0.00153977
1346,0.00231675
1352,0.0329758
1354,0.00514696
1355,0.00306474
1358,0.0532928
1360,0.00681392
1363,0.00505538
1364,0.00220164
1365,0.000680803
1366,0.0011665
1367,0.0756808
1369,0.209709
1371,0.00284182
1372,0.00510375
1373,0.00214901
1378,0.00374573
1380,0.120238
1381,0.00400053
1383,0.00298424
1384,0.00588726
1386,0.00222134
1387,0.00730111
1388,0.0662609
1390,0.957525
1391,0.0138904
1392,0.00371257
1397,0.00730732
1399,0.0421852
1400,0.00723298
1403,0.0147824
1405,0.286716
1408,0.0147799
1409,0.00212124
1410,0.0640223
1411,0.00160045
1412,2.66168e-05
1415,0.0041953
1416,0.348759
1417,0.0112427
1420,0.00481687
1424,0.0763627
1425,0.543193
1426,0.00450821
1427,0.132582
1428,0.00078977
1429,0.00334636
1433,0.00121862
1434,0.0106043
1436,0.00466418
1438,0.0972425
1440,0.00560988
1441,0.032621
1442,0.00379202
1443,0.00294972
1447,0.0152909
1450,0.00433494
1452,0.00476699
1455,0.000663022
1461,0.00130329
1462,0.141093
1463,0.00683469
1468,0.00683367
1469,0.0100939
1470,0.00191179
1471,0.00232564
1473,0.000390123
1475,0.145486
1476,0.0730387
1478,0.0452831
1479,0.0656651
1480,0.00243283
1484,0.054227
1485,0.0255629
1486,0.00558987
1490,0.00633534
1492,0.00414606
1493,0.00323082
1494,0.0291962
1495,0.00132974
1500,0.00664475
1502,0.00852482
1503,0.00119378
1504,0.0045317
1506,0.00427015
1510,0.271428
1511,0.0631533
1513,0.0826353
1514,0.101912
1517,0.00371781
1519,0.011015
1522,0.0105825
1523,0.0373777
1527,0.071942
1528,0.112527
1530,1.48044e-06
1531,0.00502405
1533,0.00762463
1535,0.617065
1536,0.00479927
1537,0.773279
1538,0.0104569
1539,0.00355054
1540,0.00293599
1541,0.738245
1542,0.718466
1543,0.0325814
1545,0.00705336
1547,0.68215
1549,0.758238
1550,0.771794
1551,0.784813
1552,0.761156
1558,0.784809
1564,0.00645176
1566,0.011342
1567,0.000223068
1568,0.00947337
1570,0.00765281
1573,0.035019
1575,0.00371623
1576,0.0747529
1577,0.0378936
1580,0.664971
1583,0.788258
1585,0.532039
1586,0.559151
1588,0.00301154
1590,0.550435
1593,0.457495
1594,0.393827
1595,0.486387
1597,0.570777
1598,0.520365
1599,0.602419
1601,0.00230731
1604,0.000635897
1605,0.0817189
1607,0.139508
1608,0.0793496
1611,0.000177324
1613,0.0589509
1614,0.551329
1615,0.000385816
1616,0.00400542
1618,0.000669297
1621,0.00080643
1624,0.120754
1626,0.00388992
1628,0.00275806
1629,0.137596
1630,0.000901091
1632,0.00138108
1633,0.0340062
1634,0.00831831
1636,0.0947499
1640,0.00516162
1641,0.0021613
1647,0.000146844
1648,0.034675
1649,0.963391
1654,0.967927
1658,0.970351
1659,0.97199
1660,0.971588
1662,0.0187244
1664,0.0059825
1665,0.00630537
1666,0.00178541
1667,0.963975
1669,0.970938
1670,0.970592
1671,0.977666
1674,0.974589
1675,0.978837
1677,0.978561
1678,0.96854
1679,0.975503
1682,0.103425
1683,0.00172165
1684,0.00184082
1686,0.0065835
1687,0.0103268
1688,0.0713716
1690,0.0633704
1693,0.00560335
1694,0.00472741
1695,0.971777
1697,0.969134
1698,0.00335745
1699,0.964706
1702,0.0477566
1703,0.953197
1704,0.972163
1705,0.00144363
1706,0.00559188
1708,0.00298897
1711,0.0036818
1712,0.125938
1714,0.0206621
1715,0.00202984
1716,0.060564
1717,0.00249085
1718,0.000601424
1719,0.974824
1720,0.977933
1724,0.00258211
1725,0.268264
1726,0.0187347
1731,0.000598649
1732,0.00196307
1736,0.00175467
1737,0.0846531
1740,0.00104009
1741,0.00150653
1743,0.0506812
1745,0.96691
1748,0.0620814
1751,0.0118589
1752,0.105076
1754,0.00259847
1755,0.0600905
1756,0.013268
1757,0.392124
1758,0.020363
1759,0.094969
1761,0.00340267
1762,0.00687106
1763,0.047651
1764,0.00185646
1765,0.000645521
1767,0.0524733
1768,0.0089989
1773,0.012943
1777,0.400695
1779,0.303265
1781,0.325173
1783,0.45227
1784,0.500686
1785,0.00776369
1787,0.0775487
1789,0.326666
1790,0.283721
1792,0.354237
1794,0.275808
1795,0.337614
1796,0.348322
1797,0.34843
1802,0.426143
1803,0.28387
1804,0.104725
1805,0.174066
1806,0.178643
1808,0.212223
1814,0.00156143
1816,0.00390849
1817,0.00201249
1822,0.021218
1825,0.00644513
1832,0.0017392
1835,0.17555
1838,0.226164
1843,0.0293168
1847,0.0248884
1848,0.034629
1851,0.178188
1852,0.00100891
1853,8.56512e-05
1854,0.0117785
1855,0.000807298
1859,0.00140814
1864,0.0150104
1865,0.000468374
1869,0.222694
1870,0.0149469
1873,0.113382
1875,0.132092
1877,0.417665
1878,0.294525
1880,0.0580938
1882,0.392657
1883,0.345697
1885,0.00325759
1886,0.00157652
1888,0.0106389
1893,0.960058
1894,0.975289
1895,0.00478123
1902,0.00669238
1903,0.000428955
1904,0.000397137
1908,0.0128042
1909,0.00596745
1910,0.00823637
1912,0.00438715
1913,0.092728
1919,0.00282471
1920,0.00311776
1924,0.00468253
1925,0.184886
1928,0.707527
1929,0.680767
1935,0.721134
1936,0.00220357
1937,0.0151106
1941,0.0191337
1943,0.0304396
1944,0.122831
1945,0.00160684
1947,0.299
1950,0.00367034
1951,0.00202332
1955,0.00983981
1960,0.0405026
1963,0.0594586
1965,0.0512576
1972,0.0289521
1984,0.341627
1985,0.000635999
1988,0.00486083
1989,0.406951
1991,0.0179878
1992,0.0191818
1995,0.0865055
1996,0.0320396
1999,0.007347
2000,0.0151243
2001,0.0105046
2003,0.00524446
2005,0.34699
2009,0.398378
2011,0.00091446
2013,0.23298
2015,0.000374915
2018,0.00463589
2019,0.00075136
2021,0.00329296
2023,0.0876107
2026,0.00558461
2029,0.00203471
2030,0.00770574
2031,0.00108165
2032,0.00366337
2035,0.248054
2037,0.000336755
2038,0.000136443
2039,0.00273968
2040,0.00284986
2041,0.0404955
2044,0.00571865
2046,0.00759466
2047,0.0020946
2049,0.00339611
2050,0.175044
2051,0.00970678
2052,0.00620468
2053,0.0154432
2055,0.00544433
2056,0.0293511
2063,0.00865683
2068,0.000477415
2069,0.00389944
2070,0.180536
2072,0.00185635
2075,0.00992094
2080,0.00855407
2082,0.0054914
2086,0.398395
2088,0.00737993
2089,0.00887005
2090,0.00248887
2091,0.0032201
2092,0.00812187
2094,0.00885798
2095,0.00416661
2096,0.0167333
2097,0.110288
2098,0.0221896
2100,0.729438
2103,0.00269839
2104,0.160519
2105,0.0224918
2106,0.0463377
2108,0.00848967
2109,0.00391956
2111,0.0192212
2112,0.00402822
2114,0.00218909
2115,0.000637189
2117,0.000782443
2118,0.128951
2120,0.992802
2121,0.994263
2122,0.993483
2124,0.994406
2125,0.993569
2127,0.993161
2128,0.993879
2129,0.991859
2131,0.992192
2132,0.00416384
2133,0.0261311
2134,0.0971323
2136,0.000867916
2142,0.0830606
2143,0.974351
2144,0.975675
2145,0.970256
2146,0.133965
2147,0.964852
2148,0.961928
2152,0.964487
2155,0.949028
2156,0.96582
2158,0.00768171
2165,0.982697
2166,0.982993
2175,0.0878643
2176,0.0119852
2177,0.000732892
2178,0.950795
2182,0.00560997
2183,0.00123719
2187,0.00469477
2188,0.00242404
2189,0.00406491
2190,0.000559404
2194,0.00119273
2195,0.00223288
2197,0.0708346
2199,0.00233475
2200,0.340898
2205,0.194772
2210,0.335431
2211,0.249472
2213,0.250733
2214,0.264618
2215,0.216301
2218,0.164727
2219,0.151365
2221,0.0299461
2223,0.00210275
2224,0.0275625
2225,0.112764
2226,0.274115
2227,0.00646003
2230,0.00171936
2231,0.0664556
2232,1.55526e-05
2233,0.00584772
2234,0.0304067
2235,0.00178738
2236,0.000946681
2237,0.21584
2241,0.0909542
2242,0.00335055
2243,0.00258394
2244,0.00110174
2250,0.18906
2251,0.00721336
2252,0.00253916
2256,0.00843596
2260,0.00343072
2261,0.00166063
2262,0.0107388
2265,0.00117378
2267,0.00209051
2268,0.198945
2284,0.0174769
2285,0.0167261
2288,0.00896451
2293,0.149817
2297,0.00220151
2298,0.0906674
2299,0.00112188
2300,0.0344578
2302,0.010422
2307,0.0232336
2308,0.00275136
2309,0.0111812
2317,0.000654194
2320,0.00147601
2321,0.00961941
2322,0.301283
2326,0.00475799
2330,0.0143117
2332,0.0286641
2334,0.298567
2336,0.00464442
2337,0.0227497
2338,0.0609369
2339,0.0276508
2340,0.000798062
2345,0.172239
2346,0.0244221
2350,0.00138996
2351,0.0151932
2353,0.00160203
2354,0.0142413
2357,0.00513095
2359,0.0084108
2360,0.00396561
2362,0.00844248
2363,0.000928641
2366,0.0951797
2373,0.00187553
2375,0.525443
2378,0.0186943
2379,0.00800637
2381,0.0131072
2384,0.0343217
2385,0.146436
2386,0.101037
2391,2.76629e-05
2393,0.0181918
2395,0.00156154
2396,0.253099
2399,0.00305085
2402,0.970041
2403,0.0001391
2404,0.953993
2410,0.947118
2411,0.958464
2412,0.947963
2414,0.00534345
2415,0.9679
2416,0.953455
2418,0.943653
2419,0.971328
2421,0.024419
2422,0.0133008
2423,0.00314698
2424,0.269654
2426,0.085658
2428,0.0121157
2429,0.00943013
2431,0.00255896
2432,0.0147179
2438,0.00533917
2441,0.00860703
2442,0.0664086
2444,0.0164657
2445,0.18249
2446,0.0106726
2449,0.0497729
2450,0.0357462
2451,0.00151695
2452,0.00184171
2455,0.000377096
2459,0.00262249
2460,0.148369
2463,0.00284492
2465,0.00206894
2468,0.00807947
2469,0.000938444
2474,0.00241313
2478,0.0596138
2480,0.00445229
2483,0.962457
2486,0.00271217
2487,0.0307767
2488,0.00068467
2491,0.000256971
2492,0.146682
2496,0.0443911
2497,0.030486
2499,0.150901
2501,0.0134565
2502,0.0237921
2504,0.297284
2505,0.0171181
2506,0.0182015
2507,0.0146598
2509,0.968898
2511,0.965668
2512,0.966889
2514,0.00197508
2515,0.00016732
2519,0.00139936
2521,0.000600125
2522,0.00741269
2525,0.000400426
2529,0.00503061
2531,0.152582
2533,0.00708952
2535,0.169186
2537,0.00282318
2541,0.968316
2543,0.9736
2544,0.00276829
2546,0.000204163
2549,0.0261396
2551,0.0076235
2554,0.0219941
2558,0.148446
2561,0.00718378
2562,0.00086025
2563,0.0304229
2564,0.00902678
2565,0.00634301
2567,0.0119158
2568,0.00147924
2570,0.00174043
2572,0.00079985
2573,0.000633959
2574,0.00673017
2577,0.00495546
2580,0.0448366
2583,0.265567
2584,0.275661
2585,0.324099
2589,0.0206719
2596,0.0219127
2599,0.00790374
2600,0.0201016
2602,0.0298456
2603,0.0193255
2605,0.169533
2606,0.102522
2607,0.0451987
2608,0.00372085
2609,0.0492829
2610,0.00513008
2612,0.00111905
2614,0.00391565
2615,0.00271572
2616,0.0899828
2617,0.00250879
2621,0.00225339
2623,0.000103192
2624,0.00119829
2626,0.0467471
2634,0.411853
2635,0.00871913
2636,0.00379754
2637,0.104553
2638,0.0715522
2639,0.00613859
2642,0.00249962
2643,0.00597946
2648,0.0241458
2650,0.00733215
2652,0.00190348
2653,0.073425
2654,0.0019134
2660,0.00411404
2662,0.000228001
2665,0.00321397
2667,0.2709
2668,0.311719
2671,0.215678
2673,0.0195175
2675,0.0441088
2678,0.000738421
2679,0.00726273
2684,0.0764548
2686,0.00303037
2688,0.0875086
2689,0.0133444
2692,0.00344071
2693,0.315756
2697,0.00525759
2698,0.0630325
2700,0.137053
2704,0.000375088
2705,0.00243629
2706,0.0366221
2713,0.00963878
2718,0.95913
2720,0.962168
2721,0.958794
2727,0.0357044
2728,0.951903
2729,0.941941
2735,0.00721723
2736,0.0428835
2737,0.777624
2738,0.161049
2739,0.00160831
2740,0.359929
2741,0.119311
2742,0.0124967
2744,0.666595
2746,0.743557
2748,0.736176
2750,0.702246
2751,0.73324
2752,0.79838
2758,0.715181
2759,0.749782
2760,0.698226
2763,0.818908
2765,0.735304
2767,0.756103
2768,0.789938
2769,0.00695009
2771,0.953204
2775,0.934821
2776,0.937851
2778,0.944542
2779,0.957629
2782,0.0445118
2783,0.00177021
2784,0.000821376
2785,0.00215328
2786,0.00166756
2788,0.00297002
2791,0.00456121
2793,0.0708063
2796,0.0274169
2797,0.367528
2803,0.00314713
2804,0.0109645
2807,0.0039665
2808,0.00413633
2810,0.0090153
2811,0.0122103
2817,0.00171894
2818,0.0258546
2820,0.0678248
2821,0.113237
2822,0.117371
2823,0.295224
2824,0.082079
2825,0.0131705
2832,0.320954
2833,0.0154689
2835,0.0123295
2836,0.100892
2837,0.017922
2838,0.00324568
2842,0.00412153
2843,0.00907453
2849,0.450557
2850,0.0573095
2851,0.000649916
2852,0.00459662
2855,0.00309024
2858,0.00951254
2861,0.000539385
2862,0.00149253
2866,0.000722683
2868,0.00816831
2869,0.00390507
2871,0.0124302
2872,0.000913833
2874,0.00478792
2875,0.00716062
2876,0.00239493
2879,0.00223561
2884,0.140638
2885,0.196002
2886,0.00263451
2889,0.000772766
2890,0.00063437
2891,0.00449351
2894,0.00226494
2897,0.242555
2899,0.018119
2901,0.00460992
2902,0.456851
2903,0.00283419
2906,0.0059893
2907,0.00491197
2908,0.00731842
2910,0.00188972
2911,0.0007909
2914,0.00869467
2918,0.00627748
2921,0.616373
2923,0.0192372
2927,0.00211864
2928,0.155009
2930,0.0528756
2934,0.00187247
2935,0.0516041
2939,0.000912704
2940,0.0109737
2941,0.00467854
2942,0.018446
2943,0.00327288
2944,0.001798
2945,0.005136
2946,0.00165774
2947,0.00229427
2949,0.302423
2954,0.391976
2955,0.0834284
2956,0.0236342
2958,0.00194422
2961,0.139072
2962,0.207491
2963,0.154842
2966,0.0912463
2967,0.124832
2968,0.0903633
2969,0.115917
2970,0.0854234
2971,0.0688559
2976,0.0547722
2978,0.140582
2981,0.047338
2982,0.00254229
2984,0.0812311
2985,0.00511889
2986,0.0072177
2987,0.00349784
2990,0.0158016
2993,0.049709
2995,0.085008
2999,0.255276
3000,0.00648135
3001,0.154457
3005,0.000980212
3006,0.0467218
3007,0.00175568
3008,0.00766948
3009,0.0151809
3012,0.013628
3013,0.20377
3016,0.110878
3017,0.000270042
3018,0.011118
3019,0.163902
3020,0.0104263
3021,0.000847844
3022,0.000642763
3024,0.00449082
3025,0.000834469
3026,0.00166868
3029,0.00779261
3031,0.00630358
3032,0.00733532
3034,0.130468
3039,0.075394
3041,0.0244321
3042,0.0315439
3044,0.00344216
3046,0.0033483
3047,0.0382527
3049,0.0724871
3050,0.00146928
3051,0.00382587
3052,0.00321721
3056,0.00182426
3061,0.00710851
3062,0.00745669
3063,0.0899352
3064,6.05754e-06
3065,0.0424012
3066,0.00506869
3067,0.00471622
3075,0.0749695
3077,0.0387982
3078,0.00167133
3079,0.00149917
3080,0.00616797
3081,0.0127272
3082,0.000193005
3083,0.0373225
3085,0.0358041
3086,0.00284651
3088,0.00218698
3091,0.00121251
3092,3.03134e-06
3093,0.00130381
3096,0.00118144
3098,0.00997746
3099,0.00142503
3101,0.0261444
3105,0.000130171
3107,0.0603489
3108,0.0568797
3112,0.0040481
3113,0.765339
3116,0.00136795
3117,0.000208764
3121,0.00931687
3122,0.000994294
3123,0.0381256
3127,0.00279023
3130,0.00803239
3131,0.447568
3133,0.00200194
3137,0.309308
3138,0.0172083
3140,0.00102818
3141,0.00236266
3145,0.0023353
3148,0.0199175
3150,0.00818335
3152,0.00523015
3153,0.119358
3154,0.00982991
3155,0.0465849
3157,0.0241212
3158,0.000763496
3159,0.00607368
3160,0.0264631
3161,0.00746056
3162,0.00680982
3164,0.00431003
3166,0.0241641
3167,0.00226594
3169,0.00020792
3175,0.0118225
3177,0.00381469
3182,0.0157804
3184,0.106856
3185,0.0928899
3186,0.0308187
3187,0.0660075
3189,0.056405
3191,0.00589542
3195,0.0212649
3197,0.00270585
3199,0.000613364
3205,0.234852
3207,2.57749e-05
3211,0.212657
3213,0.000383144
3215,0.207676
3217,0.00042662
3218,0.0371251
3219,0.0546919
3225,0.0509227
3228,0.00100492
3231,0.000180458
3234,0.00806223
3235,0.250043
3236,0.000875046
3242,0.0270103
3243,0.00132676
3245,0.0440114
3246,0.0093323
3249,0.754841
3250,0.772651
3251,0.687083
3253,0.760491
3254,0.00109302
3255,0.750998
3257,0.0333383
3258,0.0411662
3259,0.0213047
3262,0.00819019
3266,0.0959539
3269,0.0551214
3270,0.10713
3271,0.0554171
3273,0.00772267
3275,0.00125391
3277,0.0103208
3278,0.00530967
3281,0.0143021
3282,0.197321
3285,0.00872543
3286,0.0250245
3287,0.000730924
3289,0.00440015
3291,0.00758325
3293,0.00714007
3301,0.110345
3302,0.00341852
3309,0.00537273
3310,0.00028117
3313,0.0158233
3314,0.00257709
3315,0.323763
3323,0.00426365
3324,0.00860537
3327,0.00220086
3331,0.00530468
3335,0.000520355
3336,0.00055337
3338,0.00212699
3340,0.000353209
3341,0.384087
3351,1.14536e-05
3353,0.0493296
3354,0.000480498
3356,0.0153232
3357,0.0229235
3359,0.0273265
3360,0.749187
3364,0.72678
3365,0.470515
3368,0.00879818
3370,0.00517281
3371,0.0090286
3373,0.00370416
3377,0.000737596
3378,0.00317883
3380,0.0225664
3381,0.0202014
3382,0.0597008
3385,0.00414067
3390,0.0167019
3393,0.00207893
3395,0.0133845
3402,0.00540928
3403,0.0018369
3407,0.00595627
3408,0.01703
3409,0.00095785
3410,0.00194469
3412,0.00220112
3413,0.0372531
3414,0.00521968
3425,0.00285342
3429,0.00865333
3430,0.00248412
3432,0.00283321
3433,0.0292733
3434,0.00311628
3455,0.00105637
3456,0.00807607
3458,0.0377951
3462,0.00289155
3466,0.0394475
3469,0.00571945
3472,0.00154066
3474,0.00148935
3494,0.0108688
3495,0.0232486
3496,0.00699158
3497,0.0268313
3498,0.0310739
3499,0.0310533
3500,0.00179369
3501,0.167319
3513,0.00535227
3515,0.00780789
3516,0.0848118
3519,0.0824753
3527,0.00769072
3528,0.825377
3530,0.778882
3531,0.782884
3533,0.118516
3535,0.750183
3536,0.801745
3539,0.737843
3540,0.820436
3547,0.73908
3550,0.811599
3551,0.803402
3552,0.815154
3553,0.815574
3554,0.0174474
3556,0.0784678
3585,0.0234346
3587,0.00984564
3590,0.116163
3591,0.0158271
3592,0.00110203
3593,0.0165769
3597,0.000505057
3603,0.00123081
3604,0.000592163
3609,0.00332914
3610,0.00137514
3611,0.0021133
3612,0.0163535
3615,0.00063354
3616,0.0205937
3622,0.0166149
3623,0.0540376
3625,0.0250152
3626,0.12032
3629,0.0118939
3630,0.0019722
3631,0.00128518
3632,0.00627042
3634,0.00181395
3638,0.00347136
3641,0.209781
3642,0.00399521
3645,0.0354976
3646,0.00418101
3648,0.0100982
3651,0.000866542
3654,0.01179
3656,0.00231432
3657,0.0604471
3658,0.000172823
3659,0.243627
3661,0.297141
3662,0.00398367
3664,0.991751
3667,0.987698
3669,0.986008
3673,0.984292
3674,0.979873
3675,0.979865
3677,0.977187
3679,0.976569
3681,0.966067
3682,0.977466
3687,0.00562256
3689,0.538919
3691,0.0038768
3692,0.10732
3693,0.00458639
3696,0.00978132
3697,0.0829435
3701,0.552963
3702,0.000831057
3703,0.0271526
3704,0.189632
3705,0.0132518
3709,0.00653118
3710,0.0264662
3711,0.0284411
3712,0.00154604
3713,0.00415679
3714,0.0103589
3717,0.026133
3718,0.00498332
3720,0.0688452
3721,0.00136809
3722,0.000659526
3723,0.00401975
3754,0.000111223
3756,0.000888187
3757,0.000451349
3759,0.100866
3762,0.00412857
3764,0.0676096
3765,0.000896197
3773,0.00362751
3774,0.00844052
3775,0.0181646
3776,0.0154749
3777,0.0653153
3779,0.00693411
3782,0.0621221
3786,0.0137879
3787,0.000842352
3793,0.0934795
3796,0.084082
3798,0.0167423
3799,0.256148
3800,0.217379
3801,0.219826
3802,0.154686
3805,0.215111
3806,0.1424
3808,0.20349
3809,0.0678259
3810,0.00171164
3812,0.0315913
3813,0.00269475
3820,0.0142092
3821,0.000712215
3825,0.0451437
3828,0.0160989
3832,0.000807525
3839,0.00890088
3840,0.000805611
3843,0.291553
3844,0.000601059
3846,0.00609788
3847,0.0414126
3849,0.109005
3851,0.00392496
3852,0.0145074
3853,0.000474727
3855,0.537531
3858,0.603031
3863,0.00320538
3866,0.0191797
3867,0.150359
3871,0.380344
3873,0.00143612
3874,0.000513788
3877,0.000595488
3879,0.00496098
3880,0.000432073
3882,0.0174189
3883,0.0532504
3885,0.00347179
3888,0.00690699
3891,0.348521
3897,0.00845739
3900,0.00516395
3901,0.00244312
3902,0.0330449
3903,0.00750453
3904,0.000732598
3907,1.85221e-05
3909,0.000951427
3914,0.00030732
3915,0.00183153
3917,0.00983149
3921,0.00159638
3922,0.00151232
3923,0.00347593
3929,0.0062037
3931,0.0263479
3934,0.609663
3935,0.577922
3936,0.603658
3937,0.6172
3939,0.569689
3941,0.000691147
3944,0.0957024
3956,0.000603045
3957,0.00238442
3960,0.0010133
3961,0.0210542
3963,0.00728967
3969,0.00420344
3971,0.0106712
3972,0.0149847
3976,0.00228561
3978,0.0846704
3979,0.00101482
3980,0.0221467
3986,0.00101803
3988,0.00204424
3989,0.00293292
3990,0.00890871
3997,0.0299485
3999,0.00346543
4000,0.000806483
4001,0.00119911
4002,0.0160585
4003,0.0974508
4004,0.0398887
4006,0.0100437
4014,0.0222586
4018,0.00606857
4019,0.00198112
4020,0.000629054
4021,0.00467457
4022,0.00645978
4023,0.000704772
4024,0.0112604
4031,0.0172787
4033,0.015403
4035,0.0260875
4038,0.00832024
4039,0.00649974
4041,0.00691664
4043,0.0688502
4044,0.173821
4046,0.00469724
4047,0.00169078
4050,0.00348387
4053,0.0556044
4054,0.00352449
4056,0.0154021
4058,0.00533729
4067,0.801094
4068,0.734428
4069,0.714407
4076,0.00334497
4081,0.00299929
4082,0.162964
4083,0.00106391
4089,0.00465534
4090,0.0822609
4092,0.00331925
4093,0.00171676
4094,0.0369475
4097,0.00619266
4100,0.00540342
4101,0.829561
4102,0.703829
4104,0.816964
4105,0.799143
4108,0.747801
4110,0.817992
4111,0.792305
4112,0.84047
4117,0.772236
4121,0.954699
4122,0.0136176
4123,0.809049
4125,0.836352
4126,0.787974
4127,0.797227
4128,0.768046
4131,0.796926
4136,0.958691
4137,0.963205
4138,0.944492
4139,0.941462
4141,0.94172
4151,0.941815
4152,0.94852
4153,0.952074
4154,0.951156
4157,0.940094
4161,0.972377
4163,0.953898
4164,0.949583
4168,0.943254
4169,0.947812
4170,0.935261
4171,0.937628
4172,0.939536
4173,0.962708
4176,0.964244
4180,0.961259
4181,0.966252
4182,0.967092
4184,0.059854
4185,0.0076693
4188,0.00818981
4199,0.00147273
4200,0.00392855
4202,0.0016323
4205,0.0285298
4208,0.0239666
4209,0.00705746
4210,0.0452704
4211,0.000513475
4215,0.0136889
4216,0.387756
4220,0.000388254
4221,0.00140827
4224,0.0124066
4225,0.00881269
4228,0.00260154
4229,0.00326408
4231,0.0123565
4232,0.000194779
4233,0.00194189
4236,0.00363168
4239,0.00112148
4240,0.0157802
4242,0.0127022
4244,0.032748
4245,0.00133105
4246,0.0360601
4249,0.285305
4250,0.859562
4254,0.844073
4255,0.0170643
4258,0.826709
4261,0.866757
4263,0.859981
4264,0.8399
4265,0.85033
4267,0.827024
4269,0.854844
4270,0.825606
4274,0.866789
4276,0.0262515
4279,0.00695131
4281,0.0133726
4283,0.993548
4284,0.996046
4286,0.00520857
4289,0.0745056
4293,0.0851079
4294,0.000941488
4296,0.00226602
4297,0.0403274
4301,0.00198222
4306,0.000635065
4308,0.000786856
4310,0.0444826
4312,0.0286391
4313,0.0111787
4315,0.00694732
4319,0.669421
4320,0.624249
4325,0.00844349
4328,0.00263467
4335,0.00752516
4338,0.175941
4340,0.0113638
4341,0.0200972
4342,0.000412951
4344,0.110674
4348,0.915551
4351,0.883922
4355,0.895156
4356,0.890053
4359,0.893419
4360,0.0165529
4363,0.889965
4365,0.900961
4366,0.91073
4368,0.881714
4370,0.891629
4372,0.840002
4373,0.834445
4375,0.857582
4377,0.835905
4378,0.821861
4380,0.814523
4381,0.862433
4383,0.757721
4384,0.782958
4386,0.811801
4390,0.000516714
4394,0.00549203
4395,0.0546217
4396,0.00478903
4397,0.675779
4398,0.0368152
4401,0.00439087
4404,0.00203404
4406,0.00101001
4407,0.00128601
4409,0.000945975
4410,0.00221166
4411,0.0172894
4412,0.00228182
4414,0.000638295
4421,0.0199138
4423,0.0014509
4424,0.110856
4426,0.0389528
4427,0.0321556
4434,0.000564712
4435,0.00540884
4437,0.0012409
4439,0.179956
4446,0.195075
4448,0.0261936
4450,0.023011
4461,0.653364
4462,0.00107508
4463,0.375612
4464,0.0242339
4465,0.0190311
4466,0.00855556
4467,0.0095232
4468,0.250505
4474,0.608334
4476,0.652934
4477,0.668729
4478,0.633359
4484,0.00206142
4485,0.0154856
4496,0.994153
4499,0.0245638
4500,0.00117132
4502,0.0062523
4506,0.642909
4507,0.634145
4512,0.696375
4513,0.749611
4516,0.792868
4519,0.83231
4521,0.817942
4527,0.903569
4528,0.83086
4529,0.895807
4533,0.864124
4534,0.831279
4535,0.864345
4536,0.882233
4537,0.934758
4538,0.930214
4539,0.927866
4541,0.879655
4547,0.923777
4550,0.959578
4551,0.947657
4555,0.956951
4556,0.948784
4562,0.631764
4563,0.224588
4564,0.00125807
4568,0.00145214
4574,0.0110216
4575,0.000725966
4579,0.0192029
4588,0.00385293
4602,0.000158569
4605,0.00445253
4607,0.980268
4608,0.00539449
4611,0.330115
4614,0.485963
4615,0.0010937
4617,0.0108671
4619,0.00635655
4620,0.00231446
4623,0.00198293
4625,0.000116009
4626,0.00522348
4629,0.0440311
4630,0.0860193
4631,0.000538963
4641,0.027135
4651,0.000122099
4654,0.00153764
4656,0.0237693
4660,0.0138907
4662,0.536347
4665,0.976736
4666,0.978711
4667,0.979958
4670,0.969155
4671,0.0215801
4672,0.0279159
4673,0.0065151
4674,0.158386
4675,0.00127407
4676,0.00114447
4677,0.00105316
4678,0.000647944
4682,0.000730866
4686,0.000452596
4689,0.0121629
4696,0.00294672
4698,0.0018235
4701,0.0166164
4702,0.0151612
4704,0.0077673
4707,0.667815
4711,0.000403731
4712,0.000109752
4715,0.0105213
4718,0.00479719
4721,0.016327
4727,0.00232504
4728,0.058347
4731,0.0143423
4735,0.00285421
4736,0.0469705
4740,0.23882
4743,0.00167179
4745,0.0485003
4747,0.00114281
4751,0.0153321
4752,0.012404
4755,0.00783942
4757,0.0032803
4758,0.0122476
4761,0.00537087
4762,0.00523014
4767,0.0142863
4768,0.00339789
4769,0.000335351
4770,0.0175135
4782,0.00708304
4783,0.0443937
4785,0.0412017
4786,0.000653582
4789,0.00195886
4792,8.35808e-05
4805,0.00131228
4807,0.0652752
4808,0.000495461
4811,0.0152244
4813,0.00620853
4815,0.000844435
4816,0.0115484
4821,0.000405232
4823,0.29502
4826,0.0534208
4829,0.0156828
4835,0.0516403
4836,0.30802
4838,0.000999436
4847,0.0185611
4850,0.00434146
4852,0.00244634
4853,0.0605893
4855,0.000573284
4858,0.00983943
4860,0.46185
4862,0.997179
4865,0.997235
4867,0.0199942
4869,0.000617621
4870,0.0624301
4876,0.0117835
4877,0.00303824
4882,0.00115422
4885,0.14632
4886,0.00298967
4888,0.0559477
4895,0.00221701
4897,0.0239091
4898,0.0038883
4899,0.00260219
4900,0.0036623
4904,0.140768
4905,0.0186353
4907,0.0637481
4909,0.0029429
4910,0.0193106
4911,0.997233
4912,0.996625
4915,0.0137809
4916,0.0118338
4917,0.301038
4919,0.160609
4922,0.000918415
4925,0.0714635
4928,0.00206527
4929,0.0555718
4931,0.00271674
4933,0.0817743
4935,0.000589528
4936,0.00559281
4937,0.000471232
4939,0.0100831
4940,0.00265519
4941,0.00297556
4942,0.00638135
4944,0.130737
4946,0.122926
4947,0.0935714
4948,0.401187
4954,0.0154359
4955,0.0534273
4957,0.00642681
4958,0.000182902
4962,0.00413563
4963,0.176789
4966,0.288284
4967,0.0208088
4969,0.0190022
4970,0.0554873
4971,0.00612822
4974,0.00699734
4979,0.00250899
4980,0.0567214
4982,0.00647298
4987,0.0409492
4990,0.0147353
4991,0.00758154
4992,0.0047882
4993,0.0238241
4994,0.0223764
4995,0.0634959
4997,0.0447358
4999,0.0137109
5000,0.00383329
5001,0.154748
5002,0.0297651
5005,0.000381274
5010,0.0507953
5011,0.016428
5014,0.0167245
5015,0.00706357
5016,0.00772744
5017,0.0110842
5018,0.00154661
5019,0.00509645
5020,0.00269078
5021,0.00904932
5022,0.00770112
5023,0.218711
5024,0.00101724
5025,0.000929
5026,0.00583064
5027,0.0454578
5028,0.00686055
5030,0.0246727
5031,0.00173503
5032,0.00282618
5033,0.00270302
5034,0.0693649
5039,0.0291304
5040,0.0146877
5041,0.0843012
5042,0.00932219
5045,0.0192936
5046,0.00131078
5049,0.00462731
5050,0.0409057
5054,0.00285278
5057,0.00586273
5060,0.0105211
5061,0.0119101
5063,0.996663
5064,0.997391
5065,0.997048
5068,0.0839925
5070,0.198415
5071,0.99739
5076,0.00394654
5077,0.00444273
5079,0.111664
5080,0.015752
5083,0.004224
5085,0.355462
5087,0.00939295
5089,0.00847489
5090,0.355266
5091,0.142814
5095,0.00784022
5097,0.0738723
5098,0.136447
5101,0.00355624
5102,0.0834327
5103,0.00274359
5105,0.333662
5109,0.0149868
5112,0.00228193
5115,0.0585956
5121,0.993382
5122,0.0118396
5123,0.0174733
5126,0.000875278
5127,0.0184047
5130,0.997667
5131,0.000389757
5137,0.178588
5139,0.294176
5141,0.22938
5143,0.189564
5144,0.00102426
5146,0.178643
5148,0.157042
5149,0.214106
5151,0.149708
5154,0.00448617
5156,0.0190364
5157,0.0829651
5159,0.0201451
5160,0.270749
5166,0.000847034
5169,0.0024872
5170,0.0446489
5172,0.0106765
5174,0.178018
5177,0.000547125
5179,0.0410839
5182,0.00119246
5183,0.130731
5187,0.0022123
5188,0.0150247
5190,0.998331
5192,0.0488891
5195,0.997516
5200,0.0225115
5201,0.134916
5202,0.000639261
5203,0.00407055
5205,0.00336023
5206,0.11402
5207,0.0112003
5217,0.0164645
5218,8.54793e-05
5220,0.0076078
5221,0.0931135
5224,0.001449
5225,0.997512
5227,0.00456559
5229,0.00388338
5230,0.0312699
5232,0.132649
5233,0.0154339
5235,0.00236401
5236,0.0102614
5239,0.00340926
5241,0.300929
5242,0.00294163
5244,0.0231501
5246,0.0429658
5247,0.0650735
5250,0.00059409
5251,0.997789
5252,0.997295
5255,0.000972668
5256,0.00349366
5257,0.00106161
5260,0.0660301
5261,0.0380688
5262,0.0241436
5264,0.0287026
5267,0.00201671
5268,0.00151793
5270,0.00818644
5273,0.0538295
5275,0.000390624
5277,0.0577108
5279,0.0245017
5282,0.159109
5287,0.0107018
5290,0.000514321
5291,0.206006
5293,0.00305841
5297,0.231271
5298,0.0352993
5299,0.018021
5300,0.0146405
5302,0.0136531
5305,0.00448682
5311,0.00959484
5312,0.000184906
5313,0.0488888
5314,0.0362358
5315,0.0260196
5316,0.00657983
5319,0.00771659
5321,0.00213399
5323,0.00925107
5326,0.0149491
5327,0.000727601
5328,0.00223946
5329,0.0358997
5331,0.00154157
5334,0.191603
5335,0.0231076
5337,0.0520203
5340,0.00333637
5342,0.0139688
5344,0.00196999
5345,0.0494087
5346,0.0684487
5348,0.00138139
5349,0.0456644
5351,0.0941821
5353,0.00803947
5354,7.70214e-05
5357,0.0019017
5359,0.00114967
5362,0.209863
5363,0.00452783
5364,0.00128781
5366,0.118274
5369,0.00612003
5371,0.00495617
5372,0.00789164
5382,0.0751612
5384,0.00155769
5385,0.0446005
5388,0.0183682
5389,0.0314516
5390,0.0721403
5391,0.00509056
5392,0.0108029
5393,0.00852337
5396,0.997726
5398,0.997861
5399,0.99824
5401,0.997826
5402,0.998164
5406,0.997783
5409,0.0750261
5422,0.0175136
5424,0.0171725
5427,0.0057062
5428,0.0260063
5431,0.99777
5433,0.00164529
5434,0.00173028
5435,0.00401869
5438,0.00494732
5439,0.00614122
5444,0.00098476
5445,0.0669048
5446,0.0252866
5448,0.0157163
5450,0.00163823
5453,0.0395191
5455,0.0569235
5457,0.00198088
5459,0.0436562
5461,0.0155683
5463,0.00852528
5464,0.00546528
5465,0.0243281
5467,0.0524253
5469,0.0250392
5470,0.0589063
5471,0.0179239
5472,0.022378
5473,0.00168124
5475,0.00100592
5478,0.0207871
5479,0.000882913
5480,0.015143
5484,0.00267891
5486,7.72106e-06
5487,0.00506086
5489,0.0379031
5492,0.0260026
5494,0.01363
5495,0.00258964
5501,0.000746029
5502,0.00175977
5503,0.000786062
5507,0.00489426
5508,0.000791176
5511,0.0305828
5515,0.00172263
5519,0.00660188
5522,0.000981601
5524,0.00151298
5525,0.019984
5527,0.00159456
5531,0.00614513
5533,0.0259657
5534,0.0639385
5535,0.015815
5536,0.000914878
5543,0.0389999
5545,0.00635632
5547,0.00348232
5548,0.0220542
5549,0.0025146
5550,0.0164102
5551,0.000932521
5552,0.00237005
5553,0.00638849
5554,0.00143528
5556,0.0923578
5557,0.151109
5559,0.000698264
5560,0.00729376
5561,0.00681342
5562,0.00542147
5563,0.0253686
5567,0.00471562
5571,0.00162227
5575,0.34321
5582,0.0970048
5585,0.997894
5588,0.421046
5593,0.00293484
5594,0.000674234
5595,0.00673848
5596,0.00999166
5597,0.0113883
5598,0.00179993
5607,0.0116171
5610,0.022146
5612,0.00166549
5619,0.0740036
5622,0.016431
5624,0.00447681
5625,0.0322796
5626,0.00153098
5628,0.0531979
5630,0.00682426
5631,0.0655014
5636,0.0791767
5637,0.716304
5638,0.0120742
5639,0.00636553
5642,0.0446856
5645,0.0155721
5646,0.00892388
5647,0.0227844
5650,0.00698345
5652,0.16356
5653,0.0531922
5654,0.0576006
5655,0.0498724
5658,0.00876585
5659,0.00187896
5660,0.0113253
5661,0.00441169
5664,0.016922
5665,0.0163379
5667,0.0199063
5669,0.00268802
5670,0.267477
5672,0.0276222
5673,0.0121599
5675,0.00105685
5676,3.09949e-05
5677,0.021506
5679,0.0674921
5680,0.0111125
5685,0.00413286
5686,0.00768982
5687,7.35631e-05
5692,0.0889093
5693,0.0041969
5695,0.796288
5699,0.00205681
5700,0.000409561
5701,0.0531108
5707,0.040173
5708,0.0218025
5714,0.000584052
5716,0.0666941
5717,0.00151384
5718,0.000845646
5720,0.0079902
5725,0.0817837
5726,0.00335224
5728,0.00594854
5730,0.0632208
5731,0.000323863
5732,0.00957974
5734,0.00113731
5735,0.00879602
5736,0.0169086
5740,0.001932
5758,0.0342807
5767,0.125383
5769,0.00181368
5771,0.00849821
5774,0.00115347
5775,0.00239338
5776,0.0153906
5777,0.000690843
5778,0.0284732
5782,0.0614269
5784,0.00535393
5786,0.171063
5791,0.000739492
5794,0.00058276
5795,0.0849617
5797,0.00143575
5802,0.00746779
5803,0.996773
5804,0.0048024
5810,0.995936
5812,0.00778228
5815,0.993323
5816,0.994214
5821,0.00395875
5827,0.0107752
5828,0.000787164
5833,0.0352375
5836,0.215977
5839,0.0110708
5845,0.0733052
5850,0.0414033
5852,0.000786455
5853,0.00173624
5856,0.0391863
5858,0.00388301
5863,0.00581065
5867,0.0409373
5870,0.00467444
5876,0.0106814
5877,0.0241307
5879,0.0221117
5880,0.0149177
5881,0.00511322
5883,0.0449138
5884,0.191203
5885,0.00368863
5886,0.00345078
5891,0.0567657
5892,0.00588446
5893,0.0211036
5894,0.00593344
5895,0.00101836
5900,0.163887
5905,0.0482272
5906,0.0166871
5912,0.00230642
5913,0.000668674
5919,0.0231912
5920,0.00018592
5922,0.000400387
5923,0.0840743
5928,0.00177161
5929,0.0148738
5930,0.00174664
5932,0.0148441
5935,0.000365853
5936,0.00770999
5939,0.0211374
5940,0.00624824
5942,0.00265843
5944,0.16479
5945,0.000606912
5946,0.15995
5947,0.000679376
5948,0.0155326
5954,0.00304533
5955,0.0913972
5956,0.0311591
5958,0.138524
5961,0.00509236
5962,0.000211435
5963,0.0303707
5965,0.00903273
5972,0.00102625
5974,0.0306498
5977,0.00118279
5980,0.00306452
5982,0.000926876
5983,0.0561727
5984,0.0505721
5985,0.00591295
5987,0.00442744
5988,0.000334491
5989,0.00135032
5991,0.448158
5994,0.00323221
5996,0.255801
5997,0.00816409
5998,0.0174338
5999,0.00222196
6000,3.90486e-05
6003,0.0051581
6007,0.00187269
6009,0.034518
6012,0.0267075
6013,0.00615483
6015,0.011496
6016,0.00261145
6018,0.0147114
6019,0.305119
6023,0.996313
6024,0.99688
6025,0.995555
6026,0.000381976
6027,0.0347565
6029,0.00169092
6032,0.0219019
6033,0.00197506
6037,0.021641
6039,0.010592
6040,0.00400479
6047,0.0297892
6048,0.0241626
6050,0.0353601
6051,0.994549
6052,0.12162
6059,0.0175042
6060,0.0163422
6061,0.0293409
6063,0.729532
6067,0.0125237
6069,0.0422774
6073,0.00218857
6075,0.000183882
6076,0.00934362
6079,0.00116705
6082,0.121351
6084,0.0520515
6087,0.00219308
6089,0.0485657
6091,0.0139735
6094,0.0177511
6095,0.00570185
6096,0.0129098
6098,0.0478939
6100,0.017234
6101,0.996726
6103,0.994132
6104,0.00193535
6105,0.994924
6106,0.013617
6107,0.0170721
6108,0.0075475
6109,0.0778832
6110,0.0319677
6111,0.00195049
6112,0.00298101
6115,0.00918329
6120,0.00230511
6121,0.0563264
6123,0.00780256
6125,0.0640395
6126,0.00582232
6127,0.00631223
6129,0.0346407
6133,0.0903933
6134,0.0347538
6135,0.0379704
6138,0.00790832
6141,0.0105136
6142,0.0601911
6146,0.00312439
6148,0.0161839
6153,0.00576892
6154,0.0499935
6155,0.00387342
6156,0.971445
6157,0.0101825
6158,0.000773567
6159,0.0111743
6160,0.00481039
6161,0.000603721
6163,0.00909629
6165,0.035263
6167,0.12755
6168,0.00485207
6169,0.0412738
6172,0.00745341
6176,0.0958062
6177,0.00113304
6178,0.00220919
6180,0.00901871
6183,0.000957701
6188,0.0376394
6189,0.00280734
6190,0.0760728
6191,0.00151994
6196,0.00161498
6197,0.0450284
6203,0.00487032
6207,0.259609
6208,0.001027
6211,0.0117697
6213,0.00384605
6214,0.00959507
6217,0.0181723
6218,0.0233249
6219,0.00098826
6223,0.0937255
6227,0.00300958
6229,0.014159
6231,0.0066423
6236,0.000478866
6238,0.0739604
6239,0.00399005
6240,0.0027681
6242,0.00131538
6245,0.000853124
6249,0.0406862
6250,0.00205876
6251,0.0533423
6253,0.00920915
6254,0.0118121
6256,0.0122469
6260,0.0786991
6261,0.0270911
6263,0.99549
6264,0.994243
6268,0.00332584
6270,0.00145254
6272,0.00777173
6276,0.00176296
6277,0.0919277
6278,0.143953
6279,0.0346629
6285,0.00490746
6286,0.000806105
6287,0.000612386
6289,0.000880243
6290,0.00277919
6291,0.104636
6292,0.0078604
6294,0.137412
6295,0.0030324
6296,0.0107058
6297,0.0944521
6298,0.0178242
6301,0.0106733
6302,0.00322051
6303,0.00275478
6305,0.0273982
6306,0.0212207
6309,0.00164027
6310,0.0146209
6313,0.00502547
6317,0.00224669
6319,0.0986481
6320,0.147425
6321,0.0110623
6326,0.00253231
6329,0.00410126
6330,0.00805478
6331,0.0243025
6334,0.00734888
6335,0.0204093
6336,0.322491
6338,0.0184137
6339,0.194648
6340,0.0842424
6341,0.0123886
6342,0.00395227
6345,0.000836178
6348,0.0476244
6356,0.03555
6358,0.0104392
6359,0.108008
6362,0.0305467
6364,0.0101326
6365,0.0087725
6366,0.00329492
6371,0.0194312
6373,0.110048
6377,0.0369026
6379,0.000615053
6380,0.00930079
6383,0.0038803
6386,0.111603
6389,0.475864
6390,0.00145282
6393,0.00318491
6394,0.00094093
6395,0.185174
6396,0.203927
6397,0.151902
6399,0.104455
6400,0.00499848
6401,0.0552336
6405,0.00195185
6407,0.197548
6409,0.0111347
6411,0.0447004
6413,0.0204653
6414,0.00143296
6416,0.0716491
6417,0.00203629
6420,0.00294772
6421,0.000756418
6435,0.0190973
6436,0.00356291
6438,0.0111682
6439,0.00366556
6441,0.0363903
6443,0.0049219
6444,0.0111074
6445,0.000193214
6446,0.00676725
6447,0.00320805
6451,0.00092204
6452,0.00143158
6455,0.00128148
6457,0.00853017
6458,0.401882
6459,0.0812225
6462,0.00644384
6466,0.00634541
6467,0.0109962
6468,0.0101737
6471,0.0409332
6474,0.00154971
6475,0.00260559
6476,0.0987339
6478,0.00308468
6480,0.00152107
6483,0.0912845
6484,0.00417099
6485,0.0321908
6487,0.134459
6490,0.017083
6494,0.0034782
6499,0.0656452
6500,0.0622148
6501,0.00112808
6502,0.0617401
6503,0.0614375
6504,0.0263659
6505,0.00352286
6507,0.00387278
6509,0.0140613
6511,0.00278801
6513,0.00737124
6515,0.0210405
6516,0.0624274
6517,0.124903
6520,0.0521632
6523,0.00613105
6528,0.00291081
6530,0.000381703
6532,0.0385685
6533,0.00433604
6535,0.00576272
6536,0.00110274
6539,0.00338085
6542,0.0328076
6543,0.0630006
6545,0.000560615
6550,0.0450384
6552,0.0716861
6553,0.00339514
6556,0.206299
6558,0.00833976
6560,0.00747892
6561,0.00676553
6564,0.000527295
6565,0.119529
6574,0.0143294
6577,0.00961484
6581,0.0343767
6582,0.564611
6583,0.160988
6585,0.00528803
6586,0.000600217
6587,0.000771248
6589,0.0799074
6591,0.0119327
6593,0.00177132
6597,0.00156974
6598,0.0202669
6600,0.0707566
6602,0.00476508
6604,0.00972106
6605,0.0875396
6606,0.00278521
6607,0.0155061
6608,0.00137538
6611,0.038848
6612,0.00189286
6613,0.00352473
6614,0.0567867
6615,0.152038
6617,0.0258829
6620,0.00520595
6621,0.00369959
6624,0.026972
6628,0.00458083
6630,0.0414722
6631,0.416486
6634,0.00416872
6635,0.00585089
6637,0.00657368
6638,0.00235946
6641,0.00257358
6642,0.00617338
6643,0.00449928
6647,0.00325374
6648,0.0838411
6649,0.0172058
6650,0.00866364
6652,0.0178131
6654,0.00164197
6657,0.00863358
6658,0.00234906
6659,0.0128534
6660,0.00136275
6661,0.0301273
6664,0.0128964
6669,0.00393514
6672,0.200151
6674,0.00153515
6679,0.112672
6684,0.000726907
6688,0.019703
6689,0.00124949
6691,0.0074338
6693,0.0221778
6694,0.0126247
6700,0.0137851
6701,0.0161446
6702,0.018317
6704,0.00407822
6706,0.00109999
6710,0.0210571
6711,0.0343804
6713,0.00563917
6714,0.00640596
6715,0.00705243
6716,0.0125987
6724,0.0119299
6727,0.0110781
6729,0.21364
6731,0.00226911
6733,0.52942
6734,0.0143821
6735,0.0244588
6736,0.09135
6737,0.00860021
6738,0.314457
6740,0.00810406
6742,0.0972931
6744,0.00502119
6746,0.00532809
6747,0.0177712
6749,0.00249344
6750,0.0137063
6753,0.00290164
6754,0.165521
6755,0.000125252
6756,0.0359242
6758,0.0219813
6759,0.0142318
6761,0.00132856
6762,0.00192323
6763,0.0456407
6766,0.000133509
6767,0.0054185
6770,0.995248
6775,0.0527804
6779,0.00414061
6780,0.0235502
6782,0.0643148
6783,0.00868316
6786,0.00110857
6787,0.00266761
6791,0.0303444
6793,0.104802
6796,0.000133719
6798,0.376003
6799,0.272585
6800,0.315434
6803,0.016875
6806,0.00394024
6807,0.00258164
6810,0.0407588
6811,0.1065
6813,0.000899591
6817,0.0205227
6819,0.00272027
6822,0.0209584
6823,0.0132684
6824,0.115006
6825,0.000550834
6826,0.00533637
6827,0.108776
6830,0.0182256
6834,0.0914046
6835,0.00169333
6836,0.000401495
6842,0.684274
6843,0.994964
6846,0.00100568
6847,0.00160997
6850,0.0338421
6855,0.00179172
6856,0.000575203
6857,0.0969383
6858,0.00355959
6860,0.0189102
6861,0.0124234
6863,0.00709777
6868,0.00270953
6869,0.00111239
6871,0.0921629
6873,0.000350545
6874,0.00283705
6875,0.0278506
6879,0.00753899
6882,0.0224221
6883,0.00586497
6884,0.00137719
6886,0.00597599
6887,0.157588
6891,0.511648
6892,0.0698236
6893,0.00151384
6896,0.00225671
6898,0.0465121
6899,0.0133815
6900,0.0471173
6904,0.00621418
6905,0.000805801
6906,0.00581206
6907,0.725881
6908,0.0673813
6910,0.171977
6912,0.0131326
6915,0.00602053
6916,0.011425
6921,0.167749
6922,0.0264554
6927,0.0335864
6928,0.00816564
6929,0.0183127
6930,0.0319609
6932,3.91453e-05
6933,0.0136702
6937,0.00534204
6939,0.000818502
6942,0.0191803
6943,0.00355548
6944,0.001754
6945,0.00127275
6947,0.990889
6948,0.98976
6951,0.00960843
6952,0.00826365
6955,0.00327817
6956,0.000558637
6959,0.0531483
6962,0.0472635
6966,0.00307018
6967,0.0281116
6968,0.00127902
6970,0.0028147
6971,0.0325335
6972,0.0171675
6973,0.00123692
6974,0.0623625
6976,0.0100808
6977,0.00150068
6978,0.0011803
6979,0.113425
6982,0.00444466
6983,0.00292025
6988,0.00681678
6993,0.00387794
6995,0.110256
6996,0.00349202
6998,0.082984
6999,0.0235101
7001,0.0555822
7004,0.00163026
7007,0.00237833
7008,0.00287162
7011,0.004399
7012,0.0043038
7013,0.017161
7014,0.00259079
7016,0.0175955
7017,0.00363798
7018,0.00555962
7019,0.0347049
7022,0.00455471
7024,0.043656
7029,0.0223051
7030,0.043635
7031,0.000404527
7032,0.00489185
7034,0.00150617
7037,0.011137
7038,0.041303
7039,0.024278
7040,0.0147336
7042,0.256081
7044,0.00101071
7045,0.0129056
7046,0.06463
7048,0.00304049
7054,0.0134959
7056,0.0167195
7059,0.0206484
7061,0.011688
7062,0.00651836
7064,0.005155
7065,0.105
7066,0.00104013
7068,0.988452
7073,0.000831472
7076,0.206536
7077,0.00139716
7079,0.000827568
7081,0.011661
7083,0.215178
7085,0.00977435
7086,0.001386
7087,0.00124389
7088,0.0146314
7091,0.062549
7093,0.000559911
7094,0.0014369
7095,0.00473512
7096,0.000582636
7098,0.00394375
7099,0.00204765
7105,0.248186
7108,0.00741836
7109,0.153513
7113,0.989943
7116,0.00602086
7117,0.000968329
7118,0.00169518
7120,0.000670884
7121,0.0775274
7125,0.0069258
7130,0.00177131
7131,0.0129502
7132,0.000993448
7137,0.0198922
7138,0.00291904
7142,0.0689236
7145,0.00125537
7147,0.0200095
7148,0.00214522
7149,0.0101247
7151,0.0433579
7156,0.0392117
7160,0.0207901
7161,0.000774369
7163,0.0454103
7165,0.00852804
7172,0.110059
7174,0.0113315
7175,0.0629622
7177,0.0010873
7181,0.0305246
7182,0.00899422
7184,0.0044087
7187,0.00473897
7189,0.000829514
7190,0.000415851
7197,0.000383622
7199,0.00934875
7201,0.00373852
7202,0.00172346
7203,0.00308378
7206,0.00190344
7209,0.00153308
7211,0.0852932
7212,0.048424
7213,0.00217963
7215,0.00966549
7217,0.00282572
7218,0.689831
7221,0.00269032
7223,0.00137459
7225,0.00175199
7226,0.00818125
7227,0.0834048
7229,0.00228703
7231,0.569932
7234,0.00331023
7235,0.00741013
7238,0.0219701
7239,0.00634155
7240,0.0177889
7245,0.000462759
7246,0.0209884
7248,0.00565916
7250,0.0246359
7251,0.0511949
7256,0.0534776
7257,0.559769
7258,0.00558463
7259,0.00887806
7264,0.0310606
7266,0.0375663
7267,0.00273487
7271,0.0130562
7274,0.925616
7276,0.000887696
7277,0.0100067
7279,0.00185035
7280,0.00346224
7282,0.00229181
7283,0.00639537
7291,0.0661692
7295,0.00117224
7296,0.000488429
7298,0.016175
7300,0.00159388
7302,0.000423931
7304,0.00631451
7305,0.00601732
7311,0.00268285
7315,0.000629629
7316,0.030057
7319,0.0113309
7321,0.128356
7326,0.0301856
7328,0.115323
7331,0.0653008
7332,0.0132788
7333,0.0536335
7334,0.0605541
7336,0.0166477
7337,0.107894
7338,0.00304887
7339,0.000514221
7340,0.0146249
7341,0.00626981
7343,0.00147619
7344,0.0018497
7346,0.0746763
7347,0.0110769
7349,0.0120203
7351,0.258352
7352,0.00218894
7353,0.92854
7354,0.119117
7356,0.0332573
7360,0.258594
7364,0.704829
7365,0.0154533
7366,0.00271468
7367,0.0383296
7368,0.00765256
7372,0.00314961
7373,0.0014673
7374,0.108256
7376,0.0117335
7380,0.0998953
7383,0.036104
7384,0.01286
7385,0.00502421
7389,0.00528744
7392,0.0464598
7393,0.0213804
7395,0.188511
7396,0.000862413
7399,0.106068
7400,0.040414
7403,0.00437814
7405,0.0247308
7406,0.230014
7410,0.00176123
7411,0.0148693
7417,0.0266614
7419,0.0430493
7421,0.00305605
7424,0.0202958
7425,0.00910822
7429,0.00349061
7430,0.073713
7432,0.0150092
7434,0.00266579
7439,0.000886464
7441,0.0123641
7447,0.000794699
7448,0.0250646
7449,0.100994
7451,0.190571
7452,0.367999
7453,0.0124728
7455,0.0575911
7456,0.00884183
7458,0.00307912
7459,0.0095027
7460,0.00704046
7461,0.228183
7463,0.0382817
7465,0.0464632
7469,0.236549
7471,0.00102078
7472,0.0011497
7475,0.0266298
7477,0.0125989
7478,0.0439016
7479,0.00305888
7482,0.0134188
7483,0.00762998
7484,0.0315188
7485,0.0110102
7486,0.00101631
7487,0.00101105
7488,0.00975871
7489,0.00350306
7491,0.00241611
7492,0.0112877
7496,0.0386385
7501,0.0460801
7502,0.00120137
7503,0.0165562
7506,0.0024708
7507,0.121362
7508,0.00351253
7514,0.0271061
7520,0.0122793
7522,0.0040041
7526,0.00155037
7528,0.00999536
7529,0.00226109
7530,0.0240584
7535,0.00957171
7536,0.000328499
7537,0.00598655
7538,0.00663593
7540,0.0180013
7541,0.00440572
7544,0.0331969
7545,0.127104
7546,0.00836979
7549,0.00194629
7550,0.0031283
7551,0.0277537
7554,0.0968319
7556,0.00622662
7557,0.0605873
7558,0.00103982
7559,0.0145165
7564,0.0641777
7565,0.00532495
7566,0.00634923
7569,0.149179
7570,0.0187312
7571,0.16375
7572,0.0866865
7573,0.010107
7574,0.0305065
7576,0.161942
7579,0.00772665
7580,0.01464
7581,0.00971
7584,0.00183005
7586,0.00285939
7588,0.0151203
7589,0.00101331
7591,0.00838283
7596,0.00717943
7598,0.010664
7599,0.0153835
7602,0.00318036
7604,0.289746
7605,0.0216978
7609,0.00673544
7612,0.0104683
7615,0.00616004
7624,0.000834744
7626,0.00304602
7627,0.000749633
7628,0.00396958
7630,0.017129
7636,0.0259504
7637,0.0140512
7640,0.00107615
7641,0.00160516
7642,0.00971678
7645,0.118219
7646,0.072226
7650,0.00358722
7651,0.0099598
7652,0.00869844
7653,0.00285571
7656,0.00431354
7658,0.0125869
7659,0.00542522
7661,0.000667421
7662,0.00282982
7663,0.000202116
7664,0.26287
7665,0.579878
7666,0.0398865
7667,0.244822
7669,0.0241768
7671,0.00379098
7672,0.043192
7674,0.00514445
7675,0.00425217
7677,0.053837
7678,0.0269415
7679,0.00327086
7680,0.00214183
7681,0.00466234
7686,0.00173537
7687,0.13194
7688,0.00327367
7690,0.000418223
7691,0.00380772
7694,0.0018445
7695,0.111532
7698,0.0860728
7699,0.000410796
7701,0.00500453
7702,0.0034931
7703,0.00396458
7704,0.00979642
7705,0.0639939
7711,0.185169
7715,0.0173438
7719,0.112551
7724,0.124702
7729,0.0107206
7732,0.175505
7734,0.00318879
7735,0.00251416
7736,0.0815416
7740,0.00137323
7743,0.00471954
7747,0.0178144
7748,0.00259277
7750,0.00407792
7751,0.00539627
7752,0.00130272
7755,0.00117744
7756,0.00185079
7759,0.000462496
7760,0.0226593
7762,0.00849254
7766,0.0426481
7767,0.00163896
7768,0.00278526
7769,0.00175823
7770,0.00136914
7772,0.0550125
7773,0.0145802
7774,0.0280666
7775,0.00131955
7776,0.448557
7779,0.0206384
7780,0.0409117
7781,0.127579
7782,0.00200543
7783,0.0194501
7784,0.0105183
7785,0.0235638
7787,0.000231162
7791,0.00515835
7792,0.0123132
7800,0.127015
7806,0.172082
7808,0.00125009
7809,0.00411597
7813,0.0076808
7815,0.194022
7820,0.00393542
7821,0.312901
7828,0.0311113
7829,0.0161553
7830,0.0114572
7832,0.00124687
7834,0.0195681
7835,0.00876737
7836,0.0269729
7843,0.00112044
7845,0.0192739
7846,0.0293299
7847,0.0451908
7848,0.00212663
7849,0.000589914
7851,0.00227316
7852,0.149427
7856,0.00199587
7857,0.0261348
7860,0.00439028
7862,0.00510301
7863,0.078813
7865,0.00601698
7866,0.00389657
7869,0.0424481
7872,0.0185952
7873,0.00527329
7875,0.00171343
7876,0.00048899
7877,0.00461829
7878,0.0780589
7880,0.00382212
7882,0.0451621
7883,0.0482416
7887,0.000737648
7888,0.013393
7890,0.0281221
7893,0.0097086
7895,0.00818813
7896,0.00999457
7898,0.0442453
7899,0.0110854
7900,0.0300799
7901,0.0293693
7902,0.0195941
7905,0.00695127
7909,0.00349003
7910,0.019549
7912,0.00880321
7914,0.107794
7916,0.0576798
7918,0.00021791
7921,0.0727601
7922,0.0688115
7923,0.0036628
7924,0.00263316
7925,0.0188799
7926,0.0125766
7927,0.0505552
7929,0.00855707
7930,0.0100696
7931,0.00852085
7933,0.000205618
7934,0.00274473
7935,0.0131385
7938,0.0266496
7939,0.0524157
7943,0.0215804
7945,0.00166584
7948,0.168618
7949,0.0122634
7950,0.0109218
7952,0.00871799
7953,0.102806
7958,0.00582117
7960,0.0101678
7961,0.0557964
7962,0.0127839
7963,0.00400339
7964,0.108501
7965,0.0330111
7967,0.0124363
7968,0.0223017
7969,0.0171264
7973,0.0221584
7974,0.00926373
7978,0.0460641
7980,0.0593708
7981,0.00632138
7985,0.463364
7987,0.000794295
7990,0.0039106
7991,0.123405
7992,0.0627561
7994,0.0458765
7995,0.0199346
7996,0.00451029
7997,0.308668
7999,0.225992
8000,0.00510922
8001,0.00412378
8002,0.00857447
8004,0.00191839
8013,0.00365646
8017,0.0126242
8018,0.00251004
8020,0.00592902
8022,0.0303177
8023,0.0038115
8024,0.00245276
8025,0.00285734
8026,0.0615913
8029,0.0016852
8032,0.0572806
8035,0.00400994
8041,0.194108
8042,0.00475587
8044,0.0174543
8046,0.0037509
8047,0.00875294
8048,0.00411334
8051,0.0183524
8052,0.0745716
8053,0.250934
8055,0.00256372
8056,0.00755386
8059,0.000507629
8060,0.00183052
8062,0.00168692
8064,0.00187437
8065,0.00679539
8066,0.0108808
8067,0.00312195
8068,0.00461252
8069,6.39796e-05
8070,0.00583251
8073,0.000872956
8074,0.00217418
8076,0.00160036
8077,0.00129044
8078,0.0744244
8079,0.0504952
8080,0.00467511
8081,0.0151221
8083,0.0172622
8088,0.11559
8089,0.0156879
8090,0.000700033
8091,0.00252823
8096,0.0191048
8103,0.00253364
8104,0.0160993
8106,0.295775
8107,0.0116086
8109,0.00683695
8111,0.416503
8112,0.22235
8113,0.335364
8115,0.000825859
8116,0.00133818
8119,0.00195612
8120,0.58382
8121,0.0675877
8122,0.000432537
8123,0.0218992
8124,8.28533e-05
8126,0.0128405
8127,0.00191363
8128,0.00288979
8129,0.00105697
8130,0.284164
8134,0.699249
8136,0.0054837
8139,0.0187014
8140,0.00545333
8141,0.00441258
8142,0.00572998
8144,0.00177828
8145,0.00817838
8148,0.00147925
8151,0.00395353
8156,0.520399
8157,0.108692
8160,0.00127145
8162,0.0389285
8164,0.981041
8168,0.253458
8169,0.000669651
8170,0.297247
8172,0.104746
8173,0.000845286
8175,0.00226246
8177,0.00383351
8179,0.0142212
8181,0.357465
8184,0.00233373
8186,0.00580243
8193,0.0187507
8207,0.00366197
8208,0.000676241
8209,0.000816026
8211,0.0038403
8214,0.0058034
8234,0.488763
8235,0.00868603
8236,0.00080595
8237,0.252794
8243,0.00818155
8248,0.155001
8252,0.257911
8253,0.00647651
8256,0.0130239
8263,0.0180557
8267,0.0330774
8268,0.0101938
8269,0.0049882
8273,0.259498
8276,0.00155495
8280,0.00155541
8288,0.00558998
8302,0.00951948
8304,0.414427
8314,0.00044265
8319,0.0109656
8327,0.978168
8330,0.974024
8334,0.986296
8336,0.987068
8337,0.984445
8340,0.981164
8341,0.972478
8343,0.975585
8344,0.97651
8345,0.00432373
8347,0.107729
8350,0.00348959
8353,0.982644
8354,0.985391
8355,0.980688
8357,0.981783
8359,0.774855
8360,0.982809
8369,0.976055
8371,0.974627
8372,0.974449
8373,0.978852
8376,0.971121
8377,0.969016
8384,0.00115136
8385,0.00256955
8387,0.00103349
8389,0.981814
8398,0.000998184
8412,0.0193516
8413,0.811259
8423,0.00249342
8424,0.00899921
8430,0.78642
8431,0.724559
8436,0.848972
8438,0.905117
8439,0.894955
8444,0.000309235
8445,0.0740865
8447,0.0395821
8449,0.0115499
8457,0.0011441
8458,0.285228
8459,0.0213786
8462,0.00445956
8467,0.00469356
8471,0.000446876
8475,0.0526292
8476,0.166137
8477,0.00423852
8479,0.0117721
8482,0.00223225
8484,0.10145
8486,0.309492
8488,0.288716
8489,0.0863579
8492,0.000928843
8494,0.00124904
8508,0.00753878
8509,0.0123862
8513,0.498892
8516,0.00374714
8521,0.359561
8523,0.0204824
8526,0.0843986
8527,0.026867
8529,0.142367
8531,0.0185185
8533,0.396196
8534,0.73952
8540,0.11512
8543,0.0130693
8544,0.0115128
8545,0.00493735
8546,0.000182708
8552,0.000937635
8555,0.0363826
8559,0.183506
8561,0.00285312
8573,0.00819421
8576,0.518687
8587,0.00301974
8591,0.00481103
8595,0.000848925
8600,0.00120957
8612,0.741087
8614,0.812738
8615,0.846236
8619,0.00225927
8623,0.605104
8631,0.00363509
8643,0.569008
8648,0.513131
8649,0.0122453
8651,0.586745
8654,0.000664084
8657,0.0055373
8689,0.567181
8691,0.0561868
8717,0.507105
8721,0.48947
8731,0.0187682
8732,0.00414784
8741,0.00289491
8749,0.0151079
8762,0.00279085
8765,0.151224
8766,0.0292913
8767,0.00166353
8768,0.757047
8769,0.766644
8770,0.776326
8772,0.786068
8776,0.810688
8778,0.819795
8782,0.828858
8783,0.842158
8784,0.00128191
8786,0.0052547
8789,0.00138355
8792,0.0113886
8795,0.000836434
8799,0.00343227
8800,0.00771371
8805,0.0596174
8815,0.408279
8826,0.00819971
8828,0.372295
8829,0.199822
8833,0.26082
8850,0.375154
8875,0.322301
8877,0.297556
8878,0.390445
8879,0.341942
8883,0.00795744
8884,0.23545
8885,0.255753
8887,0.22929
8888,0.236544
8889,0.262645
8894,0.263543
8896,0.210517
8898,0.323328
8899,0.304689
8902,0.0468879
8903,0.0203139
8909,0.000451424
8913,0.105632
8921,0.00634378
8923,0.00617412
8928,0.997401
8929,0.99661
8931,0.996898
8935,0.996963
8936,0.00546334
8937,0.996737
8940,0.0615021
8941,0.000786124
8942,0.99687
8943,0.997001
8944,0.997665
8947,0.00501075
8949,0.99681
8953,0.643598
8956,0.997721
8968,0.553679
8971,0.603726
8974,0.571072
8975,0.600295
8976,0.638744
8977,0.563631
8979,0.0033629
8980,0.00290313
8981,0.997564
8983,0.997321
8984,0.996871
8987,0.9969
8988,0.996617
8989,0.643326
8990,0.627062
8991,0.198392
8992,0.0100633
8998,0.559839
8999,0.580699
9000,0.559591
9002,0.996854
9005,0.00729096
9008,0.997087
9012,0.996489
9013,0.99629
9014,0.996609
9015,0.996237
9016,0.996705
9017,0.996199
9018,0.996644
9019,0.996151
9020,0.996172
9022,0.00192733
9023,0.995609
9024,0.0011418
9025,0.00382295
9033,0.00346968
9037,0.995663
9038,0.995897
9040,0.995762
9041,0.995884
9046,0.00205826
9048,0.000921073
9051,0.996447
9053,0.0610643
9070,0.0422799
9075,0.00120119
9078,0.0440656
9079,0.0731874
9083,0.996671
9084,0.997113
9087,0.995864
9088,0.996144
9093,0.0527511
9105,0.00265878
9108,0.00619615
9110,0.0285167
9116,0.0334447
9118,0.995259
9120,0.562987
9125,0.00259976
9126,0.996494
9128,0.99696
9129,0.99779
9135,0.475988
9140,0.0663003
9141,0.0090823
9147,0.237494
9153,0.00472967
9156,0.0195582
9159,0.0742888
9161,0.00725839
9163,0.341854
9165,0.453454
9172,0.156044
9175,0.187206
9179,0.192924
9183,0.996987
9185,0.149044
9186,0.0790912
9188,0.00143827
9191,0.218452
9192,0.107406
9193,0.99778
9196,0.996749
9199,0.996587
9200,0.9969
9202,0.996902
9204,0.0494801
9208,0.00646428
9225,0.0191677
9230,0.00114995
9232,0.125077
9234,0.00893362
9236,0.0013333
9237,0.11578
9244,0.997178
9245,0.997126
9250,0.997595
9251,0.00059229
9258,0.997739
9259,0.00502551
9265,0.996959
9269,0.996725
9273,0.449922
9274,0.484465
9275,0.432948
9276,0.499238
9277,0.409197
9278,0.496576
9280,0.997403
9282,0.997116
9283,0.997744
9298,0.989521
9299,0.99091
9301,0.0781374
9304,0.730067
9305,0.988482
9308,0.989818
9310,0.990932
9311,0.990097
9313,0.0624865
9317,0.986024
9318,0.988117
9321,0.987791
9322,0.99378
9323,0.981322
9325,0.979464
9327,0.132952
9328,0.528997
9330,0.487802
9331,0.445903
9333,0.772989
9334,0.97608
9335,0.483602
9337,0.438023
9343,0.970835
9344,0.436907
9348,0.460932
9352,0.966119
9353,0.967097
9357,0.450665
9362,0.013016
9365,0.975841
9367,0.971884
9371,0.203733
9372,0.95873
9375,0.958319
9377,0.961838
9378,0.950513
9380,0.94179
9381,0.945407
9382,0.767163
9383,0.763904
9386,0.762841
9387,0.768793
9388,0.946017
9390,0.944498
9393,0.949972
9395,0.944256
9396,0.943945
9397,0.942566
9399,0.943023
9401,0.930403
9402,0.813014
9405,0.845504
9407,0.924874
9409,0.921306
9410,0.944483
9412,0.94489
9413,0.939619
9414,0.946123
9415,0.947963
9416,0.95017
9417,0.956985
9418,0.951357
9420,0.000112731
9423,0.0287339
