---------datetime: 2024-08-08 03:09:38.082581-----------
Budget list: [10, 30, 50, 70, 90, 110, 130, 150, 170, 190, 210, 230, 250, 270, 290, 310, 330, 350, 370, 390, 410, 430, 450, 470, 490]
learning rate: 0.01, epoch: 300, weight decay: 0.0005, hidden: 16
50runs using seed.txt
Test_micro_f1 0.6649 0.5969 0.7009 0.6862 0.7083 0.7072 0.7097 0.7154 0.7118 0.7141 0.7123 0.7117 0.7133 0.7120 0.7154 0.7149 0.7121 0.7044 0.7046 0.7189 0.7071 0.7052 0.7098 0.7118 0.7122
Test_micro_std 0.0000 0.0394 0.0208 0.0210 0.0114 0.0148 0.0068 0.0026 0.0065 0.0036 0.0062 0.0015 0.0080 0.0029 0.0052 0.0019 0.0043 0.0118 0.0169 0.0014 0.0164 0.0128 0.0060 0.0040 0.0047
Test_macro_f1 0.3994 0.5100 0.5563 0.5555 0.5749 0.5566 0.5943 0.5924 0.5739 0.5840 0.5870 0.5751 0.5872 0.5649 0.5865 0.5735 0.5629 0.5403 0.5419 0.5864 0.5518 0.5546 0.5880 0.5726 0.5662
Test_macro_std 0.0000 0.0639 0.0907 0.0905 0.0599 0.0620 0.0140 0.0127 0.0371 0.0156 0.0125 0.0130 0.0320 0.0248 0.0289 0.0224 0.0277 0.0521 0.0648 0.0151 0.0647 0.0568 0.0208 0.0217 0.0279
Test_acc_f1 0.6649 0.5969 0.7009 0.6862 0.7083 0.7072 0.7097 0.7154 0.7118 0.7141 0.7123 0.7117 0.7133 0.7120 0.7154 0.7149 0.7121 0.7044 0.7046 0.7189 0.7071 0.7052 0.7098 0.7118 0.7122
Test_acc_std 0.0000 0.0394 0.0208 0.0210 0.0114 0.0148 0.0068 0.0026 0.0065 0.0036 0.0062 0.0015 0.0080 0.0029 0.0052 0.0019 0.0043 0.0118 0.0169 0.0014 0.0164 0.0128 0.0060 0.0040 0.0047
Test_f1_f1 0.0000 0.3267 0.3050 0.3186 0.3380 0.2989 0.3781 0.3685 0.3321 0.3515 0.3600 0.3342 0.3596 0.3122 0.3559 0.3282 0.3079 0.2664 0.2698 0.3522 0.2889 0.2968 0.3648 0.3290 0.3149
Test_f1_std 0.0000 0.1886 0.1763 0.1841 0.1192 0.1201 0.0313 0.0276 0.0745 0.0329 0.0328 0.0286 0.0648 0.0522 0.0592 0.0472 0.0565 0.1018 0.1248 0.0318 0.1250 0.1137 0.0507 0.0461 0.0575
Test_recall_f1 0.0000 0.3678 0.2203 0.2540 0.2368 0.1977 0.2653 0.2491 0.2197 0.2328 0.2440 0.2172 0.2455 0.1986 0.2391 0.2108 0.1948 0.1686 0.1739 0.2295 0.1896 0.1982 0.2541 0.2138 0.2012
Test_recall_std 0.0000 0.2124 0.1276 0.1487 0.0979 0.0886 0.0389 0.0292 0.0626 0.0320 0.0405 0.0280 0.0601 0.0490 0.0534 0.0447 0.0497 0.0780 0.0891 0.0313 0.0925 0.0933 0.0596 0.0458 0.0504
Test_precision_f1 0.0000 0.0000 0.7500 0.7500 1.0000 1.0000 1.0000 1.0000 1.0000 1.0000 1.0000 1.0000 1.0000 1.0000 1.0000 1.0000 1.0000 1.0000 1.0000 1.0000 1.0000 1.0000 1.0000 1.0000 1.0000
Test_precision_std 0.0000 0.0000 0.4330 0.4330 0.0000 0.0000 0.0000 0.0000 0.0000 0.0000 0.0000 0.0000 0.0000 0.0000 0.0000 0.0000 0.0000 0.0000 0.0000 0.0000 0.0000 0.0000 0.0000 0.0000 0.0000
Average AL_Time: 0.7982553434558213s
---------datetime: 2024-08-21 00:49:52.477661-----------
Budget list: [10, 20, 30, 40, 50, 60, 70, 80, 90, 100, 110, 120, 130, 140, 150, 160, 170, 180, 190, 200, 210, 220, 230, 240, 250, 260, 270, 280, 290, 300, 310, 320, 330, 340, 350, 360, 370, 380, 390, 400]
learning rate: 0.01, epoch: 300, weight decay: 0.0005, hidden: 16
50runs using seed.txt
Test_micro_f1 0.5625 0.6219 0.6532 0.6497 0.6627 0.6507 0.6695 0.6593 0.6622 0.6571 0.6702 0.6782 0.6717 0.5990 0.6804 0.6798 0.6794 0.6797 0.6713 0.6719 0.6735 0.6771 0.6764 0.6817 0.6691 0.6705 0.6667 0.6680 0.6663 0.6672 0.6680 0.6680 0.6654 0.6655 0.6653 0.6649 0.6649 0.6649 0.6649 0.6649
Test_micro_std 0.1214 0.0535 0.0400 0.0442 0.0259 0.0246 0.0297 0.0404 0.0367 0.0147 0.0241 0.0332 0.0285 0.1142 0.0268 0.0257 0.0250 0.0255 0.0290 0.0304 0.0337 0.0211 0.0200 0.0212 0.0073 0.0102 0.0058 0.0054 0.0025 0.0040 0.0054 0.0053 0.0009 0.0010 0.0012 0.0000 0.0000 0.0000 0.0000 0.0000
Test_macro_f1 0.4181 0.4453 0.4877 0.4729 0.4828 0.4372 0.4798 0.4798 0.4740 0.4894 0.4643 0.5125 0.4590 0.3952 0.4484 0.4464 0.4470 0.4473 0.4835 0.4829 0.4892 0.4414 0.4447 0.4674 0.4225 0.4218 0.4202 0.4132 0.4039 0.4108 0.4133 0.4132 0.4056 0.4013 0.4012 0.3994 0.3994 0.3994 0.3994 0.3994
Test_macro_std 0.0704 0.0481 0.0938 0.0739 0.0881 0.0655 0.0804 0.0806 0.0750 0.0913 0.0650 0.0721 0.0682 0.0074 0.0849 0.0814 0.0825 0.0829 0.0938 0.0914 0.0948 0.0728 0.0786 0.0823 0.0400 0.0390 0.0370 0.0239 0.0078 0.0198 0.0240 0.0239 0.0107 0.0032 0.0033 0.0000 0.0000 0.0000 0.0000 0.0000
Test_acc_f1 0.5625 0.6219 0.6532 0.6497 0.6627 0.6507 0.6695 0.6593 0.6622 0.6571 0.6702 0.6782 0.6717 0.5990 0.6804 0.6798 0.6794 0.6797 0.6713 0.6719 0.6735 0.6771 0.6764 0.6817 0.6691 0.6705 0.6667 0.6680 0.6663 0.6672 0.6680 0.6680 0.6654 0.6655 0.6653 0.6649 0.6649 0.6649 0.6649 0.6649
Test_acc_std 0.1214 0.0535 0.0400 0.0442 0.0259 0.0246 0.0297 0.0404 0.0367 0.0147 0.0241 0.0332 0.0285 0.1142 0.0268 0.0257 0.0250 0.0255 0.0290 0.0304 0.0337 0.0211 0.0200 0.0212 0.0073 0.0102 0.0058 0.0054 0.0025 0.0040 0.0054 0.0053 0.0009 0.0010 0.0012 0.0000 0.0000 0.0000 0.0000 0.0000
Test_f1_f1 0.2281 0.1482 0.2015 0.1778 0.1820 0.0975 0.1701 0.1827 0.1670 0.2041 0.1343 0.2328 0.1206 0.1225 0.0912 0.0873 0.0892 0.0894 0.1748 0.1727 0.1856 0.0790 0.0868 0.1304 0.0452 0.0427 0.0424 0.0265 0.0083 0.0222 0.0267 0.0266 0.0125 0.0034 0.0034 0.0000 0.0000 0.0000 0.0000 0.0000
Test_f1_std 0.2284 0.1675 0.1894 0.1807 0.1858 0.1690 0.1731 0.1855 0.1761 0.2053 0.1354 0.1544 0.1295 0.2121 0.1580 0.1513 0.1545 0.1549 0.1865 0.1810 0.1890 0.1368 0.1504 0.1577 0.0782 0.0739 0.0734 0.0459 0.0144 0.0385 0.0462 0.0460 0.0217 0.0060 0.0060 0.0000 0.0000 0.0000 0.0000 0.0000
Test_recall_f1 0.3430 0.1514 0.1622 0.1574 0.1441 0.0936 0.1303 0.1558 0.1398 0.1806 0.0904 0.1716 0.0753 0.2146 0.0585 0.0552 0.0573 0.0573 0.1302 0.1258 0.1381 0.0493 0.0573 0.0852 0.0262 0.0239 0.0247 0.0143 0.0043 0.0119 0.0143 0.0143 0.0066 0.0018 0.0018 0.0000 0.0000 0.0000 0.0000 0.0000
Test_recall_std 0.3626 0.1953 0.1564 0.1751 0.1462 0.1621 0.1430 0.1735 0.1681 0.1818 0.0950 0.1330 0.0797 0.3717 0.1014 0.0957 0.0993 0.0993 0.1400 0.1312 0.1387 0.0855 0.0993 0.1087 0.0453 0.0414 0.0427 0.0247 0.0074 0.0206 0.0249 0.0248 0.0113 0.0030 0.0030 0.0000 0.0000 0.0000 0.0000 0.0000
Test_precision_f1 0.0000 0.0000 0.2500 0.2500 0.2500 0.0000 0.2500 0.2500 0.2500 0.2500 0.2500 0.5000 0.2500 0.0000 0.2500 0.2500 0.2500 0.2500 0.2500 0.2500 0.2500 0.2500 0.2500 0.5000 0.2500 0.2500 0.2500 0.2500 0.2500 0.2500 0.2500 0.2500 0.2500 0.2500 0.2500 0.0000 0.0000 0.0000 0.0000 0.0000
Test_precision_std 0.0000 0.0000 0.4330 0.4330 0.4330 0.0000 0.4330 0.4330 0.4330 0.4330 0.4330 0.5000 0.4330 0.0000 0.4330 0.4330 0.4330 0.4330 0.4330 0.4330 0.4330 0.4330 0.4330 0.5000 0.4330 0.4330 0.4330 0.4330 0.4330 0.4330 0.4330 0.4330 0.4330 0.4330 0.4330 0.0000 0.0000 0.0000 0.0000 0.0000
Average AL_Time: 2.0174180972389877s
---------datetime: 2024-08-21 04:01:57.605917-----------
Budget list: [10, 20, 30, 40, 50, 60, 70, 80, 90, 100, 110, 120, 130, 140, 150, 160, 170, 180, 190, 200, 210, 220, 230, 240, 250, 260, 270, 280, 290, 300, 310, 320, 330, 340, 350, 360, 370, 380, 390, 400]
learning rate: 0.01, epoch: 300, weight decay: 0.0005, hidden: 16
50runs using seed.txt
Test_micro_f1 0.6944 0.7223 0.7037 0.7111 0.7197 0.7257 0.7360 0.7207 0.7403 0.7514 0.7508 0.7484 0.7549 0.7561 0.7453 0.7589 0.7532 0.7579 0.7534 0.7560 0.7561 0.7516 0.7522 0.7522 0.7463 0.7452 0.7485 0.7403 0.7485 0.7472 0.7388 0.7339 0.7374 0.7051 0.7419 0.7311 0.7355 0.6993 0.7384 0.7339
Test_micro_std 0.0298 0.0086 0.0392 0.0422 0.0382 0.0408 0.0213 0.0446 0.0277 0.0111 0.0115 0.0165 0.0109 0.0074 0.0252 0.0031 0.0058 0.0020 0.0064 0.0007 0.0010 0.0050 0.0057 0.0043 0.0104 0.0079 0.0074 0.0088 0.0048 0.0080 0.0086 0.0140 0.0099 0.0373 0.0101 0.0144 0.0055 0.0312 0.0076 0.0125
Test_macro_f1 0.5198 0.6301 0.5312 0.6412 0.5949 0.5993 0.6413 0.5645 0.6358 0.6582 0.6710 0.6780 0.6752 0.6762 0.6398 0.6798 0.6683 0.6762 0.6748 0.6744 0.6755 0.6738 0.6776 0.6726 0.6714 0.6728 0.6652 0.6638 0.6722 0.6736 0.6725 0.6392 0.6726 0.5429 0.6738 0.6486 0.6716 0.5425 0.6732 0.6303
Test_macro_std 0.1204 0.0173 0.1319 0.0290 0.1145 0.1175 0.0397 0.1291 0.0616 0.0318 0.0099 0.0130 0.0153 0.0104 0.0739 0.0053 0.0158 0.0057 0.0035 0.0064 0.0015 0.0037 0.0017 0.0058 0.0121 0.0031 0.0167 0.0125 0.0046 0.0050 0.0071 0.0546 0.0056 0.1305 0.0041 0.0366 0.0038 0.1257 0.0055 0.0472
Test_acc_f1 0.6944 0.7223 0.7037 0.7111 0.7197 0.7257 0.7360 0.7207 0.7403 0.7514 0.7508 0.7484 0.7549 0.7561 0.7453 0.7589 0.7532 0.7579 0.7534 0.7560 0.7561 0.7516 0.7522 0.7522 0.7463 0.7452 0.7485 0.7403 0.7485 0.7472 0.7388 0.7339 0.7374 0.7051 0.7419 0.7311 0.7355 0.6993 0.7384 0.7339
Test_acc_std 0.0298 0.0086 0.0392 0.0422 0.0382 0.0408 0.0213 0.0446 0.0277 0.0111 0.0115 0.0165 0.0109 0.0074 0.0252 0.0031 0.0058 0.0020 0.0064 0.0007 0.0010 0.0050 0.0057 0.0043 0.0104 0.0079 0.0074 0.0088 0.0048 0.0080 0.0086 0.0140 0.0099 0.0373 0.0101 0.0144 0.0055 0.0312 0.0076 0.0125
Test_f1_f1 0.2334 0.4457 0.2499 0.4859 0.3733 0.3770 0.4574 0.3060 0.4414 0.4800 0.5090 0.5277 0.5144 0.5154 0.4462 0.5206 0.5007 0.5137 0.5150 0.5113 0.5138 0.5144 0.5225 0.5115 0.5151 0.5192 0.4985 0.5038 0.5141 0.5188 0.5253 0.4562 0.5271 0.2742 0.5250 0.4789 0.5268 0.2792 0.5271 0.4360
Test_f1_std 0.2334 0.0327 0.2502 0.0358 0.2167 0.2196 0.0696 0.2390 0.1095 0.0601 0.0113 0.0135 0.0242 0.0191 0.1379 0.0092 0.0331 0.0117 0.0039 0.0142 0.0042 0.0041 0.0040 0.0173 0.0267 0.0118 0.0344 0.0270 0.0124 0.0130 0.0074 0.1095 0.0065 0.2496 0.0075 0.0687 0.0048 0.2451 0.0066 0.0944
Test_recall_f1 0.1803 0.3350 0.1928 0.4091 0.2899 0.2868 0.3367 0.2256 0.3167 0.3485 0.3852 0.4187 0.3878 0.3878 0.3273 0.3908 0.3722 0.3821 0.3908 0.3815 0.3847 0.3926 0.4048 0.3885 0.4047 0.4114 0.3761 0.3958 0.3978 0.4075 0.4312 0.3528 0.4370 0.2178 0.4262 0.3760 0.4393 0.2300 0.4351 0.3224
Test_recall_std 0.1804 0.0401 0.1948 0.0737 0.1688 0.1672 0.0660 0.1885 0.0953 0.0677 0.0070 0.0153 0.0230 0.0262 0.1220 0.0107 0.0467 0.0166 0.0111 0.0207 0.0081 0.0058 0.0151 0.0336 0.0460 0.0302 0.0475 0.0433 0.0242 0.0289 0.0065 0.1151 0.0198 0.2052 0.0258 0.0766 0.0105 0.2119 0.0132 0.1082
Test_precision_f1 0.5000 1.0000 0.5000 0.7500 0.7500 0.7500 1.0000 0.7500 1.0000 1.0000 1.0000 1.0000 1.0000 1.0000 1.0000 1.0000 1.0000 1.0000 1.0000 1.0000 1.0000 1.0000 1.0000 1.0000 1.0000 1.0000 1.0000 1.0000 1.0000 1.0000 1.0000 1.0000 1.0000 0.7500 1.0000 1.0000 1.0000 0.7500 1.0000 1.0000
Test_precision_std 0.5000 0.0000 0.5000 0.4330 0.4330 0.4330 0.0000 0.4330 0.0000 0.0000 0.0000 0.0000 0.0000 0.0000 0.0000 0.0000 0.0000 0.0000 0.0000 0.0000 0.0000 0.0000 0.0000 0.0000 0.0000 0.0000 0.0000 0.0000 0.0000 0.0000 0.0000 0.0000 0.0000 0.4330 0.0000 0.0000 0.0000 0.4330 0.0000 0.0000
Average AL_Time: 1.9942592103034258s
