1,30,1
2,25,1
3,18,0
4,72,5
5,23,1
6,77,5
7,19,0
8,24,1
9,72,5
10,24,1
11,21,1
12,22,1
13,21,1
14,33,2
15,22,1
16,35,2
17,44,3
18,31,2
19,30,1
20,20,0
21,57,4
23,53,4
24,17,0
25,22,1
27,20,0
28,25,1
29,22,1
31,23,1
32,47,3
33,26,1
35,21,1
36,16,0
37,19,0
38,24,1
39,23,1
40,20,0
41,37,2
42,23,1
43,30,1
44,20,0
45,22,1
46,32,2
47,30,1
48,27,1
49,21,1
51,27,1
52,40,2
53,31,2
54,37,2
55,22,1
57,29,1
58,21,1
59,30,1
60,19,0
61,34,2
63,21,1
64,23,1
65,22,1
67,22,1
68,41,3
69,27,1
70,27,1
74,24,1
75,24,1
76,19,0
77,29,1
78,54,4
81,28,1
82,25,1
83,22,1
84,49,3
85,20,0
86,25,1
87,34,2
88,20,0
89,20,0
90,20,0
92,28,1
93,19,0
94,32,2
95,15,0
96,18,0
97,31,2
98,20,0
99,23,1
100,36,2
101,20,0
102,45,3
103,25,1
104,22,1
105,23,1
106,23,1
107,34,2
108,27,1
109,21,1
110,24,1
111,19,0
112,26,1
113,23,1
114,38,2
115,18,0
116,20,0
117,22,1
118,77,5
119,40,2
120,65,4
121,42,3
122,40,2
123,29,1
124,32,2
125,74,5
126,20,0
127,76,5
128,30,1
129,20,0
130,29,1
131,18,0
132,23,1
133,26,1
134,32,2
135,74,5
136,59,4
137,34,2
138,23,1
139,45,3
140,20,0
141,28,1
142,30,1
143,21,1
144,20,0
145,34,2
146,20,0
147,37,2
148,20,0
149,21,1
150,57,4
151,43,3
152,35,2
153,34,2
154,19,0
155,24,1
156,18,0
157,29,1
158,21,1
159,22,1
160,22,1
161,53,4
162,27,1
163,40,2
164,34,2
165,49,3
166,21,1
167,91,5
169,19,0
170,18,0
171,75,5
172,21,1
173,22,1
174,20,0
175,22,1
176,27,1
177,20,0
178,28,1
179,67,4
180,63,4
181,20,0
182,22,1
183,21,1
184,20,0
185,26,1
186,25,1
187,27,1
188,36,2
189,19,0
190,27,1
192,25,1
193,43,3
194,29,1
195,56,4
196,64,4
197,21,1
198,21,1
199,41,3
200,19,0
201,57,4
202,123,5
203,19,0
204,24,1
207,54,4
208,19,0
209,148,5
210,23,1
211,22,1
212,24,1
213,24,1
214,23,1
215,51,4
216,38,2
217,21,1
218,28,1
219,28,1
221,23,1
222,19,0
223,20,0
224,21,1
225,25,1
226,18,0
227,21,1
228,24,1
229,30,1
231,77,5
232,21,1
233,42,3
234,23,1
235,18,0
236,41,3
237,21,1
238,18,0
239,46,3
240,28,1
241,21,1
242,20,0
245,35,2
246,62,4
247,64,4
248,20,0
249,66,4
250,21,1
251,39,2
252,38,2
253,22,1
254,23,1
255,25,1
257,44,3
258,22,1
259,25,1
262,23,1
263,28,1
264,34,2
265,61,4
267,52,4
268,21,1
269,32,2
270,18,0
271,28,1
272,18,0
274,78,5
275,20,0
276,28,1
277,21,1
278,22,1
279,35,2
280,55,4
281,39,2
282,37,2
284,22,1
285,33,2
286,20,0
287,23,1
288,21,1
289,23,1
290,21,1
291,22,1
292,28,1
293,26,1
294,25,1
295,19,0
296,23,1
297,34,2
298,21,1
299,23,1
300,19,0
301,20,0
302,16,0
303,21,1
304,25,1
305,19,0
306,27,1
307,24,1
308,17,0
309,29,1
310,31,2
311,19,0
312,22,1
313,36,2
314,24,1
316,59,4
317,20,0
318,20,0
319,21,1
320,23,1
321,25,1
322,28,1
323,25,1
324,26,1
325,46,3
326,44,3
327,26,1
328,17,0
329,21,1
330,24,1
332,17,0
333,100,5
334,31,2
335,22,1
336,22,1
337,22,1
338,31,2
339,24,1
340,26,1
341,21,1
342,24,1
343,34,2
344,29,1
345,54,4
346,25,1
347,47,3
348,21,1
349,27,1
350,21,1
351,56,4
352,25,1
353,100,5
355,31,2
356,27,1
357,39,2
358,19,0
359,28,1
360,22,1
361,22,1
362,24,1
363,28,1
364,23,1
365,32,2
366,18,0
367,52,4
368,19,0
369,19,0
370,19,0
371,21,1
372,35,2
373,22,1
374,34,2
375,27,1
376,31,2
377,27,1
378,44,3
379,19,0
380,19,0
382,16,0
383,27,1
384,19,0
385,25,1
388,35,2
389,30,1
390,68,4
391,18,0
392,32,2
393,19,0
394,19,0
395,23,1
396,37,2
397,22,1
398,30,1
399,42,3
401,21,1
402,26,1
403,20,0
404,24,1
405,36,2
406,24,1
407,28,1
408,26,1
409,20,0
410,20,0
411,22,1
412,43,3
413,55,4
414,44,3
415,28,1
416,28,1
417,34,2
418,17,0
419,21,1
420,51,4
421,21,1
422,23,1
423,41,3
424,23,1
425,33,2
426,21,1
427,28,1
428,21,1
430,20,0
431,20,0
432,24,1
433,27,1
434,20,0
435,23,1
436,27,1
437,24,1
438,29,1
439,29,1
440,25,1
441,25,1
442,32,2
443,28,1
445,33,2
446,35,2
447,23,1
449,50,3
450,39,2
452,30,1
453,20,0
454,18,0
455,29,1
456,22,1
457,21,1
458,22,1
459,22,1
460,23,1
461,21,1
462,40,2
464,20,0
465,40,2
467,23,1
468,21,1
469,22,1
470,23,1
471,28,1
472,27,1
473,22,1
474,67,4
475,31,2
476,21,1
477,22,1
478,21,1
479,77,5
480,21,1
481,23,1
482,21,1
483,30,1
484,21,1
485,20,0
486,32,2
487,20,0
488,20,0
489,18,0
490,24,1
491,23,1
492,21,1
493,32,2
494,19,0
495,26,1
496,22,1
497,21,1
498,23,1
499,25,1
500,27,1
501,33,2
502,34,2
503,20,0
504,29,1
506,52,4
507,29,1
508,22,1
509,22,1
510,21,1
512,17,0
513,25,1
514,24,1
515,46,3
516,19,0
517,23,1
518,44,3
519,24,1
520,23,1
521,22,1
523,19,0
524,25,1
525,40,2
526,70,4
527,24,1
528,34,2
529,28,1
530,17,0
531,23,1
532,22,1
533,32,2
534,22,1
535,25,1
536,21,1
537,26,1
538,44,3
539,24,1
540,22,1
541,22,1
542,34,2
543,23,1
545,47,3
546,25,1
547,79,5
548,88,5
549,103,5
550,28,1
551,40,2
552,20,0
553,56,4
554,21,1
555,26,1
556,45,3
557,21,1
558,24,1
559,43,3
560,21,1
561,87,5
562,55,4
563,20,0
564,72,5
565,20,0
566,54,4
567,25,1
568,23,1
569,39,2
570,20,0
571,49,3
573,19,0
575,25,1
576,28,1
577,95,5
578,25,1
579,29,1
580,45,3
581,20,0
582,45,3
583,29,1
584,30,1
585,42,3
586,20,0
587,57,4
588,23,1
589,23,1
590,23,1
591,31,2
592,21,1
593,22,1
594,20,0
595,20,0
596,26,1
597,53,4
598,103,5
599,28,1
600,17,0
601,41,3
602,41,3
603,25,1
604,22,1
605,27,1
606,30,1
607,27,1
608,52,4
609,26,1
610,25,1
611,24,1
612,22,1
613,53,4
614,24,1
615,21,1
616,24,1
617,24,1
618,33,2
619,24,1
620,31,2
621,25,1
622,44,3
623,23,1
624,33,2
625,24,1
626,27,1
628,37,2
629,21,1
630,46,3
631,28,1
632,22,1
633,24,1
634,35,2
635,56,4
636,21,1
637,69,4
638,21,1
639,54,4
640,24,1
641,19,0
642,25,1
643,32,2
644,22,1
645,33,2
646,19,0
647,18,0
648,21,1
649,17,0
650,23,1
651,20,0
652,27,1
653,52,4
654,25,1
655,22,1
656,20,0
658,27,1
660,22,1
661,22,1
662,19,0
664,22,1
665,29,1
666,26,1
667,20,0
668,31,2
669,19,0
670,34,2
671,46,3
672,20,0
673,27,1
674,32,2
675,27,1
676,21,1
677,22,1
678,20,0
679,28,1
680,24,1
681,32,2
682,22,1
683,21,1
684,59,4
685,20,0
686,27,1
687,38,2
688,34,2
689,25,1
690,23,1
691,19,0
693,33,2
694,14,0
695,21,1
696,27,1
697,21,1
698,32,2
699,18,0
700,22,1
701,36,2
702,33,2
703,35,2
704,21,1
705,39,2
706,23,1
707,25,1
708,20,0
709,27,1
710,27,1
711,20,0
712,25,1
713,38,2
714,25,1
715,26,1
717,39,2
718,18,0
720,32,2
721,19,0
722,26,1
723,24,1
724,20,0
725,20,0
726,19,0
727,29,1
728,21,1
729,29,1
730,36,2
731,27,1
732,46,3
733,22,1
735,37,2
736,40,2
737,19,0
738,43,3
739,27,1
740,21,1
741,36,2
742,20,0
743,31,2
744,19,0
745,96,5
746,34,2
747,44,3
748,113,5
750,22,1
751,20,0
752,27,1
753,33,2
754,25,1
755,43,3
756,22,1
757,22,1
758,26,1
759,20,0
760,20,0
761,211,5
762,21,1
763,24,1
764,74,5
765,36,2
766,27,1
767,27,1
768,44,3
769,19,0
770,19,0
771,43,3
772,26,1
773,23,1
774,20,0
776,25,1
777,37,2
778,20,0
779,26,1
780,52,4
781,19,0
782,26,1
783,103,5
784,49,3
785,24,1
786,22,1
788,20,0
789,24,1
790,26,1
791,22,1
792,29,1
793,41,3
794,25,1
795,29,1
796,22,1
797,61,4
798,43,3
799,20,0
800,22,1
801,35,2
802,36,2
803,31,2
804,19,0
805,21,1
806,31,2
807,147,5
808,17,0
809,29,1
810,20,0
811,24,1
812,21,1
813,20,0
814,21,1
815,99,5
816,136,5
817,20,0
818,121,5
819,26,1
820,52,4
821,37,2
822,21,1
823,24,1
824,19,0
825,21,1
826,20,0
827,37,2
828,38,2
829,45,3
830,17,0
831,72,5
832,19,0
833,20,0
834,24,1
835,26,1
836,36,2
837,22,1
838,34,2
839,20,0
840,36,2
841,28,1
842,30,1
843,36,2
844,97,5
845,27,1
846,49,3
847,21,1
848,24,1
849,38,2
850,19,0
851,27,1
852,60,4
853,39,2
854,22,1
855,25,1
856,86,5
857,21,1
858,20,0
859,19,0
860,22,1
861,20,0
862,26,1
863,21,1
864,21,1
865,28,1
866,41,3
867,39,2
868,114,5
869,19,0
870,36,2
871,19,0
872,76,5
873,22,1
874,22,1
875,68,4
876,45,3
877,29,1
878,28,1
879,25,1
880,20,0
881,23,1
882,20,0
883,23,1
884,20,0
885,17,0
886,49,3
887,27,1
888,31,2
889,24,1
890,33,2
891,31,2
892,21,1
893,25,1
894,28,1
895,211,5
896,58,4
897,40,2
898,20,0
899,21,1
900,28,1
901,23,1
902,88,5
903,21,1
904,32,2
905,24,1
906,27,1
907,21,1
908,24,1
909,82,5
910,34,2
911,30,1
912,23,1
913,19,0
914,20,0
915,26,1
916,18,0
917,27,1
918,23,1
919,27,1
920,25,1
921,24,1
922,31,2
923,23,1
924,20,0
925,86,5
927,23,1
928,25,1
929,21,1
930,26,1
931,21,1
932,27,1
933,57,4
934,20,0
935,31,2
936,19,0
937,26,1
938,93,5
939,23,1
940,27,1
941,42,3
942,23,1
943,25,1
944,32,2
946,24,1
947,43,3
948,22,1
949,23,1
950,28,1
951,22,1
952,19,0
953,25,1
954,37,2
955,37,2
956,24,1
957,26,1
958,19,0
959,33,2
960,32,2
961,30,1
962,85,5
963,25,1
964,39,2
965,21,1
966,21,1
967,43,3
969,57,4
970,23,1
971,35,2
972,21,1
973,33,2
974,20,0
975,20,0
976,30,1
977,31,2
978,21,1
979,18,0
980,20,0
981,21,1
982,27,1
984,29,1
985,21,1
986,24,1
987,20,0
988,32,2
989,76,5
990,22,1
991,19,0
992,26,1
993,24,1
994,22,1
995,33,2
996,44,3
997,32,2
998,17,0
999,18,0
1000,25,1
1001,30,1
1002,32,2
1003,25,1
1004,32,2
1005,27,1
1006,17,0
1007,24,1
1008,115,5
1009,132,5
1010,29,1
1011,30,1
1012,140,5
1013,38,2
1014,125,5
1015,120,5
1016,21,1
1017,20,0
1018,29,1
1019,22,1
1020,21,1
1021,23,1
1022,98,5
1023,25,1
1024,20,0
1025,20,0
1026,31,2
1027,18,0
1028,24,1
1029,20,0
1030,20,0
1031,33,2
1032,45,3
1033,100,5
1034,42,3
1035,22,1
1036,28,1
1037,134,5
1038,26,1
1039,18,0
1040,35,2
1041,27,1
1043,79,5
1044,20,0
1045,20,0
1046,21,1
1047,19,0
1048,25,1
1049,17,0
1050,23,1
1051,19,0
1052,27,1
1053,20,0
1054,16,0
1055,22,1
1056,19,0
1057,21,1
1058,37,2
1059,19,0
1060,46,3
1061,21,1
1062,36,2
1063,52,4
1064,25,1
1065,62,4
1066,28,1
1067,32,2
1068,31,2
1069,22,1
1070,60,4
1071,22,1
1072,24,1
1073,99,5
1074,19,0
1075,20,0
1076,40,2
1077,66,4
1078,151,5
1079,22,1
1080,19,0
1081,25,1
1082,18,0
1083,27,1
1084,19,0
1085,27,1
1086,20,0
1087,21,1
1088,17,0
1089,31,2
1090,27,1
1091,29,1
1092,28,1
1093,34,2
1094,34,2
1095,23,1
1096,40,2
1097,24,1
1098,63,4
1099,90,5
1100,18,0
1101,21,1
1102,23,1
1103,22,1
1104,20,0
1105,36,2
1106,22,1
1107,24,1
1108,20,0
1109,30,1
1110,33,2
1111,22,1
1112,24,1
1113,24,1
1114,46,3
1115,20,0
1116,28,1
1117,21,1
1118,37,2
1119,24,1
1120,17,0
1121,26,1
1122,20,0
1123,58,4
1124,24,1
1125,37,2
1126,23,1
1127,23,1
1128,28,1
1129,92,5
1130,19,0
1131,96,5
1132,17,0
1133,31,2
1134,19,0
1135,30,1
1136,19,0
1137,23,1
1138,31,2
1139,32,2
1140,38,2
1141,25,1
1142,28,1
1143,25,1
1145,28,1
1146,15,0
1147,32,2
1148,38,2
1149,84,5
1150,38,2
1151,35,2
1152,19,0
1153,19,0
1154,21,1
1155,24,1
1156,20,0
1157,18,0
1158,19,0
1159,54,4
1160,24,1
1161,21,1
1162,21,1
1164,26,1
1165,35,2
1166,26,1
1167,26,1
1168,37,2
1169,36,2
1170,21,1
1171,29,1
1172,38,2
1174,40,2
1175,23,1
1176,23,1
1177,65,4
1178,19,0
1179,23,1
1180,25,1
1181,24,1
1182,20,0
1183,31,2
1184,35,2
1185,18,0
1186,45,3
1187,20,0
1188,48,3
1189,21,1
1190,22,1
1191,48,3
1192,29,1
1193,19,0
1194,19,0
1195,23,1
1196,43,3
1197,23,1
1198,22,1
1199,21,1
1200,29,1
1201,29,1
1202,20,0
1203,48,3
1204,27,1
1205,22,1
1206,35,2
1207,30,1
1208,23,1
1209,25,1
1210,28,1
1211,23,1
1212,16,0
1213,23,1
1214,27,1
1215,20,0
1216,21,1
1217,23,1
1218,20,0
1219,21,1
1220,23,1
1221,31,2
1222,35,2
1223,20,0
1224,16,0
1225,84,5
1226,37,2
1227,20,0
1228,29,1
1229,24,1
1230,21,1
1231,24,1
1232,23,1
1233,24,1
1235,17,0
1236,19,0
1237,24,1
1238,26,1
1239,26,1
1240,30,1
1241,43,3
1242,24,1
1243,21,1
1244,22,1
1245,20,0
1246,24,1
1247,33,2
1248,34,2
1249,32,2
1250,18,0
1251,30,1
1252,39,2
1253,22,1
1254,52,4
1255,33,2
1256,30,1
1257,23,1
1258,19,0
1259,24,1
1260,36,2
1261,22,1
1262,21,1
1263,20,0
1264,23,1
1265,39,2
1266,27,1
1267,22,1
1268,27,1
1269,20,0
1270,25,1
1271,29,1
1272,35,2
1273,26,1
1274,44,3
1275,55,4
1276,27,1
1277,22,1
1278,27,1
1279,17,0
1280,52,4
1281,33,2
1282,31,2
1283,43,3
1284,31,2
1285,20,0
1286,21,1
1287,87,5
1288,34,2
1289,30,1
1290,37,2
1291,33,2
1292,23,1
1293,66,4
1294,26,1
1295,27,1
1296,22,1
1297,61,4
1298,35,2
1299,32,2
1300,20,0
1301,44,3
1302,58,4
1303,21,1
1304,52,4
1305,36,2
1306,18,0
1307,22,1
1308,50,3
1309,21,1
1310,25,1
1311,17,0
1312,20,0
1313,29,1
1314,31,2
1315,30,1
1316,21,1
1317,19,0
1318,44,3
1319,31,2
1320,20,0
1321,50,3
1322,47,3
1323,19,0
1324,28,1
1325,20,0
1326,22,1
1327,37,2
1328,42,3
1329,28,1
1330,35,2
1331,66,4
1332,46,3
1333,42,3
1334,21,1
1335,28,1
1336,19,0
1337,20,0
1338,47,3
1339,19,0
1340,26,1
1341,31,2
1342,20,0
1343,48,3
1344,20,0
1345,46,3
1346,36,2
1347,20,0
1348,34,2
1349,30,1
1350,25,1
1351,25,1
1352,41,3
1353,32,2
1354,20,0
1355,24,1
1356,25,1
1357,42,3
1358,21,1
1359,17,0
1360,25,1
1361,79,5
1362,25,1
1363,24,1
1364,36,2
1365,46,3
1366,19,0
1367,24,1
1368,38,2
1369,20,0
1370,19,0
1371,18,0
1372,39,2
1373,30,1
1374,48,3
1375,23,1
1376,20,0
1377,19,0
1378,33,2
1379,26,1
1380,100,5
1381,29,1
1382,27,1
1383,41,3
1384,40,2
1385,22,1
1386,27,1
1387,26,1
1388,20,0
1389,38,2
1390,78,5
1391,25,1
1392,24,1
1393,196,5
1394,20,0
1395,36,2
1396,30,1
1397,22,1
1398,19,0
1399,17,0
1400,23,1
1401,28,1
1402,20,0
1403,36,2
1404,39,2
1405,22,1
1406,25,1
1407,21,1
1408,34,2
1409,19,0
1410,19,0
1411,22,1
1412,44,3
1413,23,1
1414,27,1
1415,21,1
1416,27,1
1417,56,4
1418,23,1
1419,25,1
1420,37,2
1421,22,1
1422,29,1
1423,24,1
1424,25,1
1425,51,4
1426,20,0
1427,72,5
1428,17,0
1429,29,1
1430,25,1
1431,47,3
1432,22,1
1433,20,0
1434,61,4
1435,30,1
1436,22,1
1437,19,0
1438,28,1
1439,21,1
1440,31,2
1441,32,2
1442,21,1
1443,21,1
1444,37,2
1445,23,1
1446,22,1
1447,23,1
1448,30,1
1449,26,1
1450,21,1
1451,22,1
1452,28,1
1453,33,2
1454,25,1
1455,21,1
1456,19,0
1457,20,0
1458,18,0
1459,20,0
1460,27,1
1461,18,0
1462,28,1
1463,18,0
1464,18,0
1465,19,0
1466,25,1
1467,25,1
1468,48,3
1469,38,2
1470,55,4
1471,22,1
1472,23,1
1473,29,1
1474,21,1
1475,21,1
1476,26,1
1477,19,0
1478,29,1
1479,27,1
1480,22,1
1481,20,0
1482,23,1
1483,20,0
1484,25,1
1485,82,5
1486,31,2
1487,38,2
1488,23,1
1489,28,1
1490,26,1
1491,53,4
1492,18,0
1493,22,1
1494,28,1
1495,19,0
1496,28,1
1497,47,3
1498,20,0
1499,47,3
1500,21,1
1501,39,2
1502,32,2
1503,27,1
1504,42,3
1505,19,0
1506,57,4
1507,50,3
1508,22,1
1509,23,1
1510,18,0
1511,34,2
1512,29,1
1513,22,1
1514,28,1
1515,19,0
1516,26,1
1517,21,1
1518,61,4
1519,36,2
1520,18,0
1521,23,1
1522,32,2
1523,22,1
1524,58,4
1525,19,0
1526,32,2
1527,22,1
1528,74,5
1529,39,2
1530,19,0
1531,22,1
1532,23,1
1533,27,1
1534,52,4
1535,48,3
1536,28,1
1537,32,2
1538,21,1
1539,32,2
1540,22,1
1541,59,4
1542,55,4
1543,23,1
1544,45,3
1545,27,1
1546,25,1
1547,59,4
1548,58,4
1549,115,5
1550,79,5
1551,57,4
1552,25,1
1553,26,1
1554,25,1
1555,40,2
1556,49,3
1557,42,3
1558,52,4
1559,45,3
1560,102,5
1561,56,4
1562,26,1
1563,20,0
1564,20,0
1565,22,1
1566,29,1
1567,23,1
1568,40,2
1569,20,0
1570,16,0
1571,20,0
1572,19,0
1573,43,3
1574,19,0
1575,22,1
1576,53,4
1577,22,1
1578,55,4
1579,34,2
1580,85,5
1581,28,1
1582,25,1
1583,24,1
1584,89,5
1585,108,5
1586,99,5
1587,104,5
1588,35,2
1589,25,1
1590,93,5
1591,22,1
1592,21,1
1593,97,5
1594,60,4
1595,117,5
1596,110,5
1597,115,5
1598,121,5
1599,108,5
1600,89,5
1601,35,2
1602,110,5
1603,110,5
1604,20,0
1605,35,2
1606,20,0
1607,26,1
1608,34,2
1609,19,0
1610,28,1
1611,22,1
1612,38,2
1613,19,0
1614,56,4
1615,27,1
1616,28,1
1617,33,2
1618,41,3
1619,24,1
1620,23,1
1621,19,0
1622,11,0
1623,21,1
1624,39,2
1625,28,1
1626,22,1
1627,25,1
1628,24,1
1629,25,1
1630,36,2
1631,23,1
1632,31,2
1633,23,1
1634,36,2
1635,33,2
1636,44,3
1637,21,1
1638,22,1
1639,26,1
1640,44,3
1641,30,1
1642,18,0
1643,26,1
1644,30,1
1645,26,1
1646,19,0
1647,17,0
1648,25,1
1649,110,5
1650,127,5
1651,126,5
1652,125,5
1653,131,5
1654,133,5
1655,20,0
1656,100,5
1657,36,2
1658,106,5
1659,130,5
1660,135,5
1661,95,5
1662,25,1
1663,23,1
1664,17,0
1665,16,0
1666,18,0
1667,98,5
1668,114,5
1669,101,5
1670,105,5
1671,126,5
1672,111,5
1673,127,5
1674,137,5
1675,139,5
1676,136,5
1677,143,5
1678,112,5
1679,133,5
1680,25,1
1681,25,1
1682,30,1
1683,25,1
1684,21,1
1685,22,1
1686,71,5
1687,56,4
1688,72,5
1689,25,1
1690,25,1
1691,21,1
1692,30,1
1693,30,1
1694,34,2
1695,114,5
1696,112,5
1697,123,5
1698,45,3
1699,107,5
1700,24,1
1701,103,5
1702,33,2
1703,54,4
1704,123,5
1705,42,3
1706,35,2
1707,20,0
1708,55,4
1709,20,0
1710,174,5
1711,21,1
1712,17,0
1713,35,2
1714,45,3
1715,24,1
1716,20,0
1717,21,1
1718,29,1
1719,128,5
1720,143,5
1721,98,5
1722,26,1
1723,38,2
1724,21,1
1725,37,2
1726,29,1
1727,36,2
1728,26,1
1729,21,1
1730,21,1
1731,19,0
1732,19,0
1733,22,1
1734,40,2
1735,68,4
1736,31,2
1737,15,0
1738,60,4
1739,269,5
1740,33,2
1741,42,3
1742,17,0
1743,26,1
1744,23,1
1745,94,5
1746,133,5
1747,30,1
1748,30,1
1749,22,1
1750,29,1
1751,36,2
1752,19,0
1753,32,2
1754,19,0
1755,22,1
1756,28,1
1757,30,1
1758,105,5
1759,20,0
1760,27,1
1761,20,0
1762,23,1
1763,26,1
1764,30,1
1765,18,0
1766,125,5
1767,20,0
1768,21,1
1769,21,1
1770,66,4
1772,20,0
1773,27,1
1774,51,4
1775,48,3
1776,39,2
1777,49,3
1778,49,3
1779,43,3
1780,50,3
1781,32,2
1782,30,1
1783,30,1
1784,27,1
1785,28,1
1786,25,1
1787,28,1
1788,21,1
1789,58,4
1790,55,4
1791,47,3
1792,54,4
1793,45,3
1794,46,3
1795,46,3
1796,42,3
1797,34,2
1798,39,2
1799,49,3
1800,40,2
1801,40,2
1802,27,1
1803,23,1
1804,32,2
1805,28,1
1806,34,2
1807,26,1
1808,38,2
1809,72,5
1810,20,0
1811,109,5
1812,30,1
1813,18,0
1814,18,0
1815,41,3
1816,21,1
1817,47,3
1818,22,1
1819,20,0
1820,18,0
1821,38,2
1822,43,3
1823,20,0
1824,27,1
1825,17,0
1826,37,2
1827,37,2
1828,23,1
1829,35,2
1830,31,2
1831,22,1
1832,26,1
1833,27,1
1834,26,1
1835,20,0
1836,24,1
1837,38,2
1838,28,1
1839,21,1
1840,27,1
1841,32,2
1842,47,3
1843,33,2
1844,20,0
1845,21,1
1846,26,1
1847,56,4
1848,24,1
1849,24,1
1850,21,1
1851,24,1
1852,20,0
1853,19,0
1854,18,0
1855,22,1
1856,25,1
1857,24,1
1858,19,0
1859,22,1
1860,25,1
1861,36,2
1862,35,2
1863,25,1
1864,19,0
1865,25,1
1866,51,4
1867,60,4
1868,22,1
1869,59,4
1870,17,0
1871,34,2
1872,33,2
1873,47,3
1874,19,0
1875,18,0
1876,58,4
1877,43,3
1878,34,2
1879,43,3
1880,26,1
1881,21,1
1882,41,3
1883,52,4
1884,50,3
1885,40,2
1886,23,1
1887,48,3
1888,47,3
1889,22,1
1890,20,0
1891,21,1
1892,24,1
1893,92,5
1894,136,5
1895,26,1
1896,32,2
1897,22,1
1898,19,0
1899,39,2
1900,20,0
1901,34,2
1902,17,0
1903,19,0
1904,15,0
1905,22,1
1906,33,2
1907,26,1
1908,21,1
1909,22,1
1910,34,2
1911,40,2
1912,29,1
1913,21,1
1914,33,2
1915,37,2
1916,37,2
1917,26,1
1918,18,0
1919,36,2
1920,32,2
1921,90,5
1922,40,2
1923,33,2
1924,51,4
1925,31,2
1926,63,4
1927,47,3
1928,41,3
1929,38,2
1930,48,3
1931,51,4
1932,48,3
1933,65,4
1934,66,4
1935,82,5
1936,20,0
1937,20,0
1938,23,1
1939,25,1
1940,23,1
1941,29,1
1942,21,1
1943,22,1
1944,57,4
1945,27,1
1946,21,1
1947,55,4
1948,147,5
1949,21,1
1950,48,3
1951,43,3
1952,32,2
1953,24,1
1954,20,0
1955,28,1
1956,41,3
1957,16,0
1958,22,1
1959,20,0
1960,24,1
1961,21,1
1962,27,1
1963,30,1
1964,34,2
1965,22,1
1966,20,0
1967,30,1
1968,35,2
1969,23,1
1970,27,1
1971,24,1
1972,24,1
1973,38,2
1974,29,1
1975,28,1
1976,30,1
1977,25,1
1978,36,2
1979,21,1
1980,45,3
1981,28,1
1982,22,1
1983,17,0
1984,22,1
1985,19,0
1986,24,1
1987,27,1
1988,25,1
1989,23,1
1990,26,1
1991,36,2
1992,23,1
1993,23,1
1994,31,2
1995,22,1
1996,18,0
1997,24,1
1998,80,5
1999,43,3
2000,20,0
2001,22,1
2002,33,2
2003,21,1
2004,24,1
2005,29,1
2006,27,1
2007,25,1
2008,29,1
2009,24,1
2010,33,2
2011,40,2
2012,31,2
2013,55,4
2014,21,1
2015,23,1
2016,22,1
2017,19,0
2018,36,2
2019,22,1
2020,19,0
2021,22,1
2022,83,5
2023,21,1
2024,27,1
2025,17,0
2026,38,2
2027,22,1
2028,29,1
2029,19,0
2030,24,1
2031,30,1
2032,25,1
2033,43,3
2034,21,1
2035,30,1
2036,21,1
2037,19,0
2038,27,1
2039,20,0
2040,23,1
2041,30,1
2042,26,1
2043,22,1
2044,21,1
2045,27,1
2046,34,2
2047,20,0
2049,18,0
2050,25,1
2051,27,1
2052,19,0
2053,30,1
2054,28,1
2055,30,1
2056,21,1
2057,22,1
2058,25,1
2059,21,1
2060,19,0
2061,26,1
2062,153,5
2063,21,1
2064,28,1
2065,19,0
2066,34,2
2067,90,5
2068,36,2
2069,57,4
2070,35,2
2071,55,4
2072,34,2
2073,20,0
2074,21,1
2075,36,2
2076,40,2
2077,24,1
2078,17,0
2079,35,2
2080,23,1
2081,24,1
2082,30,1
2083,30,1
2084,24,1
2085,79,5
2086,55,4
2087,36,2
2088,20,0
2089,29,1
2090,31,2
2091,24,1
2092,33,2
2093,22,1
2094,36,2
2095,49,3
2096,42,3
2097,22,1
2098,27,1
2099,18,0
2100,52,4
2101,44,3
2102,41,3
2103,37,2
2104,22,1
2105,25,1
2106,27,1
2107,33,2
2108,19,0
2109,28,1
2111,20,0
2112,21,1
2114,21,1
2115,21,1
2116,25,1
2117,33,2
2118,21,1
2119,323,5
2120,267,5
2121,257,5
2122,238,5
2123,27,1
2124,244,5
2125,234,5
2126,225,5
2127,207,5
2128,225,5
2129,199,5
2130,173,5
2131,177,5
2132,23,1
2133,37,2
2134,24,1
2135,23,1
2136,21,1
2137,22,1
2138,34,2
2139,19,0
2140,27,1
2141,24,1
2142,26,1
2143,133,5
2144,102,5
2145,99,5
2146,29,1
2147,99,5
2148,94,5
2149,90,5
2150,85,5
2151,89,5
2152,92,5
2153,92,5
2154,82,5
2155,51,4
2156,85,5
2157,23,1
2158,20,0
2159,13,0
2160,20,0
2161,37,2
2162,154,5
2163,155,5
2164,152,5
2165,127,5
2166,139,5
2167,72,5
2168,164,5
2169,176,5
2170,146,5
2172,20,0
2173,33,2
2174,29,1
2175,53,4
2176,21,1
2177,33,2
2178,59,4
2179,23,1
2180,30,1
2181,23,1
2182,20,0
2183,26,1
2185,22,1
2186,23,1
2187,21,1
2188,29,1
2189,21,1
2190,45,3
2191,40,2
2192,27,1
2193,25,1
2194,26,1
2195,39,2
2196,23,1
2197,23,1
2198,18,0
2199,18,0
2200,27,1
2201,27,1
2202,26,1
2203,21,1
2204,22,1
2205,22,1
2206,26,1
2207,21,1
2208,23,1
2209,27,1
2210,20,0
2211,34,2
2212,31,2
2213,23,1
2214,24,1
2215,22,1
2216,21,1
2217,20,0
2218,19,0
2219,19,0
2220,19,0
2221,27,1
2222,19,0
2223,19,0
2224,45,3
2225,39,2
2226,24,1
2227,21,1
2228,24,1
2229,20,0
2230,31,2
2231,21,1
2232,26,1
2233,41,3
2234,20,0
2235,22,1
2236,24,1
2237,26,1
2238,25,1
2239,23,1
2241,41,3
2242,24,1
2243,33,2
2244,28,1
2245,24,1
2246,31,2
2247,24,1
2248,20,0
2249,23,1
2250,30,1
2251,20,0
2252,24,1
2253,19,0
2254,39,2
2255,21,1
2256,20,0
2257,21,1
2258,70,4
2259,29,1
2260,29,1
2261,20,0
2262,26,1
2263,27,1
2264,21,1
2265,24,1
2267,19,0
2268,19,0
2283,39,2
2284,31,2
2285,22,1
2286,22,1
2288,31,2
2289,22,1
2290,26,1
2291,20,0
2292,18,0
2293,23,1
2294,34,2
2295,22,1
2296,16,0
2297,29,1
2298,28,1
2299,27,1
2300,20,0
2301,36,2
2302,21,1
2303,18,0
2304,21,1
2305,40,2
2306,20,0
2307,93,5
2308,15,0
2309,19,0
2310,27,1
2311,21,1
2312,27,1
2313,20,0
2314,19,0
2315,19,0
2316,26,1
2317,20,0
2318,23,1
2319,31,2
2320,20,0
2321,31,2
2322,37,2
2323,20,0
2324,17,0
2325,30,1
2326,21,1
2327,22,1
2328,32,2
2329,27,1
2330,36,2
2331,36,2
2332,25,1
2333,18,0
2334,21,1
2335,33,2
2336,27,1
2337,25,1
2338,25,1
2339,21,1
2340,25,1
2341,26,1
2342,17,0
2343,20,0
2344,25,1
2345,17,0
2346,46,3
2347,32,2
2348,24,1
2349,49,3
2350,42,3
2351,22,1
2352,20,0
2353,25,1
2354,22,1
2355,20,0
2356,21,1
2357,24,1
2358,39,2
2359,16,0
2360,24,1
2361,28,1
2362,26,1
2363,22,1
2364,23,1
2365,18,0
2366,21,1
2367,21,1
2368,46,3
2369,22,1
2370,14,0
2372,23,1
2373,23,1
2374,44,3
2375,115,5
2376,20,0
2377,43,3
2378,23,1
2379,22,1
2380,22,1
2381,28,1
2382,21,1
2383,25,1
2384,26,1
2385,37,2
2386,22,1
2387,67,4
2388,40,2
2389,26,1
2390,29,1
2391,79,5
2392,22,1
2393,20,0
2394,37,2
2395,22,1
2396,28,1
2397,33,2
2398,35,2
2399,18,0
2400,147,5
2401,132,5
2402,151,5
2403,52,4
2404,97,5
2405,109,5
2406,98,5
2407,85,5
2408,104,5
2409,101,5
2410,104,5
2411,101,5
2412,96,5
2413,117,5
2414,37,2
2415,115,5
2416,114,5
2417,113,5
2418,94,5
2419,126,5
2420,99,5
2421,36,2
2422,18,0
2423,24,1
2424,36,2
2425,38,2
2426,30,1
2427,26,1
2428,29,1
2429,37,2
2430,23,1
2431,23,1
2432,57,4
2433,19,0
2434,69,4
2435,19,0
2436,21,1
2437,43,3
2438,19,0
2439,20,0
2440,25,1
2441,24,1
2442,31,2
2443,20,0
2444,25,1
2445,32,2
2446,51,4
2447,21,1
2448,25,1
2449,22,1
2450,20,0
2451,30,1
2452,21,1
2453,21,1
2454,45,3
2455,23,1
2456,29,1
2457,22,1
2458,23,1
2459,33,2
2460,46,3
2463,24,1
2464,28,1
2465,20,0
2466,27,1
2467,22,1
2468,20,0
2469,36,2
2470,24,1
2471,31,2
2472,25,1
2473,67,4
2474,28,1
2475,25,1
2476,44,3
2477,33,2
2478,21,1
2479,30,1
2480,21,1
2481,21,1
2482,27,1
2483,113,5
2484,31,2
2485,119,5
2486,25,1
2487,34,2
2488,21,1
2489,20,0
2490,17,0
2491,35,2
2492,20,0
2493,22,1
2494,18,0
2495,45,3
2496,62,4
2497,23,1
2498,18,0
2499,28,1
2500,20,0
2501,24,1
2502,29,1
2503,24,1
2504,71,5
2505,26,1
2506,33,2
2507,46,3
2508,35,2
2509,134,5
2510,164,5
2511,106,5
2512,119,5
2513,43,3
2514,24,1
2515,55,4
2516,28,1
2517,45,3
2518,37,2
2519,24,1
2520,25,1
2521,21,1
2522,21,1
2523,30,1
2524,22,1
2525,56,4
2526,25,1
2527,20,0
2528,24,1
2529,25,1
2530,24,1
2531,55,4
2532,29,1
2533,20,0
2534,56,4
2535,57,4
2536,35,2
2537,29,1
2538,33,2
2539,123,5
2540,115,5
2541,114,5
2542,109,5
2543,114,5
2544,24,1
2545,24,1
2546,26,1
2547,31,2
2548,33,2
2549,20,0
2550,21,1
2551,18,0
2552,29,1
2553,36,2
2554,48,3
2555,26,1
2556,18,0
2557,20,0
2558,24,1
2559,39,2
2560,37,2
2561,71,5
2562,25,1
2563,26,1
2564,107,5
2565,20,0
2566,39,2
2567,22,1
2568,25,1
2569,84,5
2570,33,2
2571,34,2
2572,30,1
2573,21,1
2574,22,1
2575,28,1
2576,30,1
2577,40,2
2578,36,2
2579,58,4
2580,27,1
2581,30,1
2582,28,1
2583,36,2
2584,24,1
2585,37,2
2586,24,1
2587,68,4
2588,20,0
2589,27,1
2590,24,1
2591,20,0
2592,34,2
2593,24,1
2594,20,0
2595,20,0
2596,27,1
2597,20,0
2598,23,1
2599,45,3
2600,39,2
2601,25,1
2602,36,2
2603,27,1
2604,22,1
2605,28,1
2606,28,1
2607,23,1
2608,26,1
2609,19,0
2610,24,1
2611,36,2
2612,20,0
2613,21,1
2614,26,1
2615,20,0
2616,21,1
2617,20,0
2618,40,2
2619,22,1
2620,26,1
2621,32,2
2622,20,0
2623,20,0
2624,29,1
2625,19,0
2626,25,1
2627,21,1
2628,90,5
2629,19,0
2630,23,1
2631,23,1
2632,23,1
2633,18,0
2634,20,0
2635,31,2
2636,53,4
2637,28,1
2638,30,1
2639,26,1
2640,31,2
2641,23,1
2642,29,1
2643,43,3
2644,18,0
2645,34,2
2646,20,0
2647,22,1
2648,19,0
2649,20,0
2650,27,1
2651,26,1
2652,21,1
2653,20,0
2654,18,0
2655,28,1
2656,21,1
2657,164,5
2658,24,1
2659,22,1
2660,26,1
2661,25,1
2662,17,0
2663,44,3
2664,28,1
2665,24,1
2666,33,2
2667,24,1
2668,32,2
2669,41,3
2670,26,1
2671,29,1
2672,35,2
2673,29,1
2674,55,4
2675,20,0
2676,22,1
2677,21,1
2678,32,2
2679,29,1
2680,20,0
2681,20,0
2682,22,1
2683,24,1
2684,26,1
2685,30,1
2686,39,2
2687,28,1
2688,30,1
2689,30,1
2690,31,2
2691,22,1
2692,21,1
2693,31,2
2694,24,1
2695,30,1
2696,31,2
2697,28,1
2698,29,1
2699,22,1
2700,18,0
2701,35,2
2702,24,1
2703,20,0
2704,37,2
2705,49,3
2706,22,1
2707,25,1
2708,35,2
2709,25,1
2710,37,2
2711,38,2
2712,22,1
2713,47,3
2714,22,1
2715,61,4
2716,23,1
2717,67,4
2718,65,4
2719,63,4
2720,55,4
2721,53,4
2722,52,4
2723,35,2
2724,45,3
2725,35,2
2726,21,1
2727,30,1
2728,47,3
2729,54,4
2730,59,4
2731,56,4
2732,65,4
2733,48,3
2734,29,1
2735,28,1
2736,22,1
2737,79,5
2738,52,4
2739,15,0
2740,22,1
2741,29,1
2742,28,1
2743,23,1
2744,72,5
2745,75,5
2746,64,4
2747,68,4
2748,85,5
2749,40,2
2750,64,4
2751,64,4
2752,66,4
2753,57,4
2754,71,5
2755,57,4
2756,60,4
2758,62,4
2759,46,3
2760,59,4
2761,83,5
2762,65,4
2763,79,5
2764,61,4
2765,57,4
2766,69,4
2767,24,1
2768,84,5
2769,25,1
2770,59,4
2771,53,4
2772,56,4
2773,53,4
2774,60,4
2775,57,4
2776,50,3
2777,51,4
2778,51,4
2779,80,5
2780,32,2
2781,34,2
2782,23,1
2783,22,1
2784,27,1
2785,22,1
2786,19,0
2788,44,3
2789,20,0
2790,21,1
2791,19,0
2792,82,5
2793,36,2
2794,27,1
2795,28,1
2796,75,5
2797,92,5
2798,22,1
2799,20,0
2800,55,4
2801,59,4
2802,36,2
2803,58,4
2804,22,1
2805,19,0
2806,21,1
2807,20,0
2808,23,1
2809,20,0
2810,33,2
2811,29,1
2812,44,3
2813,41,3
2814,25,1
2815,26,1
2816,32,2
2817,24,1
2818,24,1
2819,54,4
2820,21,1
2821,25,1
2822,23,1
2823,40,2
2824,21,1
2825,36,2
2826,23,1
2827,34,2
2828,31,2
2829,100,5
2830,97,5
2831,78,5
2832,91,5
2833,22,1
2834,25,1
2835,20,0
2836,30,1
2837,32,2
2838,19,0
2839,33,2
2840,20,0
2841,25,1
2842,54,4
2843,32,2
2844,38,2
2845,19,0
2846,29,1
2847,22,1
2848,87,5
2849,103,5
2850,27,1
2851,21,1
2852,24,1
2853,20,0
2854,20,0
2855,31,2
2856,20,0
2857,19,0
2858,24,1
2859,51,4
2860,46,3
2861,19,0
2862,28,1
2863,26,1
2864,22,1
2865,24,1
2866,19,0
2867,43,3
2868,91,5
2869,52,4
2870,24,1
2871,23,1
2872,28,1
2873,26,1
2874,38,2
2875,27,1
2876,21,1
2877,20,0
2879,20,0
2880,24,1
2881,20,0
2882,30,1
2883,63,4
2884,21,1
2885,23,1
2886,48,3
2887,19,0
2888,18,0
2889,21,1
2890,24,1
2891,22,1
2892,24,1
2893,26,1
2894,22,1
2895,29,1
2896,88,5
2897,85,5
2898,24,1
2899,27,1
2901,22,1
2902,33,2
2903,20,0
2904,21,1
2905,32,2
2906,34,2
2907,50,3
2908,22,1
2909,34,2
2910,26,1
2911,27,1
2912,25,1
2913,24,1
2914,22,1
2915,29,1
2916,24,1
2917,26,1
2918,24,1
2919,20,0
2920,33,2
2921,60,4
2922,30,1
2923,46,3
2924,33,2
2925,20,0
2926,31,2
2927,42,3
2928,19,0
2929,23,1
2930,24,1
2931,45,3
2932,59,4
2933,40,2
2934,28,1
2935,33,2
2936,26,1
2937,24,1
2939,18,0
2940,21,1
2941,20,0
2942,17,0
2943,22,1
2944,20,0
2945,23,1
2946,19,0
2947,26,1
2948,78,5
2949,69,4
2950,23,1
2951,81,5
2952,26,1
2953,23,1
2954,133,5
2955,19,0
2956,26,1
2957,27,1
2958,44,3
2959,20,0
2960,28,1
2961,40,2
2962,22,1
2963,24,1
2964,20,0
2965,27,1
2966,27,1
2967,23,1
2968,19,0
2969,20,0
2970,23,1
2971,21,1
2972,27,1
2973,30,1
2974,25,1
2975,31,2
2976,23,1
2977,20,0
2978,24,1
2979,24,1
2980,20,0
2981,23,1
2982,35,2
2983,19,0
2984,35,2
2985,18,0
2986,98,5
2987,94,5
2988,29,1
2989,23,1
2990,21,1
2991,18,0
2992,31,2
2993,22,1
2994,26,1
2995,21,1
2996,29,1
2997,20,0
2998,41,3
2999,64,4
3000,21,1
3001,21,1
3002,22,1
3003,19,0
3004,22,1
3005,19,0
3006,34,2
3007,29,1
3008,21,1
3009,27,1
3010,19,0
3011,45,3
3012,24,1
3013,25,1
3014,21,1
3015,31,2
3016,29,1
3017,18,0
3018,26,1
3019,21,1
3020,25,1
3021,74,5
3022,25,1
3023,22,1
3024,27,1
3025,25,1
3026,23,1
3027,23,1
3028,22,1
3029,23,1
3030,62,4
3031,20,0
3032,21,1
3033,19,0
3034,27,1
3036,19,0
3037,85,5
3038,21,1
3039,32,2
3040,44,3
3041,21,1
3042,20,0
3043,20,0
3044,28,1
3045,24,1
3046,31,2
3047,23,1
3048,18,0
3049,73,5
3050,22,1
3051,21,1
3052,21,1
3053,22,1
3055,20,0
3056,19,0
3057,21,1
3058,20,0
3059,20,0
3060,22,1
3061,41,3
3062,23,1
3063,17,0
3064,26,1
3065,19,0
3066,22,1
3067,21,1
3068,37,2
3070,76,5
3071,57,4
3072,19,0
3073,57,4
3075,19,0
3076,71,5
3077,30,1
3078,72,5
3079,20,0
3080,18,0
3081,39,2
3082,20,0
3083,25,1
3084,43,3
3085,26,1
3086,20,0
3087,26,1
3088,23,1
3089,21,1
3090,17,0
3091,23,1
3092,21,1
3093,21,1
3094,34,2
3095,20,0
3096,25,1
3097,21,1
3098,59,4
3099,24,1
3100,23,1
3101,17,0
3102,49,3
3103,62,4
3104,23,1
3105,21,1
3106,51,4
3107,25,1
3108,24,1
3109,50,3
3110,92,5
3111,34,2
3112,22,1
3113,32,2
3114,20,0
3115,57,4
3116,22,1
3117,55,4
3118,24,1
3119,49,3
3120,30,1
3121,27,1
3122,33,2
3123,48,3
3124,22,1
3125,18,0
3126,26,1
3127,40,2
3129,20,0
3130,19,0
3131,28,1
3132,24,1
3133,32,2
3135,40,2
3137,20,0
3138,23,1
3139,36,2
3140,18,0
3141,20,0
3142,23,1
3143,23,1
3144,30,1
3145,35,2
3146,31,2
3148,22,1
3149,21,1
3150,84,5
3151,62,4
3152,22,1
3153,24,1
3154,23,1
3155,28,1
3156,24,1
3157,22,1
3158,36,2
3159,26,1
3160,61,4
3161,55,4
3162,35,2
3163,47,3
3164,22,1
3165,20,0
3166,36,2
3167,27,1
3168,25,1
3169,16,0
3170,25,1
3171,22,1
3172,20,0
3173,19,0
3174,21,1
3175,31,2
3176,24,1
3177,20,0
3178,14,0
3179,17,0
3180,20,0
3181,69,4
3182,18,0
3183,20,0
3184,20,0
3185,24,1
3186,29,1
3187,27,1
3188,21,1
3189,41,3
3190,26,1
3191,24,1
3192,52,4
3193,26,1
3194,38,2
3195,31,2
3196,56,4
3197,32,2
3198,22,1
3199,25,1
3200,25,1
3201,19,0
3202,21,1
3203,42,3
3204,134,5
3205,48,3
3206,20,0
3207,21,1
3209,76,5
3210,24,1
3211,66,4
3212,21,1
3213,23,1
3214,20,0
3215,76,5
3216,38,2
3217,28,1
3218,29,1
3219,25,1
3220,30,1
3221,28,1
3222,24,1
3223,31,2
3224,21,1
3225,21,1
3226,17,0
3227,17,0
3228,34,2
3230,20,0
3231,36,2
3232,53,4
3233,24,1
3234,22,1
3235,53,4
3236,32,2
3237,23,1
3238,59,4
3239,25,1
3240,15,0
3241,21,1
3242,40,2
3243,21,1
3244,31,2
3245,28,1
3246,37,2
3247,24,1
3248,57,4
3249,39,2
3250,23,1
3251,25,1
3252,37,2
3253,58,4
3254,36,2
3255,58,4
3256,16,0
3257,20,0
3258,23,1
3259,20,0
3260,21,1
3261,24,1
3262,50,3
3264,63,4
3265,27,1
3266,25,1
3267,23,1
3268,34,2
3269,30,1
3270,19,0
3271,61,4
3272,43,3
3273,35,2
3274,33,2
3275,25,1
3276,20,0
3277,20,0
3278,26,1
3279,29,1
3280,29,1
3281,24,1
3282,70,4
3283,34,2
3284,24,1
3285,39,2
3286,18,0
3287,25,1
3288,27,1
3289,22,1
3290,27,1
3291,24,1
3292,31,2
3293,56,4
3294,40,2
3295,32,2
3296,21,1
3297,19,0
3298,32,2
3299,23,1
3300,39,2
3301,24,1
3302,30,1
3303,24,1
3304,22,1
3305,27,1
3306,32,2
3307,29,1
3308,21,1
3309,31,2
3310,35,2
3311,20,0
3312,25,1
3313,33,2
3314,21,1
3315,49,3
3316,25,1
3317,21,1
3318,28,1
3319,25,1
3320,20,0
3321,37,2
3322,25,1
3323,21,1
3324,25,1
3325,23,1
3326,44,3
3327,46,3
3328,42,3
3329,28,1
3330,22,1
3331,19,0
3332,32,2
3333,41,3
3334,18,0
3335,22,1
3336,28,1
3337,19,0
3338,28,1
3339,34,2
3340,25,1
3341,22,1
3342,21,1
3343,21,1
3344,18,0
3345,35,2
3346,33,2
3347,97,5
3348,31,2
3349,24,1
3350,18,0
3351,25,1
3352,22,1
3353,24,1
3354,26,1
3355,24,1
3356,19,0
3357,38,2
3358,89,5
3359,23,1
3360,27,1
3361,34,2
3362,28,1
3363,25,1
3364,26,1
3365,33,2
3366,36,2
3367,186,5
3368,20,0
3369,25,1
3370,20,0
3371,23,1
3372,28,1
3373,22,1
3374,20,0
3375,38,2
3376,52,4
3377,26,1
3378,21,1
3379,29,1
3380,20,0
3381,22,1
3382,20,0
3384,23,1
3385,20,0
3386,28,1
3389,27,1
3390,23,1
3391,18,0
3392,63,4
3393,29,1
3395,35,2
3402,20,0
3403,36,2
3404,20,0
3405,36,2
3406,28,1
3407,22,1
3408,23,1
3409,22,1
3410,19,0
3411,24,1
3412,18,0
3413,24,1
3414,66,4
3423,19,0
3425,22,1
3428,35,2
3429,19,0
3430,25,1
3431,20,0
3432,24,1
3433,24,1
3434,22,1
3435,19,0
3453,60,4
3455,19,0
3456,54,4
3458,49,3
3462,37,2
3465,18,0
3466,29,1
3469,39,2
3472,20,0
3474,26,1
3490,18,0
3491,18,0
3492,28,1
3493,20,0
3494,37,2
3495,17,0
3496,25,1
3497,21,1
3498,20,0
3499,25,1
3500,30,1
3501,28,1
3503,38,2
3510,22,1
3511,21,1
3512,15,0
3513,19,0
3514,51,4
3515,24,1
3516,30,1
3517,27,1
3518,25,1
3519,20,0
3522,23,1
3523,20,0
3524,36,2
3526,36,2
3527,23,1
3528,36,2
3529,36,2
3530,35,2
3531,35,2
3532,37,2
3533,20,0
3534,44,3
3535,42,3
3536,37,2
3537,37,2
3538,34,2
3539,35,2
3540,37,2
3541,21,1
3542,37,2
3543,36,2
3544,35,2
3545,35,2
3546,35,2
3547,34,2
3548,34,2
3549,34,2
3550,33,2
3551,39,2
3552,34,2
3553,34,2
3554,20,0
3555,52,4
3556,53,4
3557,72,5
3583,19,0
3585,58,4
3586,49,3
3587,42,3
3588,27,1
3589,23,1
3590,31,2
3591,69,4
3592,23,1
3593,19,0
3594,23,1
3595,28,1
3596,24,1
3597,53,4
3598,21,1
3599,74,5
3600,21,1
3601,46,3
3602,21,1
3603,27,1
3604,61,4
3605,17,0
3606,27,1
3607,47,3
3609,22,1
3610,24,1
3611,22,1
3612,21,1
3613,21,1
3614,41,3
3615,27,1
3616,25,1
3617,37,2
3618,18,0
3621,34,2
3622,48,3
3623,22,1
3625,20,0
3626,19,0
3627,35,2
3628,20,0
3629,37,2
3630,19,0
3631,22,1
3632,23,1
3633,21,1
3634,21,1
3635,29,1
3636,20,0
3637,72,5
3638,34,2
3639,21,1
3640,104,5
3641,30,1
3642,56,4
3643,62,4
3644,35,2
3645,23,1
3646,42,3
3647,37,2
3648,26,1
3649,26,1
3650,24,1
3651,30,1
3652,61,4
3653,20,0
3654,23,1
3655,34,2
3656,20,0
3657,53,4
3658,25,1
3659,19,0
3660,21,1
3661,17,0
3662,20,0
3663,19,0
3664,161,5
3665,139,5
3666,134,5
3667,129,5
3668,118,5
3669,121,5
3670,127,5
3671,112,5
3672,97,5
3673,90,5
3674,89,5
3675,91,5
3676,86,5
3677,79,5
3678,80,5
3679,77,5
3680,89,5
3681,81,5
3682,79,5
3683,86,5
3684,85,5
3685,89,5
3686,33,2
3687,41,3
3688,45,3
3689,21,1
3690,26,1
3691,25,1
3692,44,3
3693,18,0
3694,31,2
3695,20,0
3696,25,1
3697,27,1
3698,35,2
3699,18,0
3700,22,1
3701,80,5
3702,20,0
3703,32,2
3704,37,2
3705,33,2
3706,23,1
3707,29,1
3708,30,1
3709,37,2
3710,38,2
3711,18,0
3712,26,1
3713,25,1
3714,22,1
3715,24,1
3717,22,1
3718,21,1
3720,24,1
3721,20,0
3722,21,1
3723,23,1
3741,31,2
3743,50,3
3754,21,1
3756,22,1
3757,44,3
3759,63,4
3761,22,1
3762,38,2
3763,32,2
3764,18,0
3765,20,0
3766,29,1
3767,32,2
3768,50,3
3773,19,0
3774,19,0
3775,19,0
3776,26,1
3777,48,3
3778,21,1
3779,37,2
3780,20,0
3781,41,3
3782,24,1
3783,21,1
3785,22,1
3786,32,2
3787,23,1
3788,25,1
3792,38,2
3793,28,1
3794,25,1
3795,25,1
3796,26,1
3797,24,1
3798,38,2
3799,23,1
3800,29,1
3801,33,2
3802,25,1
3803,20,0
3804,23,1
3805,20,0
3806,25,1
3807,21,1
3808,19,0
3809,21,1
3810,40,2
3811,23,1
3812,23,1
3813,20,0
3820,38,2
3821,18,0
3822,20,0
3823,87,5
3825,28,1
3828,54,4
3832,19,0
3833,27,1
3834,21,1
3835,20,0
3837,22,1
3839,43,3
3840,17,0
3841,32,2
3842,59,4
3843,33,2
3844,21,1
3845,35,2
3846,24,1
3847,30,1
3848,40,2
3849,25,1
3850,21,1
3851,19,0
3852,21,1
3853,34,2
3855,118,5
3856,22,1
3857,26,1
3858,48,3
3860,36,2
3862,28,1
3863,20,0
3864,76,5
3865,23,1
3866,25,1
3867,34,2
3868,43,3
3869,22,1
3870,21,1
3871,24,1
3873,41,3
3874,25,1
3875,21,1
3877,20,0
3878,21,1
3879,26,1
3880,18,0
3881,42,3
3882,27,1
3883,29,1
3884,31,2
3885,21,1
3886,22,1
3887,26,1
3888,21,1
3889,22,1
3890,24,1
3891,24,1
3892,21,1
3893,22,1
3894,23,1
3895,22,1
3896,22,1
3897,25,1
3898,29,1
3900,24,1
3901,76,5
3902,19,0
3903,102,5
3904,31,2
3905,28,1
3906,5,0
3907,4,0
3908,4,0
3909,25,1
3910,97,5
3911,69,4
3912,20,0
3913,27,1
3914,22,1
3915,37,2
3916,27,1
3917,22,1
3921,18,0
3922,27,1
3923,24,1
3925,22,1
3926,20,0
3927,16,0
3928,89,5
3929,22,1
3931,18,0
3934,34,2
3935,25,1
3936,27,1
3937,27,1
3938,27,1
3939,23,1
3941,30,1
3944,34,2
3946,20,0
3955,48,3
3956,24,1
3957,24,1
3958,22,1
3959,26,1
3960,29,1
3961,20,0
3963,24,1
3964,17,0
3966,28,1
3967,24,1
3968,48,3
3969,42,3
3970,25,1
3971,38,2
3972,51,4
3973,29,1
3974,39,2
3976,46,3
3977,71,5
3978,21,1
3979,46,3
3980,17,0
3981,21,1
3985,52,4
3986,27,1
3987,20,0
3988,18,0
3989,41,3
3990,22,1
3995,33,2
3996,22,1
3997,19,0
3998,23,1
3999,24,1
4000,22,1
4001,135,5
4002,39,2
4003,57,4
4004,22,1
4005,25,1
4006,28,1
4007,24,1
4008,42,3
4009,29,1
4010,18,0
4011,22,1
4012,22,1
4013,20,0
4014,48,3
4015,49,3
4017,41,3
4018,37,2
4019,28,1
4020,20,0
4021,47,3
4022,37,2
4023,21,1
4024,24,1
4025,30,1
4026,46,3
4027,44,3
4029,19,0
4030,26,1
4031,17,0
4032,23,1
4033,21,1
4034,17,0
4035,28,1
4036,19,0
4037,66,4
4038,22,1
4039,23,1
4040,15,0
4041,25,1
4042,16,0
4043,20,0
4044,25,1
4045,25,1
4046,20,0
4047,24,1
4049,23,1
4050,15,0
4051,67,4
4052,26,1
4053,87,5
4054,29,1
4055,37,2
4056,50,3
4057,19,0
4058,19,0
4059,21,1
4061,22,1
4066,54,4
4067,62,4
4068,70,4
4069,61,4
4070,105,5
4071,70,4
4072,35,2
4073,23,1
4074,50,3
4075,43,3
4076,27,1
4078,22,1
4079,23,1
4081,32,2
4082,19,0
4083,23,1
4084,105,5
4085,19,0
4089,25,1
4090,30,1
4091,48,3
4092,40,2
4093,20,0
4094,21,1
4095,19,0
4096,19,0
4097,19,0
4098,22,1
4099,25,1
4100,28,1
4101,76,5
4102,44,3
4103,71,5
4104,71,5
4105,83,5
4106,59,4
4108,114,5
4109,83,5
4110,56,4
4111,80,5
4112,89,5
4113,38,2
4117,50,3
4119,61,4
4121,69,4
4122,18,0
4123,67,4
4124,96,5
4125,78,5
4126,33,2
4127,36,2
4128,43,3
4129,46,3
4130,59,4
4131,74,5
4132,29,1
4133,20,0
4134,57,4
4135,74,5
4136,40,2
4137,56,4
4138,50,3
4139,43,3
4140,45,3
4141,45,3
4142,44,3
4143,48,3
4144,45,3
4145,36,2
4146,31,2
4147,38,2
4148,42,3
4149,33,2
4150,37,2
4151,35,2
4152,37,2
4153,34,2
4154,26,1
4155,29,1
4156,32,2
4157,37,2
4158,38,2
4159,36,2
4160,56,4
4161,48,3
4162,46,3
4163,35,2
4164,28,1
4165,30,1
4166,30,1
4167,35,2
4168,44,3
4169,40,2
4170,34,2
4171,40,2
4172,43,3
4173,48,3
4174,52,4
4175,47,3
4176,49,3
4177,65,4
4178,53,4
4180,54,4
4181,58,4
4182,59,4
4183,22,1
4184,26,1
4185,23,1
4186,28,1
4188,20,0
4189,19,0
4190,20,0
4191,33,2
4192,26,1
4194,24,1
4196,28,1
4197,21,1
4198,18,0
4199,21,1
4200,37,2
4201,22,1
4202,20,0
4203,28,1
4204,71,5
4205,35,2
4207,20,0
4208,21,1
4209,21,1
4210,28,1
4211,26,1
4212,19,0
4213,31,2
4214,29,1
4215,27,1
4216,20,0
4217,20,0
4218,17,0
4219,39,2
4220,23,1
4221,31,2
4222,24,1
4223,32,2
4224,23,1
4225,22,1
4226,18,0
4227,42,3
4228,19,0
4229,27,1
4230,36,2
4231,46,3
4232,62,4
4233,42,3
4234,60,4
4235,27,1
4236,27,1
4237,30,1
4238,20,0
4239,20,0
4240,45,3
4241,26,1
4242,26,1
4243,26,1
4244,23,1
4245,21,1
4246,18,0
4247,21,1
4248,21,1
4249,104,5
4250,24,1
4251,27,1
4252,58,4
4253,50,3
4254,53,4
4255,20,0
4256,44,3
4257,40,2
4258,37,2
4259,35,2
4260,39,2
4261,33,2
4262,21,1
4263,41,3
4264,38,2
4265,43,3
4266,38,2
4267,36,2
4268,38,2
4269,35,2
4270,29,1
4271,23,1
4272,33,2
4273,35,2
4274,31,2
4275,27,1
4276,48,3
4277,35,2
4279,22,1
4281,25,1
4282,77,5
4283,114,5
4284,81,5
4285,116,5
4286,36,2
4287,39,2
4289,30,1
4290,27,1
4291,50,3
4293,19,0
4294,21,1
4296,20,0
4297,20,0
4300,34,2
4301,21,1
4306,29,1
4307,50,3
4308,19,0
4309,93,5
4310,18,0
4311,46,3
4312,20,0
4313,17,0
4314,48,3
4315,38,2
4316,62,4
4319,62,4
4320,43,3
4321,46,3
4322,48,3
4323,42,3
4324,42,3
4325,62,4
4328,30,1
4329,50,3
4331,16,0
4334,83,5
4335,30,1
4336,81,5
4337,24,1
4338,25,1
4340,24,1
4341,45,3
4342,60,4
4343,45,3
4344,27,1
4345,36,2
4346,37,2
4347,36,2
4348,37,2
4349,37,2
4350,35,2
4351,31,2
4352,29,1
4353,32,2
4354,30,1
4355,31,2
4356,32,2
4357,29,1
4358,32,2
4359,30,1
4360,59,4
4361,27,1
4362,28,1
4363,32,2
4364,35,2
4365,30,1
4366,30,1
4367,27,1
4368,24,1
4369,30,1
4370,26,1
4371,27,1
4372,25,1
4373,23,1
4374,32,2
4375,26,1
4376,20,0
4377,26,1
4378,25,1
4379,26,1
4380,21,1
4381,23,1
4382,20,0
4383,22,1
4384,20,0
4385,22,1
4386,24,1
4387,24,1
4388,24,1
4389,22,1
4390,22,1
4391,112,5
4392,115,5
4393,109,5
4394,36,2
4395,26,1
4396,46,3
4397,20,0
4398,21,1
4399,35,2
4400,22,1
4401,34,2
4403,23,1
4404,20,0
4406,42,3
4407,21,1
4409,53,4
4410,19,0
4411,81,5
4412,69,4
4414,22,1
4415,28,1
4418,22,1
4419,32,2
4420,25,1
4421,26,1
4422,27,1
4423,50,3
4424,18,0
4426,20,0
4427,28,1
4429,27,1
4431,171,5
4432,21,1
4433,31,2
4434,21,1
4435,28,1
4436,20,0
4437,21,1
4438,25,1
4439,37,2
4440,19,0
4441,25,1
4442,101,5
4445,23,1
4446,34,2
4447,28,1
4448,49,3
4449,19,0
4450,28,1
4453,32,2
4454,59,4
4456,48,3
4458,27,1
4460,29,1
4461,38,2
4462,24,1
4463,57,4
4464,29,1
4465,62,4
4466,25,1
4467,24,1
4468,38,2
4470,39,2
4471,42,3
4472,46,3
4473,47,3
4474,41,3
4475,49,3
4476,44,3
4477,44,3
4478,42,3
4480,29,1
4481,28,1
4483,27,1
4484,23,1
4485,21,1
4486,22,1
4487,31,2
4490,92,5
4491,45,3
4492,28,1
4493,119,5
4494,110,5
4495,115,5
4496,108,5
4497,114,5
4499,20,0
4500,25,1
4501,23,1
4502,39,2
4503,28,1
4504,33,2
4506,45,3
4507,30,1
4508,35,2
4509,36,2
4510,22,1
4512,22,1
4513,24,1
4514,21,1
4515,26,1
4516,23,1
4517,24,1
4518,22,1
4519,21,1
4520,31,2
4521,21,1
4522,29,1
4523,27,1
4524,23,1
4525,22,1
4526,26,1
4527,26,1
4528,20,0
4529,21,1
4531,23,1
4532,21,1
4533,20,0
4534,28,1
4535,29,1
4536,28,1
4537,37,2
4538,39,2
4539,40,2
4540,41,3
4541,37,2
4542,44,3
4543,45,3
4544,46,3
4545,45,3
4546,50,3
4547,47,3
4548,41,3
4549,45,3
4550,50,3
4551,51,4
4552,54,4
4553,56,4
4554,61,4
4555,61,4
4556,61,4
4557,33,2
4558,30,1
4560,47,3
4562,35,2
4563,32,2
4564,22,1
4565,40,2
4566,35,2
4567,31,2
4568,68,4
4572,32,2
4573,32,2
4574,18,0
4575,16,0
4578,20,0
4579,21,1
4582,31,2
4583,32,2
4587,23,1
4588,26,1
4589,20,0
4590,43,3
4591,20,0
4592,21,1
4593,16,0
4594,21,1
4595,32,2
4596,25,1
4597,90,5
4600,104,5
4602,34,2
4603,23,1
4605,22,1
4607,113,5
4608,28,1
4609,35,2
4610,29,1
4611,29,1
4612,20,0
4614,28,1
4615,19,0
4617,29,1
4618,72,5
4619,36,2
4620,18,0
4622,17,0
4623,27,1
4625,17,0
4626,24,1
4627,21,1
4629,31,2
4630,20,0
4631,31,2
4632,22,1
4638,22,1
4639,33,2
4640,47,3
4641,58,4
4642,22,1
4643,17,0
4644,14,0
4646,24,1
4648,21,1
4651,35,2
4653,27,1
4654,29,1
4655,39,2
4656,18,0
4657,41,3
4658,25,1
4659,32,2
4660,21,1
4661,56,4
4662,36,2
4663,34,2
4664,102,5
4665,113,5
4666,106,5
4667,99,5
4668,101,5
4669,95,5
4670,98,5
4671,28,1
4672,31,2
4673,19,0
4674,31,2
4675,21,1
4676,27,1
4677,43,3
4678,24,1
4681,26,1
4682,22,1
4683,32,2
4684,20,0
4686,20,0
4687,28,1
4689,46,3
4690,43,3
4692,36,2
4694,20,0
4696,19,0
4697,20,0
4698,19,0
4699,25,1
4700,22,1
4701,22,1
4702,24,1
4703,36,2
4704,20,0
4705,44,3
4706,27,1
4707,32,2
4708,22,1
4709,22,1
4710,66,4
4711,19,0
4712,32,2
4715,47,3
4718,22,1
4719,25,1
4720,34,2
4721,41,3
4722,18,0
4723,118,5
4724,36,2
4725,22,1
4726,31,2
4727,22,1
4728,40,2
4729,35,2
4730,35,2
4731,21,1
4732,25,1
4733,32,2
4734,48,3
4735,34,2
4736,61,4
4740,32,2
4741,19,0
4742,19,0
4743,53,4
4744,20,0
4745,24,1
4746,45,3
4747,24,1
4751,29,1
4752,56,4
4754,20,0
4755,28,1
4756,19,0
4757,21,1
4758,36,2
4759,33,2
4760,63,4
4761,29,1
4762,24,1
4763,27,1
4765,34,2
4766,22,1
4767,20,0
4768,46,3
4769,24,1
4770,22,1
4771,21,1
4778,28,1
4779,20,0
4781,42,3
4782,35,2
4783,29,1
4784,23,1
4785,25,1
4786,29,1
4787,29,1
4789,34,2
4792,23,1
4793,77,5
4794,39,2
4800,26,1
4802,22,1
4804,39,2
4805,23,1
4807,20,0
4808,16,0
4809,24,1
4811,26,1
4812,25,1
4813,43,3
4815,24,1
4816,23,1
4817,21,1
4821,27,1
4822,24,1
4823,23,1
4825,55,4
4826,26,1
4827,16,0
4829,20,0
4830,65,4
4831,25,1
4832,19,0
4834,33,2
4835,27,1
4836,28,1
4837,55,4
4838,51,4
4839,22,1
4840,54,4
4842,27,1
4847,38,2
4848,21,1
4849,24,1
4850,25,1
4851,21,1
4852,15,0
4853,26,1
4854,22,1
4855,21,1
4856,24,1
4857,20,0
4858,32,2
4859,32,2
4860,20,0
4861,135,5
4862,134,5
4864,122,5
4865,120,5
4866,32,2
4867,33,2
4868,20,0
4869,20,0
4870,19,0
4871,33,2
4872,51,4
4873,26,1
4874,47,3
4875,23,1
4876,35,2
4877,38,2
4878,19,0
4879,27,1
4880,20,0
4881,25,1
4882,26,1
4883,26,1
4885,120,5
4886,19,0
4888,94,5
4889,60,4
4890,71,5
4891,20,0
4892,22,1
4893,22,1
4894,19,0
4895,26,1
4896,31,2
4897,21,1
4898,35,2
4899,70,4
4900,44,3
4901,20,0
4902,36,2
4903,59,4
4904,21,1
4905,27,1
4906,27,1
4907,18,0
4908,65,4
4909,24,1
4910,61,4
4911,125,5
4912,130,5
4913,132,5
4914,33,2
4915,20,0
4916,109,5
4917,30,1
4919,38,2
4920,33,2
4921,27,1
4922,20,0
4923,36,2
4924,23,1
4925,24,1
4926,32,2
4927,20,0
4928,26,1
4929,27,1
4930,26,1
4931,28,1
4932,43,3
4933,18,0
4934,20,0
4935,24,1
4936,27,1
4937,25,1
4938,100,5
4939,74,5
4940,21,1
4941,22,1
4942,46,3
4943,29,1
4944,45,3
4945,24,1
4946,66,4
4947,21,1
4948,19,0
4949,43,3
4950,26,1
4951,23,1
4952,32,2
4953,24,1
4954,13,0
4955,21,1
4956,18,0
4957,18,0
4958,43,3
4959,25,1
4960,21,1
4961,24,1
4962,33,2
4963,25,1
4964,18,0
4965,21,1
4966,22,1
4967,28,1
4968,24,1
4969,33,2
4970,91,5
4971,21,1
4972,24,1
4973,21,1
4974,21,1
4975,51,4
4976,19,0
4977,76,5
4978,36,2
4979,23,1
4980,54,4
4981,20,0
4982,48,3
4983,63,4
4984,26,1
4985,32,2
4986,22,1
4987,33,2
4989,130,5
4990,38,2
4991,38,2
4992,25,1
4993,22,1
4994,24,1
4995,36,2
4996,19,0
4997,20,0
4998,21,1
4999,22,1
5000,12,0
5001,71,5
5002,72,5
5003,12,0
5004,36,2
5005,38,2
5006,18,0
5007,29,1
5008,91,5
5009,18,0
5010,21,1
5011,25,1
5012,24,1
5013,31,2
5014,20,0
5015,26,1
5016,20,0
5017,26,1
5018,26,1
5019,34,2
5020,76,5
5021,27,1
5022,15,0
5023,26,1
5024,21,1
5025,20,0
5026,21,1
5027,18,0
5028,69,4
5029,109,5
5030,26,1
5031,19,0
5032,18,0
5033,22,1
5034,46,3
5035,26,1
5036,23,1
5038,72,5
5039,21,1
5040,139,5
5041,76,5
5042,21,1
5044,124,5
5045,19,0
5046,32,2
5047,21,1
5048,32,2
5049,20,0
5050,39,2
5051,28,1
5052,20,0
5053,40,2
5054,17,0
5057,24,1
5058,33,2
5059,41,3
5060,22,1
5061,29,1
5062,122,5
5063,121,5
5064,123,5
5065,118,5
5066,19,0
5067,25,1
5068,20,0
5069,41,3
5070,30,1
5071,119,5
5072,121,5
5073,122,5
5074,115,5
5075,24,1
5076,26,1
5077,24,1
5078,26,1
5079,23,1
5080,20,0
5082,19,0
5083,22,1
5084,31,2
5085,20,0
5087,46,3
5088,21,1
5089,28,1
5090,25,1
5091,33,2
5092,40,2
5094,43,3
5095,27,1
5096,19,0
5097,28,1
5098,24,1
5099,22,1
5100,41,3
5101,21,1
5102,23,1
5103,42,3
5104,24,1
5105,40,2
5106,28,1
5107,27,1
5108,20,0
5109,31,2
5110,25,1
5111,116,5
5112,20,0
5113,22,1
5114,22,1
5115,81,5
5116,17,0
5117,32,2
5118,121,5
5119,115,5
5120,119,5
5121,76,5
5122,19,0
5123,30,1
5124,27,1
5125,17,0
5126,23,1
5127,20,0
5128,118,5
5129,117,5
5130,117,5
5131,18,0
5132,34,2
5133,19,0
5134,21,1
5135,47,3
5136,44,3
5137,24,1
5138,30,1
5139,27,1
5140,35,2
5141,31,2
5142,37,2
5143,41,3
5144,21,1
5145,29,1
5146,42,3
5147,43,3
5148,39,2
5149,20,0
5150,26,1
5151,43,3
5152,43,3
5154,67,4
5155,22,1
5156,26,1
5157,21,1
5158,27,1
5159,23,1
5160,25,1
5161,21,1
5162,21,1
5163,20,0
5164,27,1
5165,20,0
5166,18,0
5167,35,2
5168,14,0
5169,58,4
5170,23,1
5171,21,1
5172,23,1
5173,19,0
5174,46,3
5175,26,1
5176,55,4
5177,42,3
5178,21,1
5179,36,2
5180,25,1
5181,25,1
5182,36,2
5183,27,1
5184,24,1
5185,24,1
5186,56,4
5187,21,1
5188,20,0
5190,121,5
5191,142,5
5192,23,1
5193,122,5
5194,136,5
5195,135,5
5196,137,5
5198,20,0
5200,30,1
5201,86,5
5202,18,0
5203,23,1
5204,26,1
5205,20,0
5206,28,1
5207,37,2
5208,25,1
5210,21,1
5212,20,0
5213,24,1
5214,87,5
5215,60,4
5217,21,1
5218,21,1
5219,26,1
5220,23,1
5221,24,1
5222,25,1
5223,23,1
5224,24,1
5225,129,5
5226,132,5
5227,37,2
5229,18,0
5230,34,2
5231,32,2
5232,30,1
5233,41,3
5234,25,1
5235,30,1
5236,26,1
5237,20,0
5238,15,0
5239,20,0
5240,22,1
5241,21,1
5242,15,0
5243,18,0
5244,19,0
5245,49,3
5246,24,1
5247,22,1
5248,48,3
5249,39,2
5250,34,2
5251,138,5
5252,137,5
5253,36,2
5254,22,1
5255,34,2
5256,30,1
5257,19,0
5258,31,2
5259,37,2
5260,23,1
5261,36,2
5262,61,4
5263,195,5
5264,26,1
5265,18,0
5266,23,1
5267,60,4
5268,22,1
5269,27,1
5270,61,4
5271,21,1
5272,42,3
5273,36,2
5274,58,4
5275,28,1
5276,23,1
5277,22,1
5278,27,1
5279,142,5
5280,28,1
5281,20,0
5282,64,4
5283,65,4
5284,47,3
5285,13,0
5286,25,1
5287,18,0
5288,27,1
5289,43,3
5290,24,1
5291,25,1
5292,23,1
5293,22,1
5294,26,1
5295,38,2
5296,36,2
5297,24,1
5298,34,2
5299,40,2
5300,35,2
5301,21,1
5302,143,5
5303,34,2
5304,36,2
5305,25,1
5306,48,3
5307,19,0
5308,33,2
5309,19,0
5310,46,3
5311,21,1
5312,17,0
5313,31,2
5314,21,1
5315,25,1
5316,21,1
5317,62,4
5318,26,1
5319,39,2
5320,27,1
5321,31,2
5322,23,1
5323,19,0
5324,37,2
5325,27,1
5326,23,1
5327,60,4
5328,23,1
5329,22,1
5330,27,1
5331,30,1
5332,26,1
5333,19,0
5334,20,0
5335,27,1
5336,145,5
5337,55,4
5338,22,1
5339,47,3
5340,30,1
5341,74,5
5342,75,5
5343,21,1
5344,28,1
5345,107,5
5346,23,1
5347,23,1
5348,24,1
5349,81,5
5350,26,1
5351,30,1
5352,22,1
5353,20,0
5354,19,0
5355,32,2
5356,36,2
5357,23,1
5358,21,1
5359,26,1
5360,19,0
5361,26,1
5362,51,4
5363,23,1
5364,25,1
5365,31,2
5366,34,2
5367,17,0
5368,19,0
5369,39,2
5370,23,1
5371,20,0
5372,49,3
5373,50,3
5378,21,1
5379,23,1
5380,22,1
5381,25,1
5382,91,5
5383,20,0
5384,20,0
5385,23,1
5386,37,2
5387,24,1
5388,20,0
5389,26,1
5390,63,4
5391,21,1
5392,19,0
5393,30,1
5394,24,1
5395,24,1
5396,109,5
5397,129,5
5398,130,5
5399,126,5
5400,133,5
5401,131,5
5402,138,5
5403,134,5
5404,138,5
5405,141,5
5406,138,5
5407,131,5
5408,118,5
5409,22,1
5410,21,1
5411,27,1
5412,34,2
5413,23,1
5414,110,5
5415,27,1
5416,34,2
5417,38,2
5418,140,5
5419,133,5
5420,23,1
5421,19,0
5422,20,0
5424,27,1
5425,26,1
5426,29,1
5427,26,1
5428,26,1
5429,69,4
5430,143,5
5431,147,5
5432,17,0
5433,22,1
5434,22,1
5435,21,1
5436,22,1
5437,51,4
5438,35,2
5439,21,1
5440,22,1
5441,55,4
5442,50,3
5443,41,3
5444,20,0
5445,21,1
5446,49,3
5447,51,4
5448,32,2
5449,24,1
5450,33,2
5451,23,1
5452,24,1
5453,18,0
5454,50,3
5455,32,2
5456,33,2
5457,23,1
5458,62,4
5459,36,2
5460,19,0
5461,50,3
5462,21,1
5463,23,1
5464,45,3
5465,17,0
5466,22,1
5467,18,0
5468,35,2
5469,23,1
5470,38,2
5471,38,2
5472,27,1
5473,19,0
5474,78,5
5475,64,4
5476,21,1
5477,21,1
5478,22,1
5479,21,1
5480,23,1
5481,38,2
5482,48,3
5483,23,1
5484,28,1
5485,38,2
5486,24,1
5487,37,2
5488,31,2
5489,21,1
5490,19,0
5491,19,0
5492,25,1
5493,20,0
5494,49,3
5495,18,0
5496,29,1
5497,32,2
5498,28,1
5499,92,5
5500,20,0
5501,20,0
5502,28,1
5503,30,1
5504,24,1
5505,35,2
5506,23,1
5507,41,3
5508,15,0
5509,20,0
5510,23,1
5511,67,4
5512,35,2
5513,21,1
5514,26,1
5515,29,1
5516,34,2
5518,47,3
5519,18,0
5520,36,2
5521,29,1
5522,20,0
5523,16,0
5524,20,0
5525,36,2
5526,55,4
5527,21,1
5528,41,3
5529,27,1
5530,23,1
5531,20,0
5532,46,3
5533,18,0
5534,40,2
5535,20,0
5536,24,1
5537,62,4
5538,62,4
5539,34,2
5540,25,1
5541,44,3
5542,43,3
5543,27,1
5544,21,1
5545,19,0
5547,20,0
5548,19,0
5549,33,2
5550,28,1
5551,25,1
5552,31,2
5553,41,3
5554,43,3
5555,35,2
5556,21,1
5557,20,0
5558,23,1
5559,24,1
5560,22,1
5561,79,5
5562,51,4
5563,27,1
5564,62,4
5565,18,0
5566,22,1
5567,20,0
5568,21,1
5569,58,4
5570,24,1
5571,27,1
5572,37,2
5573,21,1
5574,31,2
5575,26,1
5576,21,1
5578,22,1
5579,27,1
5580,33,2
5581,22,1
5582,25,1
5583,26,1
5584,28,1
5585,89,5
5586,113,5
5587,20,0
5588,25,1
5589,18,0
5590,22,1
5591,32,2
5592,49,3
5593,22,1
5594,28,1
5595,21,1
5596,36,2
5597,23,1
5598,25,1
5599,80,5
5600,28,1
5601,22,1
5602,20,0
5603,21,1
5604,33,2
5605,39,2
5606,29,1
5607,18,0
5608,22,1
5609,49,3
5610,108,5
5611,50,3
5612,31,2
5614,19,0
5615,26,1
5616,21,1
5617,26,1
5619,25,1
5620,24,1
5621,27,1
5622,17,0
5624,31,2
5625,41,3
5626,34,2
5627,21,1
5628,20,0
5629,22,1
5630,19,0
5631,26,1
5632,39,2
5633,38,2
5634,43,3
5635,19,0
5636,27,1
5637,34,2
5638,25,1
5639,35,2
5640,49,3
5641,24,1
5642,20,0
5643,31,2
5644,130,5
5645,20,0
5646,32,2
5647,20,0
5648,21,1
5650,20,0
5651,22,1
5652,20,0
5653,335,5
5654,22,1
5655,18,0
5656,21,1
5657,20,0
5658,54,4
5659,26,1
5660,19,0
5661,42,3
5662,26,1
5663,46,3
5664,97,5
5665,38,2
5666,36,2
5667,19,0
5668,30,1
5669,20,0
5670,54,4
5672,34,2
5673,25,1
5674,72,5
5675,19,0
5676,25,1
5677,21,1
5678,42,3
5679,26,1
5680,19,0
5681,19,0
5682,20,0
5683,25,1
5684,29,1
5685,28,1
5686,18,0
5687,31,2
5688,52,4
5689,27,1
5690,20,0
5691,22,1
5692,46,3
5693,22,1
5694,20,0
5695,49,3
5696,19,0
5697,24,1
5698,20,0
5699,37,2
5700,19,0
5701,21,1
5702,23,1
5703,32,2
5704,21,1
5705,22,1
5706,115,5
5707,35,2
5708,34,2
5709,20,0
5711,21,1
5712,28,1
5713,18,0
5714,29,1
5715,31,2
5716,30,1
5717,20,0
5718,31,2
5719,31,2
5720,25,1
5721,23,1
5722,23,1
5723,45,3
5724,25,1
5725,26,1
5726,29,1
5727,22,1
5728,42,3
5730,26,1
5731,18,0
5732,54,4
5733,38,2
5734,38,2
5735,38,2
5736,20,0
5737,18,0
5738,26,1
5739,79,5
5740,20,0
5758,40,2
5760,35,2
5761,22,1
5762,23,1
5765,36,2
5766,23,1
5767,79,5
5768,22,1
5769,37,2
5770,25,1
5771,37,2
5772,17,0
5773,25,1
5774,18,0
5775,26,1
5776,48,3
5777,28,1
5778,64,4
5779,32,2
5780,19,0
5781,20,0
5782,87,5
5783,36,2
5784,21,1
5786,46,3
5787,19,0
5788,102,5
5789,20,0
5790,29,1
5791,31,2
5792,50,3
5793,32,2
5794,19,0
5795,34,2
5796,32,2
5797,37,2
5798,37,2
5799,21,1
5800,24,1
5801,36,2
5802,21,1
5803,121,5
5804,40,2
5805,83,5
5806,89,5
5807,21,1
5809,105,5
5810,117,5
5811,87,5
5812,18,0
5814,49,3
5815,98,5
5816,102,5
5817,71,5
5820,36,2
5821,21,1
5822,31,2
5824,33,2
5825,21,1
5826,20,0
5827,84,5
5828,40,2
5829,19,0
5830,21,1
5831,26,1
5832,20,0
5833,23,1
5834,20,0
5835,21,1
5836,28,1
5837,40,2
5838,19,0
5839,34,2
5840,104,5
5841,75,5
5842,103,5
5843,21,1
5844,31,2
5845,19,0
5846,45,3
5848,21,1
5849,20,0
5850,30,1
5851,46,3
5852,21,1
5853,23,1
5854,26,1
5855,39,2
5856,33,2
5857,41,3
5858,23,1
5859,33,2
5861,25,1
5862,21,1
5863,29,1
5864,29,1
5865,107,5
5866,19,0
5867,24,1
5868,107,5
5869,59,4
5870,18,0
5871,21,1
5872,41,3
5873,38,2
5874,37,2
5875,20,0
5876,19,0
5877,31,2
5878,38,2
5879,23,1
5880,25,1
5881,24,1
5882,38,2
5883,22,1
5884,23,1
5885,20,0
5886,24,1
5887,41,3
5888,18,0
5889,26,1
5890,33,2
5891,22,1
5892,25,1
5893,33,2
5894,27,1
5895,125,5
5898,22,1
5900,25,1
5901,22,1
5902,18,0
5903,26,1
5904,31,2
5905,44,3
5906,24,1
5907,45,3
5908,26,1
5909,59,4
5911,21,1
5912,28,1
5913,18,0
5915,35,2
5916,25,1
5917,23,1
5919,19,0
5920,25,1
5921,21,1
5922,27,1
5923,19,0
5924,66,4
5925,32,2
5926,23,1
5928,21,1
5929,39,2
5930,34,2
5931,29,1
5932,20,0
5933,12,0
5934,38,2
5935,21,1
5936,20,0
5937,35,2
5938,36,2
5939,34,2
5940,25,1
5941,25,1
5942,20,0
5943,32,2
5944,41,3
5945,18,0
5946,31,2
5947,25,1
5948,22,1
5949,20,0
5951,24,1
5952,21,1
5953,91,5
5954,41,3
5955,26,1
5956,30,1
5957,16,0
5958,35,2
5959,21,1
5961,25,1
5962,61,4
5963,26,1
5965,23,1
5966,29,1
5967,46,3
5968,24,1
5969,43,3
5970,20,0
5971,22,1
5972,31,2
5973,23,1
5974,23,1
5975,99,5
5977,27,1
5978,53,4
5979,27,1
5980,22,1
5981,28,1
5982,21,1
5983,58,4
5984,33,2
5985,32,2
5986,23,1
5987,29,1
5988,21,1
5989,52,4
5990,45,3
5991,29,1
5992,22,1
5993,12,0
5994,33,2
5995,20,0
5996,42,3
5997,20,0
5998,33,2
5999,25,1
6000,23,1
6001,48,3
6003,32,2
6004,29,1
6005,28,1
6006,31,2
6007,28,1
6008,48,3
6009,24,1
6010,34,2
6011,25,1
6012,22,1
6013,21,1
6014,27,1
6015,21,1
6016,21,1
6017,21,1
6018,32,2
6019,25,1
6020,23,1
6021,22,1
6022,72,5
6023,91,5
6024,76,5
6025,101,5
6026,28,1
6027,27,1
6028,31,2
6029,23,1
6030,28,1
6031,27,1
6032,19,0
6033,26,1
6034,32,2
6035,20,0
6036,28,1
6037,43,3
6038,18,0
6039,20,0
6040,20,0
6041,20,0
6042,34,2
6043,130,5
6044,22,1
6045,73,5
6046,101,5
6047,21,1
6048,26,1
6049,32,2
6050,22,1
6051,101,5
6052,36,2
6053,91,5
6054,110,5
6055,80,5
6056,20,0
6057,29,1
6058,20,0
6059,29,1
6060,30,1
6061,26,1
6062,46,3
6063,196,5
6064,19,0
6065,20,0
6066,40,2
6067,21,1
6068,39,2
6069,23,1
6070,27,1
6071,58,4
6072,26,1
6073,23,1
6074,22,1
6075,28,1
6076,19,0
6077,37,2
6078,111,5
6079,20,0
6080,37,2
6081,65,4
6082,20,0
6083,27,1
6084,26,1
6085,22,1
6086,28,1
6087,24,1
6088,31,2
6089,27,1
6090,24,1
6091,27,1
6092,22,1
6093,20,0
6094,29,1
6095,59,4
6096,23,1
6097,22,1
6098,26,1
6099,54,4
6100,20,0
6101,72,5
6102,98,5
6103,102,5
6104,27,1
6105,107,5
6106,24,1
6107,34,2
6108,28,1
6109,43,3
6110,22,1
6111,36,2
6112,38,2
6113,25,1
6114,28,1
6115,22,1
6116,59,4
6117,36,2
6118,25,1
6119,17,0
6120,23,1
6121,31,2
6122,35,2
6123,32,2
6124,18,0
6125,28,1
6126,20,0
6127,63,4
6128,19,0
6129,21,1
6130,32,2
6131,18,0
6132,27,1
6133,27,1
6134,25,1
6135,27,1
6136,20,0
6137,19,0
6138,42,3
6139,22,1
6140,26,1
6141,22,1
6142,22,1
6143,17,0
6144,32,2
6145,25,1
6146,18,0
6147,20,0
6148,83,5
6149,26,1
6151,37,2
6152,27,1
6153,25,1
6154,22,1
6155,26,1
6156,144,5
6157,38,2
6158,26,1
6159,23,1
6160,20,0
6161,19,0
6162,22,1
6163,36,2
6164,46,3
6165,19,0
6166,23,1
6167,26,1
6168,24,1
6169,25,1
6170,72,5
6171,46,3
6172,22,1
6173,29,1
6174,24,1
6175,22,1
6176,101,5
6177,18,0
6178,22,1
6179,22,1
6180,26,1
6181,26,1
6182,24,1
6183,20,0
6184,20,0
6185,25,1
6186,30,1
6187,22,1
6188,21,1
6189,38,2
6190,46,3
6191,20,0
6192,98,5
6193,60,4
6194,34,2
6195,48,3
6196,25,1
6197,21,1
6198,32,2
6203,36,2
6204,35,2
6205,71,5
6206,28,1
6207,39,2
6208,21,1
6209,33,2
6210,22,1
6211,19,0
6212,30,1
6213,31,2
6214,26,1
6215,32,2
6216,22,1
6217,25,1
6218,21,1
6219,28,1
6220,25,1
6221,32,2
6222,22,1
6223,22,1
6224,27,1
6225,20,0
6226,30,1
6227,31,2
6228,25,1
6229,63,4
6230,40,2
6231,28,1
6232,33,2
6233,26,1
6234,31,2
6235,36,2
6236,20,0
6237,24,1
6238,24,1
6239,30,1
6240,21,1
6242,21,1
6243,27,1
6244,35,2
6245,19,0
6246,20,0
6247,22,1
6248,27,1
6249,24,1
6250,28,1
6251,20,0
6252,28,1
6253,18,0
6254,45,3
6256,28,1
6257,23,1
6258,18,0
6259,27,1
6260,20,0
6261,51,4
6262,24,1
6263,95,5
6264,104,5
6265,91,5
6266,95,5
6267,111,5
6268,45,3
6269,110,5
6270,19,0
6271,30,1
6272,24,1
6273,95,5
6274,107,5
6275,20,0
6276,31,2
6277,36,2
6278,24,1
6279,26,1
6280,20,0
6281,31,2
6282,60,4
6284,30,1
6285,33,2
6286,62,4
6287,35,2
6288,37,2
6289,17,0
6290,44,3
6291,22,1
6292,23,1
6293,34,2
6294,20,0
6295,21,1
6296,21,1
6297,27,1
6298,25,1
6299,21,1
6300,21,1
6301,25,1
6302,27,1
6303,40,2
6304,30,1
6305,18,0
6306,22,1
6307,20,0
6308,15,0
6309,19,0
6310,62,4
6311,38,2
6313,26,1
6314,22,1
6315,24,1
6316,35,2
6317,47,3
6318,23,1
6319,26,1
6320,26,1
6321,72,5
6322,19,0
6323,19,0
6324,23,1
6325,29,1
6326,20,0
6327,20,0
6328,30,1
6329,20,0
6330,55,4
6331,20,0
6332,20,0
6333,20,0
6334,21,1
6335,27,1
6336,21,1
6337,50,3
6338,21,1
6339,59,4
6340,41,3
6341,68,4
6342,20,0
6345,22,1
6347,126,5
6348,49,3
6349,46,3
6350,24,1
6353,22,1
6354,25,1
6355,37,2
6356,20,0
6357,45,3
6358,26,1
6359,27,1
6360,26,1
6361,32,2
6362,38,2
6363,18,0
6364,21,1
6365,39,2
6366,35,2
6367,48,3
6368,30,1
6369,19,0
6370,27,1
6371,19,0
6372,34,2
6373,22,1
6374,17,0
6375,109,5
6376,27,1
6377,38,2
6378,15,0
6379,17,0
6380,22,1
6381,25,1
6382,54,4
6383,44,3
6384,27,1
6386,21,1
6387,31,2
6388,53,4
6389,29,1
6390,17,0
6391,22,1
6392,23,1
6393,20,0
6394,41,3
6395,20,0
6396,23,1
6397,20,0
6398,20,0
6399,55,4
6400,35,2
6401,38,2
6402,30,1
6403,22,1
6404,49,3
6405,29,1
6406,50,3
6407,89,5
6408,29,1
6409,26,1
6410,28,1
6411,27,1
6412,42,3
6413,20,0
6414,19,0
6415,22,1
6416,21,1
6417,16,0
6418,25,1
6419,27,1
6420,19,0
6421,20,0
6423,20,0
6424,23,1
6430,22,1
6431,108,5
6432,26,1
6433,20,0
6434,33,2
6435,23,1
6436,17,0
6437,28,1
6438,41,3
6439,28,1
6440,27,1
6441,23,1
6442,28,1
6443,28,1
6444,18,0
6445,26,1
6446,23,1
6447,33,2
6448,19,0
6449,43,3
6450,23,1
6451,19,0
6452,20,0
6453,20,0
6454,23,1
6455,24,1
6456,25,1
6457,44,3
6458,36,2
6459,41,3
6460,44,3
6461,22,1
6462,23,1
6463,20,0
6464,20,0
6465,42,3
6466,29,1
6467,30,1
6468,35,2
6469,30,1
6470,20,0
6471,60,4
6472,32,2
6473,32,2
6474,15,0
6475,26,1
6476,18,0
6477,21,1
6478,46,3
6479,24,1
6480,26,1
6481,27,1
6482,19,0
6483,21,1
6484,21,1
6485,27,1
6486,25,1
6487,21,1
6489,31,2
6490,54,4
6491,31,2
6492,30,1
6493,30,1
6494,52,4
6495,35,2
6496,37,2
6497,23,1
6498,29,1
6499,30,1
6500,38,2
6501,26,1
6502,33,2
6503,20,0
6504,45,3
6505,25,1
6506,21,1
6507,81,5
6508,26,1
6509,28,1
6511,20,0
6512,25,1
6513,33,2
6514,31,2
6515,42,3
6516,20,0
6517,64,4
6518,44,3
6519,16,0
6520,21,1
6521,28,1
6522,21,1
6523,24,1
6524,34,2
6525,34,2
6526,20,0
6527,31,2
6528,22,1
6529,20,0
6530,20,0
6531,21,1
6532,20,0
6533,35,2
6535,28,1
6536,23,1
6538,28,1
6539,21,1
6540,23,1
6541,18,0
6542,21,1
6543,21,1
6544,20,0
6545,18,0
6546,22,1
6547,25,1
6548,27,1
6549,20,0
6550,18,0
6551,23,1
6552,38,2
6553,38,2
6554,24,1
6555,34,2
6556,25,1
6557,25,1
6558,19,0
6559,19,0
6560,21,1
6561,21,1
6562,17,0
6563,24,1
6564,64,4
6565,62,4
6566,26,1
6567,31,2
6568,44,3
6569,20,0
6570,23,1
6571,24,1
6572,21,1
6573,20,0
6574,24,1
6575,28,1
6576,53,4
6577,53,4
6578,25,1
6579,76,5
6580,26,1
6581,29,1
6582,60,4
6583,33,2
6584,106,5
6585,22,1
6586,20,0
6587,31,2
6588,27,1
6589,28,1
6590,37,2
6591,51,4
6592,67,4
6593,23,1
6594,19,0
6595,33,2
6596,33,2
6597,34,2
6598,29,1
6599,21,1
6600,57,4
6601,32,2
6602,16,0
6603,25,1
6604,79,5
6605,34,2
6606,20,0
6607,31,2
6608,34,2
6609,27,1
6610,60,4
6611,46,3
6612,19,0
6613,22,1
6614,59,4
6615,24,1
6616,20,0
6617,42,3
6618,21,1
6619,40,2
6620,20,0
6621,28,1
6622,21,1
6623,37,2
6624,24,1
6625,25,1
6627,48,3
6628,29,1
6629,21,1
6630,57,4
6631,50,3
6632,17,0
6633,29,1
6634,24,1
6635,34,2
6636,21,1
6637,18,0
6638,21,1
6639,83,5
6640,48,3
6641,28,1
6642,21,1
6643,26,1
6644,16,0
6645,23,1
6646,36,2
6647,22,1
6648,35,2
6649,28,1
6650,18,0
6651,150,5
6652,23,1
6653,35,2
6654,24,1
6655,31,2
6656,19,0
6657,26,1
6658,27,1
6659,36,2
6660,19,0
6661,27,1
6662,20,0
6663,20,0
6664,40,2
6665,30,1
6666,27,1
6667,62,4
6668,31,2
6669,24,1
6671,21,1
6672,33,2
6673,29,1
6674,29,1
6675,25,1
6676,23,1
6677,28,1
6678,30,1
6679,20,0
6681,29,1
6682,30,1
6683,125,5
6684,17,0
6685,24,1
6686,25,1
6687,22,1
6688,28,1
6689,21,1
6690,26,1
6691,20,0
6692,25,1
6693,19,0
6694,33,2
6695,27,1
6696,28,1
6697,19,0
6698,40,2
6699,20,0
6700,38,2
6701,27,1
6702,49,3
6703,28,1
6704,52,4
6705,143,5
6706,30,1
6707,20,0
6708,31,2
6709,24,1
6710,21,1
6711,19,0
6712,23,1
6713,52,4
6714,23,1
6715,25,1
6716,24,1
6717,29,1
6718,25,1
6719,19,0
6720,51,4
6721,26,1
6722,21,1
6723,39,2
6724,22,1
6725,31,2
6726,25,1
6727,30,1
6728,55,4
6729,26,1
6730,27,1
6731,18,0
6732,22,1
6733,22,1
6734,32,2
6735,27,1
6736,37,2
6737,18,0
6738,70,4
6739,36,2
6740,50,3
6741,21,1
6742,20,0
6743,21,1
6744,24,1
6745,28,1
6746,22,1
6747,33,2
6748,24,1
6749,21,1
6750,25,1
6751,19,0
6752,22,1
6753,26,1
6754,96,5
6755,19,0
6756,21,1
6757,13,0
6758,72,5
6759,22,1
6760,53,4
6761,28,1
6762,29,1
6763,25,1
6764,22,1
6766,26,1
6767,21,1
6768,112,5
6769,106,5
6770,111,5
6771,22,1
6772,21,1
6773,27,1
6774,136,5
6775,18,0
6776,23,1
6777,93,5
6778,28,1
6779,23,1
6780,18,0
6782,52,4
6783,33,2
6784,21,1
6785,58,4
6786,29,1
6787,22,1
6788,23,1
6789,20,0
6790,110,5
6791,40,2
6792,20,0
6793,20,0
6794,102,5
6795,20,0
6796,18,0
6797,21,1
6798,53,4
6799,30,1
6800,30,1
6801,21,1
6802,22,1
6803,26,1
6804,30,1
6805,21,1
6806,31,2
6807,26,1
6808,56,4
6809,27,1
6810,20,0
6811,40,2
6812,97,5
6813,19,0
6814,23,1
6816,32,2
6817,28,1
6818,32,2
6819,27,1
6820,27,1
6821,20,0
6822,28,1
6823,28,1
6824,22,1
6825,18,0
6826,20,0
6827,21,1
6828,95,5
6829,29,1
6830,18,0
6831,23,1
6832,22,1
6833,33,2
6834,17,0
6835,23,1
6836,27,1
6837,24,1
6838,32,2
6839,27,1
6840,108,5
6841,108,5
6842,21,1
6843,108,5
6844,113,5
6845,23,1
6846,21,1
6847,33,2
6848,26,1
6849,25,1
6850,52,4
6851,29,1
6852,30,1
6853,31,2
6854,21,1
6855,33,2
6856,24,1
6857,28,1
6858,19,0
6859,39,2
6860,20,0
6861,50,3
6862,28,1
6863,27,1
6864,22,1
6865,25,1
6866,20,0
6867,51,4
6868,19,0
6869,22,1
6870,44,3
6871,19,0
6872,55,4
6873,35,2
6874,18,0
6875,54,4
6876,48,3
6877,20,0
6878,71,5
6879,22,1
6880,21,1
6881,23,1
6882,45,3
6883,20,0
6884,28,1
6885,19,0
6886,106,5
6887,32,2
6888,21,1
6889,23,1
6890,21,1
6891,75,5
6892,19,0
6893,19,0
6894,23,1
6895,28,1
6896,21,1
6897,57,4
6898,23,1
6899,20,0
6900,19,0
6901,42,3
6902,19,0
6903,21,1
6904,38,2
6905,32,2
6906,25,1
6907,25,1
6908,50,3
6909,42,3
6910,23,1
6911,18,0
6912,114,5
6913,20,0
6914,38,2
6915,21,1
6916,21,1
6917,40,2
6918,19,0
6919,21,1
6920,21,1
6921,23,1
6922,26,1
6923,33,2
6924,24,1
6926,25,1
6927,33,2
6928,21,1
6929,21,1
6930,21,1
6931,26,1
6932,21,1
6933,25,1
6934,23,1
6935,21,1
6936,43,3
6937,27,1
6938,27,1
6939,21,1
6940,40,2
6941,23,1
6942,22,1
6943,21,1
6944,22,1
6945,42,3
6946,25,1
6947,59,4
6948,89,5
6949,57,4
6950,85,5
6951,19,0
6952,27,1
6953,28,1
6954,24,1
6955,58,4
6956,28,1
6957,19,0
6959,62,4
6960,21,1
6961,30,1
6962,48,3
6963,18,0
6964,22,1
6965,23,1
6966,74,5
6967,31,2
6968,34,2
6969,22,1
6970,23,1
6971,132,5
6972,21,1
6973,35,2
6974,27,1
6975,24,1
6976,89,5
6977,19,0
6978,18,0
6979,69,4
6981,34,2
6982,20,0
6983,46,3
6984,29,1
6985,22,1
6986,31,2
6988,24,1
6990,47,3
6991,20,0
6992,22,1
6993,32,2
6994,31,2
6995,64,4
6996,55,4
6997,22,1
6998,50,3
6999,31,2
7000,20,0
7001,28,1
7002,18,0
7003,20,0
7004,20,0
7006,24,1
7007,23,1
7008,23,1
7009,21,1
7010,32,2
7011,20,0
7012,22,1
7013,19,0
7014,53,4
7015,178,5
7016,37,2
7017,23,1
7018,22,1
7019,31,2
7020,24,1
7021,26,1
7022,21,1
7023,32,2
7024,22,1
7025,18,0
7026,63,4
7027,20,0
7028,57,4
7029,30,1
7030,27,1
7031,19,0
7032,25,1
7033,30,1
7034,20,0
7035,23,1
7036,70,4
7037,22,1
7038,21,1
7039,41,3
7040,25,1
7041,38,2
7042,160,5
7043,32,2
7044,47,3
7045,64,4
7046,98,5
7047,57,4
7048,21,1
7050,106,5
7051,108,5
7052,19,0
7054,31,2
7055,28,1
7056,18,0
7057,26,1
7058,32,2
7059,22,1
7060,21,1
7061,21,1
7062,22,1
7064,66,4
7065,25,1
7066,26,1
7067,90,5
7068,85,5
7069,88,5
7070,105,5
7071,24,1
7072,23,1
7073,15,0
7074,31,2
7075,20,0
7076,31,2
7077,32,2
7078,29,1
7079,56,4
7080,26,1
7081,25,1
7082,22,1
7083,45,3
7084,58,4
7085,20,0
7086,23,1
7087,48,3
7088,36,2
7090,38,2
7091,30,1
7092,67,4
7093,78,5
7094,21,1
7095,26,1
7096,23,1
7097,21,1
7098,26,1
7099,23,1
7100,21,1
7101,25,1
7102,39,2
7103,94,5
7104,30,1
7105,55,4
7106,21,1
7107,20,0
7108,21,1
7109,43,3
7110,23,1
7111,25,1
7112,34,2
7113,92,5
7114,21,1
7115,43,3
7116,22,1
7117,18,0
7118,33,2
7119,27,1
7120,23,1
7121,20,0
7122,19,0
7123,52,4
7124,20,0
7125,22,1
7126,19,0
7127,57,4
7128,25,1
7129,23,1
7130,20,0
7131,88,5
7132,23,1
7133,24,1
7134,21,1
7135,44,3
7136,29,1
7137,27,1
7138,19,0
7139,24,1
7140,33,2
7141,28,1
7142,45,3
7143,19,0
7144,21,1
7145,34,2
7146,39,2
7147,25,1
7148,45,3
7149,84,5
7150,33,2
7151,22,1
7152,20,0
7153,20,0
7154,20,0
7155,30,1
7156,22,1
7157,16,0
7158,35,2
7159,20,0
7160,18,0
7161,63,4
7162,38,2
7163,38,2
7164,25,1
7165,51,4
7166,27,1
7168,28,1
7169,21,1
7170,24,1
7171,30,1
7172,30,1
7173,30,1
7174,43,3
7175,21,1
7176,18,0
7177,39,2
7178,19,0
7179,20,0
7180,22,1
7181,27,1
7182,20,0
7183,21,1
7184,48,3
7185,24,1
7186,23,1
7187,22,1
7188,21,1
7189,19,0
7190,59,4
7191,35,2
7192,22,1
7197,15,0
7198,26,1
7199,17,0
7200,26,1
7201,28,1
7202,47,3
7203,22,1
7204,27,1
7205,32,2
7206,18,0
7207,74,5
7208,18,0
7209,33,2
7210,27,1
7211,27,1
7212,28,1
7213,21,1
7214,25,1
7215,18,0
7216,27,1
7217,20,0
7218,100,5
7219,25,1
7220,32,2
7221,32,2
7222,26,1
7223,18,0
7224,25,1
7225,29,1
7226,21,1
7227,30,1
7228,21,1
7229,24,1
7230,23,1
7231,95,5
7232,22,1
7233,26,1
7234,42,3
7235,18,0
7236,27,1
7238,52,4
7239,30,1
7240,66,4
7241,20,0
7242,22,1
7243,19,0
7244,24,1
7245,30,1
7246,42,3
7247,18,0
7248,31,2
7249,29,1
7250,22,1
7251,21,1
7252,23,1
7253,27,1
7254,32,2
7255,32,2
7256,33,2
7257,33,2
7258,29,1
7259,31,2
7260,26,1
7261,31,2
7262,19,0
7263,19,0
7264,24,1
7265,22,1
7266,65,4
7267,27,1
7268,33,2
7269,33,2
7270,31,2
7271,82,5
7272,44,3
7273,23,1
7274,34,2
7275,35,2
7276,22,1
7277,21,1
7278,38,2
7279,22,1
7280,77,5
7281,31,2
7282,40,2
7283,24,1
7284,24,1
7285,29,1
7286,26,1
7287,27,1
7288,110,5
7289,27,1
7290,58,4
7291,24,1
7292,24,1
7293,33,2
7294,24,1
7295,62,4
7296,59,4
7297,24,1
7298,25,1
7299,40,2
7300,28,1
7301,32,2
7302,17,0
7303,18,0
7304,20,0
7305,25,1
7306,23,1
7307,20,0
7308,35,2
7309,19,0
7310,24,1
7311,21,1
7312,33,2
7313,41,3
7314,20,0
7315,27,1
7316,48,3
7317,26,1
7318,21,1
7319,24,1
7320,16,0
7321,79,5
7322,47,3
7323,35,2
7324,26,1
7325,21,1
7326,27,1
7327,39,2
7328,43,3
7329,22,1
7330,20,0
7331,21,1
7332,31,2
7333,22,1
7334,30,1
7335,19,0
7336,33,2
7337,39,2
7338,36,2
7339,32,2
7340,21,1
7341,36,2
7342,30,1
7343,22,1
7344,69,4
7345,65,4
7346,31,2
7347,21,1
7348,33,2
7349,23,1
7350,22,1
7351,27,1
7352,24,1
7353,35,2
7354,25,1
7355,24,1
7356,24,1
7357,21,1
7358,22,1
7359,52,4
7360,29,1
7361,23,1
7362,24,1
7363,54,4
7364,80,5
7365,50,3
7366,31,2
7367,19,0
7368,26,1
7369,34,2
7370,20,0
7371,35,2
7372,28,1
7373,48,3
7374,23,1
7375,25,1
7376,30,1
7377,31,2
7378,33,2
7379,18,0
7380,30,1
7381,31,2
7382,19,0
7383,29,1
7384,21,1
7385,39,2
7386,22,1
7387,70,4
7388,19,0
7389,19,0
7390,33,2
7391,20,0
7392,29,1
7393,21,1
7394,34,2
7395,82,5
7396,21,1
7397,38,2
7398,31,2
7399,58,4
7400,24,1
7402,22,1
7403,14,0
7404,26,1
7405,19,0
7406,26,1
7408,24,1
7409,39,2
7410,61,4
7411,41,3
7412,23,1
7413,18,0
7414,69,4
7415,23,1
7416,56,4
7417,24,1
7418,69,4
7419,19,0
7420,53,4
7421,23,1
7422,33,2
7423,20,0
7424,23,1
7425,44,3
7426,58,4
7427,40,2
7428,52,4
7429,23,1
7430,31,2
7431,20,0
7432,18,0
7433,27,1
7434,19,0
7435,46,3
7436,57,4
7437,64,4
7438,33,2
7439,34,2
7440,247,5
7441,23,1
7442,26,1
7443,24,1
7444,92,5
7445,33,2
7446,28,1
7447,29,1
7448,22,1
7449,22,1
7450,21,1
7451,27,1
7452,25,1
7453,29,1
7454,21,1
7455,161,5
7456,44,3
7457,25,1
7458,42,3
7459,26,1
7460,24,1
7461,31,2
7462,112,5
7463,25,1
7464,36,2
7465,35,2
7466,22,1
7467,22,1
7468,23,1
7469,38,2
7470,29,1
7471,44,3
7472,17,0
7473,23,1
7474,25,1
7475,21,1
7476,96,5
7477,29,1
7478,31,2
7479,17,0
7480,27,1
7481,20,0
7482,28,1
7483,32,2
7484,27,1
7485,24,1
7486,27,1
7487,38,2
7488,26,1
7489,24,1
7490,20,0
7491,20,0
7492,57,4
7493,43,3
7494,27,1
7495,20,0
7496,21,1
7497,26,1
7498,20,0
7499,20,0
7500,19,0
7501,21,1
7502,20,0
7503,20,0
7504,39,2
7505,55,4
7506,23,1
7507,33,2
7508,35,2
7509,25,1
7510,29,1
7511,20,0
7512,31,2
7514,27,1
7515,66,4
7516,25,1
7517,32,2
7518,22,1
7519,26,1
7520,20,0
7521,19,0
7522,58,4
7524,52,4
7525,63,4
7526,30,1
7527,21,1
7528,26,1
7529,43,3
7530,20,0
7531,22,1
7532,23,1
7533,19,0
7534,22,1
7535,19,0
7536,18,0
7537,21,1
7538,21,1
7539,26,1
7540,22,1
7541,19,0
7542,29,1
7543,50,3
7544,22,1
7545,23,1
7546,30,1
7547,19,0
7548,39,2
7549,18,0
7550,20,0
7551,19,0
7552,23,1
7553,33,2
7554,21,1
7555,25,1
7556,22,1
7557,20,0
7558,44,3
7559,38,2
7560,24,1
7561,40,2
7562,34,2
7564,24,1
7565,29,1
7566,27,1
7567,30,1
7568,40,2
7569,44,3
7570,29,1
7571,35,2
7572,23,1
7573,19,0
7574,21,1
7575,22,1
7576,94,5
7577,18,0
7578,22,1
7579,86,5
7580,19,0
7581,34,2
7582,21,1
7583,25,1
7584,52,4
7585,39,2
7586,37,2
7587,38,2
7588,22,1
7589,20,0
7590,22,1
7591,22,1
7592,22,1
7593,18,0
7594,20,0
7596,30,1
7597,68,4
7598,36,2
7599,30,1
7600,72,5
7601,24,1
7602,34,2
7603,80,5
7604,23,1
7605,22,1
7606,21,1
7607,21,1
7608,21,1
7609,22,1
7610,22,1
7611,22,1
7612,18,0
7613,28,1
7614,25,1
7615,19,0
7616,54,4
7617,56,4
7618,21,1
7619,51,4
7620,24,1
7621,53,4
7622,25,1
7623,40,2
7624,29,1
7625,23,1
7626,33,2
7627,20,0
7628,20,0
7629,39,2
7630,41,3
7631,25,1
7632,29,1
7633,22,1
7634,220,5
7635,42,3
7636,24,1
7637,94,5
7638,25,1
7639,17,0
7640,22,1
7641,42,3
7642,60,4
7643,19,0
7644,20,0
7645,20,0
7646,19,0
7647,22,1
7648,24,1
7649,25,1
7650,21,1
7651,22,1
7652,23,1
7653,62,4
7655,20,0
7656,22,1
7657,27,1
7658,38,2
7659,34,2
7660,22,1
7661,24,1
7662,23,1
7663,23,1
7664,26,1
7665,104,5
7666,21,1
7667,20,0
7668,34,2
7669,24,1
7670,24,1
7671,21,1
7672,20,0
7673,22,1
7674,37,2
7675,24,1
7677,29,1
7678,35,2
7679,25,1
7680,24,1
7681,28,1
7682,36,2
7683,20,0
7684,18,0
7685,40,2
7686,64,4
7687,51,4
7688,47,3
7689,37,2
7690,21,1
7691,22,1
7692,24,1
7693,32,2
7694,19,0
7695,40,2
7696,37,2
7697,22,1
7698,19,0
7699,23,1
7700,28,1
7701,26,1
7702,50,3
7703,20,0
7704,19,0
7705,26,1
7706,22,1
7707,31,2
7708,20,0
7709,25,1
7711,25,1
7712,20,0
7713,29,1
7714,32,2
7715,22,1
7716,26,1
7717,25,1
7718,51,4
7719,106,5
7720,27,1
7721,21,1
7722,27,1
7723,67,4
7724,29,1
7725,38,2
7726,44,3
7727,59,4
7728,29,1
7729,24,1
7730,22,1
7731,28,1
7732,22,1
7733,28,1
7734,27,1
7735,35,2
7736,37,2
7737,18,0
7740,26,1
7741,33,2
7742,34,2
7743,29,1
7744,101,5
7746,23,1
7747,27,1
7748,24,1
7749,37,2
7750,19,0
7751,111,5
7752,25,1
7753,23,1
7754,20,0
7755,43,3
7756,26,1
7757,19,0
7758,74,5
7759,19,0
7760,23,1
7761,21,1
7762,43,3
7763,86,5
7764,36,2
7765,32,2
7766,33,2
7767,25,1
7768,25,1
7769,20,0
7770,27,1
7771,118,5
7772,31,2
7773,19,0
7774,36,2
7775,23,1
7776,68,4
7777,22,1
7778,21,1
7779,21,1
7780,44,3
7781,36,2
7782,23,1
7783,34,2
7784,20,0
7785,23,1
7786,22,1
7787,11,0
7788,19,0
7789,30,1
7790,25,1
7791,31,2
7792,16,0
7793,24,1
7795,83,5
7796,20,0
7797,34,2
7798,21,1
7799,25,1
7800,31,2
7801,20,0
7802,20,0
7804,30,1
7806,34,2
7808,27,1
7809,23,1
7810,32,2
7811,24,1
7812,43,3
7813,25,1
7814,22,1
7815,28,1
7816,24,1
7817,40,2
7818,20,0
7819,29,1
7820,24,1
7821,20,0
7823,24,1
7824,39,2
7825,25,1
7826,38,2
7827,42,3
7828,23,1
7829,24,1
7830,20,0
7831,62,4
7832,21,1
7833,25,1
7834,24,1
7835,24,1
7836,21,1
7837,20,0
7838,25,1
7839,31,2
7840,24,1
7841,26,1
7842,24,1
7843,24,1
7844,24,1
7845,25,1
7846,26,1
7847,23,1
7848,28,1
7849,26,1
7850,19,0
7851,28,1
7852,28,1
7853,25,1
7854,20,0
7856,20,0
7857,21,1
7858,21,1
7859,19,0
7860,21,1
7861,24,1
7862,24,1
7863,36,2
7864,24,1
7865,49,3
7866,30,1
7867,36,2
7868,44,3
7869,26,1
7871,25,1
7872,19,0
7873,17,0
7874,134,5
7875,20,0
7876,23,1
7877,50,3
7878,20,0
7879,21,1
7880,20,0
7882,27,1
7883,29,1
7884,20,0
7885,21,1
7886,34,2
7887,47,3
7888,23,1
7889,27,1
7890,22,1
7891,23,1
7892,27,1
7893,27,1
7894,32,2
7895,22,1
7896,27,1
7897,21,1
7898,27,1
7899,43,3
7900,104,5
7901,27,1
7902,24,1
7903,24,1
7904,35,2
7905,61,4
7906,21,1
7907,66,4
7908,25,1
7909,21,1
7910,33,2
7911,19,0
7912,21,1
7913,21,1
7914,30,1
7915,22,1
7916,32,2
7917,20,0
7918,20,0
7919,21,1
7920,23,1
7921,20,0
7922,26,1
7923,31,2
7924,30,1
7925,32,2
7926,20,0
7927,28,1
7928,22,1
7929,22,1
7930,25,1
7931,43,3
7932,24,1
7933,36,2
7934,23,1
7935,22,1
7936,26,1
7937,17,0
7938,31,2
7939,20,0
7941,30,1
7942,22,1
7943,20,0
7944,21,1
7945,26,1
7946,23,1
7947,28,1
7948,45,3
7949,46,3
7950,28,1
7951,24,1
7952,23,1
7953,31,2
7954,40,2
7955,47,3
7956,21,1
7957,27,1
7958,22,1
7959,42,3
7960,19,0
7961,45,3
7962,26,1
7963,38,2
7964,19,0
7965,23,1
7966,20,0
7967,24,1
7968,23,1
7969,24,1
7970,27,1
7971,25,1
7972,23,1
7973,30,1
7974,47,3
7975,34,2
7976,27,1
7977,22,1
7978,25,1
7979,24,1
7980,18,0
7981,56,4
7982,20,0
7983,23,1
7984,26,1
7985,57,4
7986,30,1
7987,31,2
7988,20,0
7989,25,1
7990,21,1
7991,27,1
7992,26,1
7993,37,2
7994,20,0
7995,21,1
7996,21,1
7997,21,1
7998,35,2
7999,21,1
8000,34,2
8001,22,1
8002,60,4
8003,19,0
8004,34,2
8005,20,0
8006,23,1
8007,38,2
8008,34,2
8009,21,1
8010,44,3
8011,38,2
8012,33,2
8013,19,0
8014,19,0
8015,25,1
8016,23,1
8017,23,1
8018,19,0
8019,21,1
8020,43,3
8021,34,2
8022,21,1
8023,26,1
8024,33,2
8025,25,1
8026,123,5
8027,31,2
8028,26,1
8029,20,0
8030,34,2
8031,43,3
8032,20,0
8033,28,1
8034,23,1
8035,24,1
8036,31,2
8037,49,3
8038,30,1
8040,30,1
8041,21,1
8042,23,1
8043,28,1
8044,21,1
8045,52,4
8046,24,1
8047,80,5
8048,23,1
8049,39,2
8050,22,1
8051,31,2
8052,28,1
8053,24,1
8054,20,0
8055,26,1
8056,20,0
8057,23,1
8058,34,2
8059,23,1
8060,16,0
8062,20,0
8063,31,2
8064,55,4
8065,54,4
8066,27,1
8067,48,3
8068,21,1
8069,25,1
8070,24,1
8071,67,4
8072,25,1
8073,22,1
8074,21,1
8075,20,0
8076,22,1
8077,19,0
8078,23,1
8079,21,1
8080,20,0
8081,19,0
8082,21,1
8083,36,2
8084,22,1
8085,29,1
8086,21,1
8087,19,0
8088,88,5
8089,21,1
8090,40,2
8091,26,1
8092,20,0
8093,21,1
8094,19,0
8095,19,0
8096,28,1
8097,28,1
8098,46,3
8099,21,1
8100,22,1
8101,21,1
8102,26,1
8103,22,1
8104,26,1
8105,24,1
8106,47,3
8107,25,1
8108,24,1
8109,21,1
8110,19,0
8111,41,3
8112,41,3
8113,38,2
8114,36,2
8115,29,1
8116,20,0
8117,24,1
8118,25,1
8119,20,0
8120,71,5
8121,26,1
8122,34,2
8123,33,2
8124,18,0
8125,32,2
8126,19,0
8127,18,0
8128,18,0
8129,28,1
8130,90,5
8131,21,1
8132,27,1
8133,25,1
8134,152,5
8135,21,1
8136,31,2
8137,33,2
8138,25,1
8139,27,1
8140,19,0
8141,34,2
8142,33,2
8143,40,2
8144,23,1
8145,32,2
8146,21,1
8147,31,2
8148,18,0
8150,33,2
8151,21,1
8152,20,0
8156,22,1
8157,20,0
8159,26,1
8160,16,0
8161,39,2
8162,21,1
8164,142,5
8166,20,0
8167,26,1
8168,54,4
8169,28,1
8170,89,5
8172,19,0
8173,26,1
8174,19,0
8175,40,2
8176,35,2
8177,21,1
8178,26,1
8179,21,1
8180,27,1
8181,130,5
8182,25,1
8183,59,4
8184,85,5
8185,36,2
8186,34,2
8192,21,1
8193,20,0
8195,19,0
8203,33,2
8207,30,1
8208,30,1
8209,19,0
8210,67,4
8211,19,0
8214,26,1
8215,21,1
8220,32,2
8232,36,2
8234,24,1
8235,28,1
8236,51,4
8237,33,2
8241,22,1
8243,19,0
8248,39,2
8251,19,0
8252,62,4
8253,90,5
8255,35,2
8256,23,1
8258,20,0
8259,22,1
8261,29,1
8263,28,1
8267,24,1
8268,33,2
8269,33,2
8272,18,0
8273,23,1
8276,30,1
8280,22,1
8283,21,1
8287,40,2
8288,19,0
8290,99,5
8293,24,1
8301,37,2
8302,21,1
8304,28,1
8312,19,0
8313,36,2
8314,29,1
8315,21,1
8319,21,1
8321,22,1
8326,144,5
8327,96,5
8328,105,5
8329,107,5
8330,97,5
8331,80,5
8332,149,5
8333,126,5
8334,195,5
8335,186,5
8336,182,5
8337,145,5
8338,99,5
8339,127,5
8340,130,5
8341,95,5
8342,92,5
8343,92,5
8344,95,5
8345,55,4
8347,20,0
8350,25,1
8351,58,4
8352,94,5
8353,111,5
8354,114,5
8355,122,5
8356,111,5
8357,100,5
8358,92,5
8359,43,3
8360,102,5
8361,119,5
8362,120,5
8363,115,5
8364,109,5
8367,19,0
8368,95,5
8369,94,5
8371,93,5
8372,95,5
8373,106,5
8374,91,5
8375,101,5
8376,94,5
8377,90,5
8383,29,1
8384,29,1
8385,29,1
8386,21,1
8387,30,1
8388,117,5
8389,138,5
8390,28,1
8395,20,0
8396,25,1
8397,16,0
8398,8,0
8400,23,1
8401,22,1
8402,93,5
8404,39,2
8405,22,1
8406,54,4
8411,77,5
8412,30,1
8413,22,1
8414,19,0
8422,19,0
8423,38,2
8424,15,0
8425,24,1
8426,24,1
8428,30,1
8429,22,1
8430,20,0
8431,20,0
8432,48,3
8433,34,2
8434,38,2
8435,36,2
8436,38,2
8437,49,3
8438,31,2
8439,46,3
8440,34,2
8441,47,3
8442,46,3
8443,24,1
8444,21,1
8445,26,1
8446,21,1
8447,23,1
8448,37,2
8449,18,0
8450,23,1
8451,21,1
8452,24,1
8453,19,0
8454,25,1
8455,25,1
8456,24,1
8457,21,1
8458,53,4
8459,20,0
8460,38,2
8461,20,0
8462,27,1
8463,43,3
8464,40,2
8465,19,0
8466,15,0
8467,21,1
8468,21,1
8469,27,1
8470,42,3
8471,20,0
8472,26,1
8473,21,1
8474,25,1
8475,23,1
8476,48,3
8477,24,1
8478,23,1
8479,25,1
8480,16,0
8481,23,1
8482,19,0
8483,22,1
8484,33,2
8485,30,1
8486,38,2
8487,23,1
8488,40,2
8489,24,1
8490,28,1
8491,48,3
8492,22,1
8493,23,1
8494,22,1
8495,31,2
8496,29,1
8500,17,0
8501,18,0
8502,28,1
8503,22,1
8504,25,1
8505,22,1
8508,26,1
8509,19,0
8510,59,4
8511,20,0
8513,39,2
8516,20,0
8517,19,0
8521,20,0
8523,25,1
8526,19,0
8527,26,1
8528,47,3
8529,20,0
8531,26,1
8533,41,3
8534,20,0
8535,27,1
8536,26,1
8537,24,1
8538,27,1
8539,57,4
8540,20,0
8541,23,1
8543,38,2
8544,57,4
8545,18,0
8546,20,0
8547,9,0
8548,21,1
8549,36,2
8551,23,1
8552,22,1
8553,47,3
8555,25,1
8559,62,4
8561,29,1
8562,32,2
8573,18,0
8576,61,4
8578,22,1
8579,22,1
8583,20,0
8584,26,1
8586,91,5
8587,22,1
8591,19,0
8592,20,0
8594,23,1
8595,32,2
8596,50,3
8600,21,1
8601,21,1
8602,19,0
8603,24,1
8605,19,0
8612,92,5
8613,87,5
8614,34,2
8615,21,1
8616,21,1
8619,33,2
8623,37,2
8626,21,1
8631,22,1
8637,19,0
8638,31,2
8642,29,1
8643,37,2
8644,28,1
8648,22,1
8649,22,1
8650,27,1
8651,26,1
8652,28,1
8654,15,0
8657,18,0
8664,23,1
8668,25,1
8679,35,2
8680,30,1
8682,22,1
8684,25,1
8687,29,1
8688,23,1
8689,23,1
8690,25,1
8691,21,1
8701,34,2
8703,29,1
8706,27,1
8710,18,0
8711,18,0
8717,56,4
8718,32,2
8720,27,1
8721,25,1
8722,36,2
8724,21,1
8725,31,2
8729,22,1
8730,18,0
8731,44,3
8732,23,1
8735,19,0
8736,20,0
8738,15,0
8740,19,0
8741,20,0
8744,50,3
8745,19,0
8749,25,1
8752,19,0
8753,37,2
8758,23,1
8759,20,0
8761,19,0
8762,23,1
8763,37,2
8765,26,1
8766,35,2
8767,57,4
8768,24,1
8769,24,1
8770,24,1
8771,23,1
8772,24,1
8773,24,1
8774,27,1
8775,28,1
8776,28,1
8777,28,1
8778,28,1
8779,20,0
8780,17,0
8781,28,1
8782,28,1
8783,29,1
8784,28,1
8786,22,1
8789,34,2
8792,21,1
8793,27,1
8795,15,0
8796,47,3
8797,21,1
8799,20,0
8800,16,0
8803,47,3
8804,20,0
8805,19,0
8808,18,0
8810,42,3
8815,34,2
8821,28,1
8826,25,1
8828,43,3
8829,29,1
8833,54,4
8848,30,1
8850,24,1
8851,17,0
8854,19,0
8855,21,1
8857,21,1
8858,32,2
8864,24,1
8874,26,1
8875,25,1
8876,21,1
8877,20,0
8878,25,1
8879,24,1
8880,22,1
8883,22,1
8884,22,1
8885,23,1
8886,21,1
8887,23,1
8888,21,1
8889,21,1
8893,20,0
8894,20,0
8895,20,0
8896,24,1
8897,22,1
8898,20,0
8899,19,0
8900,20,0
8902,26,1
8903,20,0
8904,26,1
8905,31,2
8906,17,0
8907,18,0
8908,25,1
8909,18,0
8910,15,0
8911,18,0
8913,18,0
8914,20,0
8915,20,0
8916,46,3
8917,16,0
8918,41,3
8919,20,0
8920,20,0
8921,21,1
8922,24,1
8923,35,2
8924,139,5
8925,118,5
8926,135,5
8927,122,5
8928,144,5
8929,161,5
8930,125,5
8931,159,5
8932,128,5
8933,125,5
8934,155,5
8935,155,5
8936,32,2
8937,156,5
8938,129,5
8939,160,5
8940,22,1
8941,24,1
8942,158,5
8943,158,5
8944,145,5
8945,19,0
8946,128,5
8947,23,1
8948,18,0
8949,156,5
8950,152,5
8951,45,3
8952,31,2
8953,27,1
8955,146,5
8956,122,5
8957,145,5
8958,20,0
8959,25,1
8960,27,1
8961,27,1
8965,35,2
8967,42,3
8968,29,1
8969,32,2
8970,48,3
8971,23,1
8972,41,3
8973,43,3
8974,29,1
8975,23,1
8976,27,1
8977,29,1
8978,33,2
8979,17,0
8980,18,0
8981,118,5
8982,126,5
8983,121,5
8984,141,5
8985,145,5
8986,126,5
8987,144,5
8988,151,5
8989,28,1
8990,28,1
8991,18,0
8992,19,0
8993,19,0
8994,21,1
8995,28,1
8996,30,1
8997,39,2
8998,20,0
8999,34,2
9000,30,1
9002,150,5
9003,149,5
9005,24,1
9006,20,0
9007,138,5
9008,131,5
9009,132,5
9010,128,5
9011,126,5
9012,141,5
9013,129,5
9014,140,5
9015,131,5
9016,137,5
9017,125,5
9018,126,5
9019,122,5
9020,121,5
9021,123,5
9022,20,0
9023,122,5
9024,19,0
9025,17,0
9033,28,1
9036,128,5
9037,121,5
9038,130,5
9040,135,5
9041,130,5
9042,141,5
9043,126,5
9044,138,5
9046,22,1
9047,25,1
9048,20,0
9051,138,5
9053,16,0
9056,126,5
9057,135,5
9058,45,3
9061,22,1
9062,18,0
9065,32,2
9068,21,1
9070,19,0
9073,126,5
9074,16,0
9075,32,2
9078,32,2
9079,26,1
9081,20,0
9082,20,0
9083,131,5
9084,119,5
9085,129,5
9086,132,5
9087,131,5
9088,138,5
9089,134,5
9090,24,1
9091,25,1
9092,60,4
9093,20,0
9100,35,2
9102,23,1
9103,25,1
9105,16,0
9106,54,4
9107,23,1
9108,20,0
9110,17,0
9111,23,1
9112,21,1
9113,28,1
9115,23,1
9116,19,0
9118,147,5
9120,56,4
9121,45,3
9122,53,4
9123,52,4
9124,147,5
9125,13,0
9126,147,5
9127,147,5
9128,140,5
9129,132,5
9130,152,5
9131,19,0
9132,27,1
9133,49,3
9134,56,4
9135,46,3
9136,149,5
9137,151,5
9138,147,5
9139,31,2
9140,20,0
9141,21,1
9142,21,1
9147,21,1
9148,53,4
9149,26,1
9152,109,5
9153,14,0
9154,44,3
9156,34,2
9157,18,0
9158,145,5
9159,23,1
9160,28,1
9161,60,4
9163,24,1
9164,19,0
9165,24,1
9167,24,1
9169,153,5
9170,27,1
9171,20,0
9172,21,1
9173,23,1
9174,31,2
9175,22,1
9176,22,1
9177,26,1
9178,19,0
9179,21,1
9181,23,1
9182,153,5
9183,156,5
9184,20,0
9185,28,1
9186,30,1
9188,20,0
9191,796,5
9192,35,2
9193,118,5
9195,18,0
9196,154,5
9197,151,5
9198,155,5
9199,153,5
9200,156,5
9201,43,3
9202,127,5
9204,17,0
9205,24,1
9208,17,0
9210,31,2
9213,23,1
9215,32,2
9221,29,1
9225,33,2
9230,21,1
9232,25,1
9234,46,3
9235,25,1
9236,19,0
9237,26,1
9242,19,0
9243,20,0
9244,129,5
9245,128,5
9246,123,5
9250,125,5
9251,23,1
9253,19,0
9254,17,0
9256,30,1
9258,116,5
9259,15,0
9264,14,0
9265,120,5
9268,117,5
9269,120,5
9270,119,5
9271,119,5
9272,129,5
9273,19,0
9274,27,1
9275,24,1
9276,20,0
9277,23,1
9278,22,1
9279,23,1
9280,130,5
9281,131,5
9282,129,5
9283,132,5
9284,26,1
9288,52,4
9289,60,4
9295,35,2
9297,84,5
9298,86,5
9299,85,5
9301,39,2
9302,57,4
9304,108,5
9305,82,5
9306,89,5
9307,84,5
9308,84,5
9309,85,5
9310,68,4
9311,87,5
9312,92,5
9313,20,0
9314,47,3
9315,70,4
9316,74,5
9317,69,4
9318,70,4
9319,39,2
9320,70,4
9321,70,4
9322,36,2
9323,57,4
9324,54,4
9325,57,4
9326,41,3
9327,22,1
9328,27,1
9329,24,1
9330,36,2
9331,30,1
9332,53,4
9333,31,2
9334,50,3
9335,29,1
9336,23,1
9337,29,1
9338,55,4
9339,53,4
9340,52,4
9341,31,2
9342,49,3
9343,49,3
9344,32,2
9345,45,3
9346,29,1
9347,36,2
9348,26,1
9349,23,1
9351,20,0
9352,35,2
9353,44,3
9354,48,3
9355,47,3
9357,23,1
9359,33,2
9360,44,3
9361,46,3
9362,24,1
9363,46,3
9364,47,3
9365,48,3
9366,47,3
9367,45,3
9368,48,3
9369,19,0
9370,19,0
9371,24,1
9372,39,2
9373,38,2
9374,39,2
9375,39,2
9376,39,2
9377,41,3
9378,38,2
9379,39,2
9380,36,2
9381,37,2
9382,41,3
9383,40,2
9384,33,2
9385,28,1
9386,40,2
9387,36,2
9388,37,2
9389,36,2
9390,37,2
9391,36,2
9392,36,2
9393,36,2
9394,31,2
9395,36,2
9396,36,2
9397,36,2
9398,36,2
9399,36,2
9400,34,2
9401,33,2
9402,46,3
9403,43,3
9404,29,1
9405,24,1
9406,33,2
9407,33,2
9408,22,1
9409,33,2
9410,34,2
9411,34,2
9412,34,2
9413,33,2
9414,37,2
9415,38,2
9416,39,2
9417,41,3
9418,38,2
9419,2,0
9420,2,0
9421,22,1
9422,2,0
9423,39,2
9424,1,0
