---------datetime: 2024-08-07 20:28:30.964051-----------
Budget list: [10, 20, 30, 40, 50, 60, 70, 80, 90, 100, 110, 120, 130, 140, 150]
learning rate: 0.01, epoch: 300, weight decay: 0.0005, hidden: 16
50runs using seed.txt
Test_micro_f1 0.6514 0.6660 0.6752 0.6751 0.6703 0.6769 0.6730 0.6778 0.6769 0.6760 0.6791 0.6812 0.6789 0.6798 0.6759
Test_micro_std 0.0631 0.0381 0.0257 0.0256 0.0230 0.0245 0.0289 0.0216 0.0207 0.0209 0.0222 0.0211 0.0191 0.0190 0.0176
Test_macro_f1 0.4193 0.4496 0.4670 0.4633 0.4483 0.4611 0.4537 0.4556 0.4502 0.4481 0.4619 0.4591 0.4581 0.4549 0.4380
Test_macro_std 0.0590 0.0755 0.0809 0.0752 0.0669 0.0770 0.0723 0.0726 0.0706 0.0682 0.0762 0.0726 0.0761 0.0688 0.0631
Average AL_Time: 0.001517860796302557s
---------datetime: 2024-08-08 00:26:36.473666-----------
Budget list: [10, 20, 30, 40, 50, 60, 70, 80, 90, 100, 110, 120, 130, 140, 150]
learning rate: 0.01, epoch: 300, weight decay: 0.0005, hidden: 16
50runs using seed.txt
Test_micro_f1 0.7440 0.7280 0.7372 0.6535 0.3250 0.4087 0.5333 0.2684 0.2327 0.1423 0.3895 0.4959 0.2327 0.2890 0.3630
Test_micro_std 0.4297 0.4215 0.4258 0.3154 0.4054 0.3489 0.4615 0.3975 0.3729 0.2428 0.3082 0.4959 0.2957 0.4048 0.4085
Test_macro_f1 0.2527 0.2519 0.2548 0.3340 0.1717 0.2853 0.2547 0.1718 0.1386 0.3271 0.3761 0.1700 0.5344 0.2927 0.1881
Test_macro_std 0.1459 0.1454 0.1471 0.0054 0.1717 0.1705 0.1471 0.1718 0.1444 0.3861 0.2991 0.1700 0.3952 0.3410 0.1897
Test_acc_f1 0.3772 0.3742 0.3787 0.4040 0.2081 0.3096 0.3050 0.1715 0.1424 0.1137 0.2992 0.2532 0.1954 0.1987 0.2355
Test_acc_std 0.2178 0.2161 0.2186 0.1157 0.2176 0.1949 0.2142 0.2066 0.2003 0.1897 0.1827 0.2532 0.1893 0.2121 0.2369
Average AL_Time: 0.002087231259793043s
---------datetime: 2024-08-08 02:03:49.805100-----------
Budget list: [10, 20, 30, 40, 50, 60, 70, 80, 90, 100, 110, 120, 130, 140, 150]
learning rate: 0.01, epoch: 300, weight decay: 0.0005, hidden: 16
50runs using seed.txt
Test_micro_f1 0.6665 0.6649 0.6669 0.6866 0.6760 0.6583 0.6716 0.6804 0.6794 0.6844 0.6749 0.6762 0.6778 0.6783 0.6742
Test_micro_std 0.0295 0.0000 0.0034 0.0170 0.0193 0.0342 0.0148 0.0239 0.0251 0.0196 0.0173 0.0196 0.0223 0.0233 0.0160
Test_macro_f1 0.4632 0.3994 0.4070 0.4784 0.4339 0.4803 0.4598 0.4897 0.4515 0.4873 0.4344 0.4509 0.4430 0.4475 0.4364
Test_macro_std 0.0843 0.0000 0.0131 0.0643 0.0597 0.0889 0.0867 0.0931 0.0902 0.0901 0.0605 0.0893 0.0755 0.0832 0.0641
Test_acc_f1 0.6665 0.6649 0.6669 0.6866 0.6760 0.6583 0.6716 0.6804 0.6794 0.6844 0.6749 0.6762 0.6778 0.6783 0.6742
Test_acc_std 0.0295 0.0000 0.0034 0.0170 0.0193 0.0342 0.0148 0.0239 0.0251 0.0196 0.0173 0.0196 0.0223 0.0233 0.0160
Test_f1_f1 0.1346 0.0000 0.0143 0.1494 0.0638 0.1811 0.1237 0.1797 0.0988 0.1711 0.0657 0.1006 0.0818 0.0910 0.0707
Test_f1_std 0.1639 0.0000 0.0249 0.1230 0.1104 0.1876 0.1745 0.1820 0.1712 0.1771 0.1138 0.1743 0.1416 0.1575 0.1225
Test_recall_f1 0.0946 0.0000 0.0075 0.0899 0.0371 0.1463 0.0925 0.1282 0.0676 0.1186 0.0393 0.0728 0.0514 0.0600 0.0439
Test_recall_std 0.1186 0.0000 0.0129 0.0777 0.0643 0.1502 0.1379 0.1396 0.1171 0.1283 0.0680 0.1262 0.0891 0.1040 0.0760
Test_precision_f1 0.2500 0.0000 0.2500 0.7500 0.2500 0.2500 0.2500 0.5000 0.2500 0.5000 0.2500 0.2500 0.2500 0.2500 0.2500
Test_precision_std 0.4330 0.0000 0.4330 0.4330 0.4330 0.4330 0.4330 0.5000 0.4330 0.5000 0.4330 0.4330 0.4330 0.4330 0.4330
Average AL_Time: 0.0016357866115868092s
