---------datetime: 2024-08-08 02:32:21.309629-----------
Budget list: [10, 20, 30, 40, 50, 60, 70, 80, 90, 100, 110, 120, 130, 140, 150]
learning rate: 0.01, epoch: 300, weight decay: 0.0005, hidden: 16
50runs using seed.txt
Test_micro_f1 0.6872 0.6352 0.7033 0.7137 0.7117 0.7107 0.7122 0.6855 0.7175 0.7126 0.7157 0.7112 0.7156 0.7132 0.7143
Test_micro_std 0.0223 0.0646 0.0032 0.0002 0.0058 0.0040 0.0019 0.0299 0.0006 0.0031 0.0003 0.0053 0.0010 0.0006 0.0029
Test_macro_f1 0.4738 0.5265 0.6108 0.6045 0.5762 0.6039 0.5906 0.5948 0.5917 0.5705 0.5880 0.5656 0.6082 0.5896 0.5810
Test_macro_std 0.0744 0.0175 0.0007 0.0108 0.0355 0.0092 0.0126 0.0054 0.0048 0.0333 0.0161 0.0389 0.0032 0.0284 0.0095
Test_acc_f1 0.6872 0.6352 0.7033 0.7137 0.7117 0.7107 0.7122 0.6855 0.7175 0.7126 0.7157 0.7112 0.7156 0.7132 0.7143
Test_acc_std 0.0223 0.0646 0.0032 0.0002 0.0058 0.0040 0.0019 0.0299 0.0006 0.0031 0.0003 0.0053 0.0010 0.0006 0.0029
Test_f1_f1 0.1391 0.3182 0.4211 0.3969 0.3371 0.3986 0.3677 0.4050 0.3649 0.3241 0.3589 0.3147 0.4031 0.3650 0.3448
Test_f1_std 0.1391 0.1153 0.0050 0.0239 0.0718 0.0242 0.0257 0.0194 0.0108 0.0692 0.0347 0.0793 0.0081 0.0628 0.0232
Test_recall_f1 0.0835 0.3022 0.3222 0.2822 0.2251 0.2877 0.2507 0.3226 0.2424 0.2116 0.2394 0.2051 0.2868 0.2529 0.2253
Test_recall_std 0.0835 0.1882 0.0101 0.0278 0.0667 0.0330 0.0260 0.0562 0.0119 0.0634 0.0356 0.0700 0.0106 0.0679 0.0253
Test_precision_f1 0.5000 0.5000 1.0000 1.0000 1.0000 1.0000 1.0000 0.5000 1.0000 1.0000 1.0000 1.0000 1.0000 1.0000 1.0000
Test_precision_std 0.5000 0.5000 0.0000 0.0000 0.0000 0.0000 0.0000 0.5000 0.0000 0.0000 0.0000 0.0000 0.0000 0.0000 0.0000
Average AL_Time: 0.5464462200179696s
