---------datetime: 2024-08-21 11:56:24.520883-----------
Budget list: [10, 20, 30, 40, 50, 60, 70, 80, 90, 100, 110, 120, 130, 140, 150, 160, 170, 180, 190, 200]
learning rate: 0.01, epoch: 300, reweighting: 0
incremental clustering 
New idea, hidden: 100, 50runs, args.feature: cat
Test_micro_f1 0.9488 0.9515 0.9536 0.9545 0.9403 0.9400 0.9540 0.9553 0.9569 0.9486 0.9573 0.9571 0.9476 0.9439 0.9561 0.9341 0.9587 0.9579 0.9411 0.9589
Test_micro_std 0.0050 0.0065 0.0015 0.0028 0.0329 0.0329 0.0052 0.0036 0.0042 0.0169 0.0026 0.0032 0.0165 0.0169 0.0035 0.0317 0.0031 0.0023 0.0332 0.0029
Test_macro_f1 0.8829 0.8892 0.8936 0.8939 0.7971 0.7966 0.8987 0.8997 0.9013 0.8565 0.9027 0.9028 0.8551 0.8481 0.9013 0.7671 0.9056 0.9048 0.7984 0.9064
Test_macro_std 0.0066 0.0119 0.0098 0.0062 0.1894 0.1893 0.0083 0.0040 0.0053 0.0823 0.0025 0.0031 0.0815 0.0839 0.0044 0.1794 0.0036 0.0019 0.1901 0.0034
Test_acc_f1 nan nan nan nan nan nan nan nan nan nan nan nan nan nan nan nan nan nan nan nan
Test_acc_std nan nan nan nan nan nan nan nan nan nan nan nan nan nan nan nan nan nan nan nan
Test_f1_f1 nan nan nan nan nan nan nan nan nan nan nan nan nan nan nan nan nan nan nan nan
Test_f1_std nan nan nan nan nan nan nan nan nan nan nan nan nan nan nan nan nan nan nan nan
Test_recall_f1 nan nan nan nan nan nan nan nan nan nan nan nan nan nan nan nan nan nan nan nan
Test_recall_std nan nan nan nan nan nan nan nan nan nan nan nan nan nan nan nan nan nan nan nan
Test_precision_f1 nan nan nan nan nan nan nan nan nan nan nan nan nan nan nan nan nan nan nan nan
Test_precision_std nan nan nan nan nan nan nan nan nan nan nan nan nan nan nan nan nan nan nan nan
Average AL_Time: 0.19512112997472286s
---------datetime: 2024-08-21 12:00:31.930069-----------
Budget list: [10, 20, 30, 40, 50, 60, 70, 80, 90, 100, 110, 120, 130, 140, 150, 160, 170, 180, 190, 200]
learning rate: 0.01, epoch: 300, reweighting: 0
incremental clustering 
New idea, hidden: 100, 50runs, args.feature: cat
Test_micro_f1 0.9413 0.9592 0.9543 0.9419 0.9495 0.9403 0.9597 0.9589 0.9223 0.9604 0.9575 0.9592 0.9583 0.9588 0.9605 0.9600 0.9593 0.9613 0.9612 0.9608
Test_micro_std 0.0143 0.0051 0.0050 0.0336 0.0115 0.0327 0.0025 0.0043 0.0387 0.0024 0.0016 0.0042 0.0022 0.0020 0.0032 0.0029 0.0031 0.0017 0.0016 0.0028
Test_macro_f1 0.8603 0.9072 0.9001 0.8005 0.8922 0.7956 0.9058 0.9077 0.6894 0.9076 0.9039 0.9072 0.9046 0.9032 0.9084 0.9082 0.9072 0.9111 0.9109 0.9101
Test_macro_std 0.0483 0.0081 0.0083 0.1913 0.0176 0.1885 0.0059 0.0085 0.2204 0.0054 0.0040 0.0090 0.0035 0.0033 0.0061 0.0059 0.0063 0.0032 0.0031 0.0048
Test_acc_f1 0.9413 0.9592 0.9543 0.9419 0.9495 0.9403 0.9597 0.9589 0.9223 0.9604 0.9575 0.9592 0.9583 0.9588 0.9605 0.9600 0.9593 0.9613 0.9612 0.9608
Test_acc_std 0.0143 0.0051 0.0050 0.0336 0.0115 0.0327 0.0025 0.0043 0.0387 0.0024 0.0016 0.0042 0.0022 0.0020 0.0032 0.0029 0.0031 0.0017 0.0016 0.0028
Test_f1_f1 0.7543 0.8377 0.8265 0.6329 0.8138 0.6241 0.8346 0.8388 0.4209 0.8377 0.8320 0.8378 0.8330 0.8300 0.8394 0.8393 0.8376 0.8444 0.8440 0.8427
Test_f1_std 0.0912 0.0132 0.0137 0.3654 0.0281 0.3603 0.0105 0.0147 0.4210 0.0096 0.0071 0.0156 0.0060 0.0056 0.0103 0.0102 0.0107 0.0056 0.0054 0.0080
Test_recall_f1 0.8305 0.9013 0.9324 0.6743 0.9381 0.6535 0.8735 0.9178 0.4473 0.8800 0.9068 0.9043 0.8941 0.8646 0.8868 0.8962 0.9008 0.9040 0.9040 0.9030
Test_recall_std 0.2141 0.0259 0.0159 0.3894 0.0352 0.3781 0.0286 0.0175 0.4473 0.0292 0.0177 0.0104 0.0321 0.0236 0.0162 0.0058 0.0071 0.0146 0.0148 0.0212
Test_precision_f1 1.0000 1.0000 1.0000 0.7500 1.0000 0.7500 1.0000 1.0000 0.5000 1.0000 1.0000 1.0000 1.0000 1.0000 1.0000 1.0000 1.0000 1.0000 1.0000 1.0000
Test_precision_std 0.0000 0.0000 0.0000 0.4330 0.0000 0.4330 0.0000 0.0000 0.5000 0.0000 0.0000 0.0000 0.0000 0.0000 0.0000 0.0000 0.0000 0.0000 0.0000 0.0000
Average AL_Time: 0.2908334149979055s
