4 0
27 0
48 0
50 0
120 0
165 0
177 0
181 0
206 0
212 0
239 0
325 0
349 0
444 0
449 0
459 0
460 0
535 0
540 0
549 0
562 0
578 0
589 0
601 0
615 0
617 0
627 0
642 0
646 0
666 0
687 0
694 0
699 0
700 0
751 0
830 0
864 0
869 0
879 0
891 0
912 0
984 0
1084 0
1089 0
1105 0
1121 0
1139 0
1147 0
1181 0
1228 0
1235 0
1245 0
1275 0
1300 0
1315 0
1322 0
1354 0
1357 0
1364 0
1365 0
1383 0
1409 0
1449 0
1474 0
1478 0
1485 0
1526 0
1544 0
1576 0
1623 0
1663 0
1719 1
1730 0
1731 0
1763 0
1783 0
1863 0
1864 0
1869 0
1924 0
1940 0
1942 0
1943 0
2002 0
2040 0
2081 0
2088 0
2097 0
2107 0
2157 0
2175 0
2188 0
2214 0
2224 0
2230 0
2250 0
2306 0
2316 0
2321 0
2336 0
2352 0
2358 0
2423 0
2467 0
2491 0
2524 0
2561 0
2571 0
2582 0
2601 0
2613 0
2614 0
2651 0
2677 0
2683 0
2734 0
2766 1
2768 0
2816 0
2836 0
2865 0
2893 0
2905 0
2920 0
3020 0
3023 0
3066 0
3080 0
3090 0
3097 0
3106 0
3129 0
3140 0
3184 0
3194 0
3198 0
3218 0
3244 0
3258 0
3285 0
3301 0
3308 0
3380 0
3401 0
3468 0
3473 0
3596 0
3609 0
3614 0
3647 0
3650 0
3709 0
3717 0
3722 0
3764 0
3804 0
3831 0
3845 0
3866 0
3887 0
3899 0
3908 0
3916 0
3978 0
4030 0
4088 0
4227 0
4230 0
4249 1
4288 0
4305 0
4314 0
4324 0
4339 0
4371 1
4394 0
4397 0
4464 0
4498 0
4563 0
4606 1
4610 0
4613 0
4619 0
4624 0
4669 1
4672 0
4674 0
4676 0
4735 0
4751 0
4760 0
4815 0
4820 0
4896 0
4935 0
4957 0
4994 0
4999 0
5009 0
5049 0
5056 0
5088 0
5097 0
5101 0
5104 0
5138 0
5143 0
5199 0
5234 0
5238 0
5255 0
5320 0
5326 0
5348 0
5368 0
5391 0
5433 0
5458 0
5464 0
5485 0
5486 0
5514 0
5518 0
5562 0
5596 0
5660 0
5669 0
5713 0
5729 0
5803 0
5844 0
5862 0
5884 0
5921 0
5957 0
5986 0
6072 0
6078 0
6105 0
6132 0
6137 0
6152 0
6153 0
6160 0
6162 0
6166 0
6182 0
6212 0
6228 0
6300 0
6312 0
6328 0
6338 0
6385 0
6404 0
6473 0
6482 0
6512 0
6527 0
6544 0
6555 0
6613 0
6648 0
6678 0
6700 0
6705 0
6734 0
6735 0
6739 0
6748 0
6749 0
6757 0
6825 0
6834 0
6846 0
6849 0
6878 0
6895 0
6904 0
6920 0
6932 0
6936 0
6942 0
6975 0
6977 0
6987 0
6998 0
7015 0
7031 0
7045 0
7097 0
7116 0
7164 0
7171 0
7173 0
7183 0
7266 0
7331 0
7364 0
7365 0
7373 0
7462 0
7476 0
7505 0
7558 0
7568 0
7573 0
7575 0
7614 0
7635 0
7649 0
7655 0
7658 0
7660 0
7671 0
7734 0
7742 0
7761 0
7769 0
7774 0
7782 0
7820 0
7829 0
7876 0
7877 0
7881 0
7913 0
7915 0
7917 0
7921 0
7925 0
7968 0
7980 0
7999 0
8028 0
8054 0
8065 0
8069 0
8075 0
8077 0
8082 0
8087 0
8106 0
8118 0
8262 0
8326 1
8352 1
8356 1
8461 0
8483 0
8544 0
8788 0
8791 0
8804 0
8882 0
8888 0
8912 0
8939 0
8976 1
8978 0
8999 1
9069 0
9124 0
9185 0
9191 0
9236 0
9387 1
9419 0
1031 0
1540 1
1546 1
1549 1
1579 1
1698 1
1794 1
1795 0
1892 1
2128 1
2542 1
2764 1
3314 1
3539 1
4067 1
4068 1
4109 1
4137 1
4150 1
4179 1
4264 1
4283 1
4365 1
4367 1
4515 1
4861 1
4864 1
5062 1
5063 1
5194 1
5802 1
5815 1
6024 1
6946 1
7352 1
8112 1
8771 0
8974 0
8975 1
8997 1
9015 1
9128 1
9268 1
9332 1
9380 1
9382 1
9396 1
9406 1
9356 1
31 0
1160 0
1173 0
2 0
9 0
60 0
85 0
98 0
147 0
168 0
207 0
213 0
250 0
285 0
289 0
336 0
356 0
390 0
448 0
456 0
463 0
591 0
631 0
677 0
686 0
731 0
756 0
773 0
785 0
802 0
861 0
870 0
882 0
955 0
962 0
976 0
977 0
983 0
992 0
997 0
1024 0
1028 0
1042 0
1095 0
1107 0
1117 0
1126 0
1171 0
1221 0
1281 0
1298 0
1309 0
1312 0
1325 0
1333 0
1341 0
1353 0
1399 0
1407 0
1410 0
1416 0
1425 0
1446 0
1467 0
1477 0
1633 0
1686 0
1710 0
1725 0
1760 0
1776 0
1780 0
1802 0
1803 0
1805 0
1846 0
1850 0
1852 0
1907 0
1908 0
1911 0
1950 0
1962 0
1971 0
1983 0
1991 0
2020 0
2038 0
2087 0
2114 0
2145 0
2176 0
2187 0
2218 0
2243 0
2255 0
2259 0
2260 0
2264 0
2333 0
2345 0
2359 0
2362 0
2449 0
2451 0
2473 0
2486 0
2506 0
2513 0
2514 0
2548 0
2569 0
2579 0
2620 0
2661 0
2819 0
2820 0
2821 0
2824 0
2831 1
2913 0
2917 0
2946 0
2953 0
2969 0
2992 0
3004 0
3011 0
3019 0
3033 0
3095 0
3152 0
3206 0
3216 0
3224 0
3233 0
3265 0
3269 0
3363 0
3370 0
3500 0
3514 0
3589 0
3625 0
3629 0
3692 0
3695 0
3719 0
3795 0
3800 0
3807 0
3838 0
3852 0
3901 0
3922 0
3996 0
4034 0
4040 0
4042 0
4089 0
4091 0
4092 0
4405 0
4406 0
4411 0
4447 0
4607 0
4665 1
4666 1
4761 0
4769 0
4785 0
4814 0
4849 0
4854 0
4875 0
4897 0
4898 0
4947 0
4991 0
4992 0
5001 0
5027 0
5030 0
5031 0
5069 0
5111 0
5147 0
5153 0
5158 0
5165 0
5187 0
5191 0
5219 0
5228 0
5232 0
5296 0
5304 0
5314 0
5330 0
5341 0
5387 0
5390 0
5421 0
5423 0
5447 0
5454 0
5468 0
5469 0
5491 0
5534 0
5561 0
5566 0
5570 0
5606 0
5624 0
5668 0
5671 0
5676 0
5685 0
5691 0
5706 0
5733 0
5783 0
5820 0
5869 0
5885 0
5890 0
5943 0
5945 0
5973 0
5981 0
5987 0
5997 0
6011 0
6025 0
6039 0
6046 0
6059 0
6086 0
6094 0
6106 0
6108 0
6109 0
6158 0
6175 0
6302 0
6316 0
6318 0
6344 0
6347 0
6365 0
6372 0
6420 0
6437 0
6446 0
6465 0
6477 0
6500 0
6640 0
6647 0
6658 0
6663 0
6690 0
6699 0
6709 0
6782 0
6786 0
6824 0
6826 0
6835 0
6845 0
6860 0
6881 0
6929 0
6950 0
6970 0
6973 0
6981 0
7003 0
7013 0
7028 0
7087 0
7092 0
7188 0
7189 0
7200 0
7234 0
7318 0
7371 0
7372 0
7409 0
7416 0
7424 0
7478 0
7483 0
7495 0
7525 0
7529 0
7543 0
7565 0
7579 0
7585 0
7590 0
7627 0
7663 0
7680 0
7704 0
7771 0
7845 0
7846 0
7848 0
7861 0
7865 0
7872 0
7887 0
7932 0
7937 0
7960 0
7984 0
7986 0
7990 0
7995 0
7996 0
8016 0
8021 0
8040 0
8059 0
8079 0
8103 0
8168 0
8171 0
8207 0
8340 1
8354 1
8372 1
8376 1
8412 1
8508 0
8526 0
8542 0
8554 0
8618 0
8622 0
8630 0
8656 0
8740 0
8877 0
8884 0
8886 0
8935 0
9023 0
9077 0
9104 0
9187 0
9249 1
9250 0
9277 0
9361 0
9404 1
1008 1
1389 1
1550 1
1589 1
1668 1
1927 1
2151 1
2154 1
2403 1
2418 1
2510 1
2511 1
2758 1
3549 1
3551 1
4138 1
4169 1
4273 1
4505 1
4549 1
5129 1
5189 1
5397 1
5809 1
8342 1
8343 1
8429 0
8767 0
8927 1
8942 1
9001 1
9083 1
9195 1
9244 1
9281 1
9304 1
9310 1
9333 1
9371 1
9376 1
9398 1
9416 1
9417 1
4653 0
1 0
46 0
62 0
63 0
67 0
105 0
115 0
131 0
140 0
143 0
156 0
158 0
172 0
173 0
176 0
200 0
218 0
256 0
269 0
290 0
299 0
303 0
313 0
389 0
410 0
419 0
454 0
483 0
517 0
520 0
544 0
572 0
593 0
594 0
607 0
614 0
669 0
685 0
719 0
732 0
778 0
781 0
824 0
825 0
829 0
832 0
852 0
884 0
887 0
927 0
949 0
965 0
975 0
980 0
1022 0
1025 0
1026 0
1039 0
1046 0
1051 0
1052 0
1067 0
1080 0
1113 0
1168 0
1202 0
1203 0
1239 0
1244 0
1261 0
1272 0
1307 0
1362 0
1411 0
1428 0
1461 0
1468 0
1530 0
1539 0
1542 0
1563 0
1600 0
1681 0
1701 0
1714 0
1715 0
1742 0
1750 0
1764 0
1772 0
1784 0
1821 0
1831 0
1884 0
1903 0
1987 0
1990 0
2008 0
2017 0
2030 0
2062 0
2071 0
2079 0
2094 0
2095 0
2110 0
2116 0
2117 0
2131 0
2186 0
2210 0
2217 0
2222 0
2241 0
2251 0
2319 0
2356 0
2361 0
2365 0
2384 0
2390 0
2450 0
2479 0
2503 0
2521 0
2534 0
2566 0
2583 0
2588 0
2598 0
2607 0
2653 0
2659 0
2672 0
2674 0
2726 0
2741 0
2783 0
2790 0
2809 0
2849 0
2851 0
2860 0
2900 0
2907 0
2939 0
2962 0
2977 0
3017 0
3024 0
3031 0
3051 0
3079 0
3081 0
3082 0
3107 0
3161 0
3176 0
3185 0
3186 0
3234 0
3250 1
3253 0
3313 0
3322 0
3379 0
3407 0
3433 0
3465 0
3493 0
3495 0
3526 0
3611 0
3630 0
3660 0
3686 0
3688 0
3704 0
3712 0
3755 0
3785 0
3792 0
3846 0
3850 0
3878 0
3896 0
3906 0
3940 0
3960 0
3989 0
4000 0
4037 0
4043 0
4081 0
4121 0
4208 0
4254 0
4275 0
4280 0
4396 0
4403 0
4465 0
4511 0
4527 1
4601 0
4616 0
4628 0
4673 0
4685 0
4688 0
4697 0
4700 0
4756 0
4812 0
4866 0
4876 0
4909 0
4924 0
4938 0
4968 0
4990 0
4998 0
5013 0
5067 0
5089 0
5094 0
5114 0
5122 0
5148 0
5223 0
5226 0
5263 0
5290 0
5297 0
5299 0
5311 0
5325 0
5363 0
5365 0
5478 0
5488 0
5507 0
5524 0
5542 0
5546 0
5549 0
5657 0
5663 0
5716 0
5717 0
5727 0
5735 0
5796 0
5826 0
5851 0
5857 0
5883 0
5899 0
5938 0
5941 0
6038 0
6051 0
6083 0
6093 0
6122 0
6156 0
6159 0
6168 0
6222 0
6248 0
6252 0
6275 0
6276 0
6277 0
6289 0
6301 0
6330 0
6378 0
6389 0
6394 0
6396 0
6400 0
6419 0
6461 0
6470 0
6510 0
6514 0
6559 0
6576 0
6586 0
6610 0
6614 0
6660 0
6710 0
6730 0
6761 0
6762 0
6765 0
6802 0
6841 0
6854 0
6882 0
6898 0
7016 0
7017 0
7018 0
7041 0
7043 0
7055 0
7063 0
7078 0
7104 0
7129 0
7214 0
7233 0
7237 0
7238 0
7245 0
7249 0
7270 0
7276 0
7340 0
7343 0
7345 0
7351 0
7420 0
7448 0
7452 0
7471 0
7500 0
7528 0
7550 0
7563 0
7603 0
7604 0
7608 0
7625 0
7650 0
7676 0
7685 0
7689 0
7694 0
7733 0
7754 0
7766 0
7780 0
7786 0
7799 0
7871 0
7948 0
7961 0
7966 0
8050 0
8072 0
8125 0
8159 0
8213 0
8233 0
8236 0
8252 0
8272 0
8301 0
8388 1
8443 0
8458 0
8487 0
8545 0
8572 0
8586 0
8590 0
9052 0
9074 0
9203 0
9207 0
9312 0
9336 0
1138 1
1613 0
1658 1
1893 1
1934 1
2143 1
2719 1
2720 1
2743 1
2998 1
3870 0
4100 1
4140 1
4162 1
4167 1
4377 1
4460 1
4473 1
4533 1
4538 1
4706 1
5395 1
5814 1
5995 0
6769 1
7217 1
8247 1
8333 1
8368 1
8437 1
8998 0
9016 1
9018 1
9019 1
9050 1
9086 1
9198 1
9307 1
9352 1
9411 1
9422 0
1020 0
4622 0
4650 0
7395 0
13 0
106 0
122 0
123 0
154 0
160 0
182 0
209 0
252 0
405 0
423 0
446 0
461 0
482 0
502 0
538 0
541 0
570 0
595 0
623 0
668 0
679 0
680 0
688 0
692 0
779 0
792 0
800 0
807 0
835 0
923 0
931 0
933 0
1018 0
1045 0
1077 0
1090 0
1094 0
1115 0
1120 0
1125 0
1146 0
1157 0
1199 0
1280 0
1285 0
1290 0
1295 0
1359 0
1368 0
1370 0
1379 0
1385 0
1414 0
1433 0
1460 0
1462 0
1518 0
1535 0
1594 1
1615 0
1625 0
1693 0
1711 0
1713 0
1724 0
1739 0
1740 0
1747 0
1753 0
1813 0
1847 0
1854 0
1919 0
1936 0
1944 0
1954 0
1998 0
2000 0
2025 0
2031 0
2054 0
2055 0
2113 0
2133 0
2198 0
2236 0
2242 0
2287 0
2349 0
2377 0
2385 0
2392 0
2425 0
2443 0
2454 0
2462 0
2545 0
2562 0
2595 0
2622 0
2623 0
2637 0
2685 0
2728 1
2738 0
2792 0
2803 0
2837 0
2854 0
2944 0
2954 0
2975 0
2999 0
3041 0
3046 0
3050 0
3060 0
3063 0
3074 0
3084 0
3100 0
3122 0
3144 0
3151 0
3154 0
3158 0
3165 0
3166 0
3183 0
3210 1
3242 0
3256 0
3272 0
3276 0
3277 0
3288 0
3367 0
3369 0
3372 0
3408 0
3412 0
3457 0
3471 0
3498 0
3590 0
3615 0
3624 0
3641 0
3645 0
3713 0
3720 0
3756 0
3773 0
3781 0
3812 0
3920 0
4018 0
4023 0
4055 0
4199 0
4215 0
4220 0
4228 0
4285 0
4292 0
4337 0
4341 0
4343 0
4359 0
4383 1
4410 0
4436 0
4445 0
4466 0
4484 0
4518 0
4573 0
4574 0
4604 0
4710 0
4714 0
4730 0
4734 0
4742 0
4754 0
4767 0
4784 0
4828 0
4835 0
4857 0
4859 0
4868 0
4903 0
4908 0
4941 0
4970 0
4989 0
5025 0
5032 0
5053 0
5076 0
5078 0
5100 0
5121 0
5150 0
5169 0
5206 0
5231 0
5235 0
5241 0
5249 0
5260 0
5274 0
5289 0
5313 0
5328 0
5383 0
5389 0
5456 0
5466 0
5470 0
5493 0
5494 0
5555 0
5581 0
5645 0
5649 0
5684 0
5700 0
5731 0
5773 0
5775 0
5785 0
5801 0
5911 0
5934 0
5935 0
5976 0
6032 0
6066 0
6095 0
6157 0
6189 0
6206 0
6235 0
6241 0
6249 0
6260 0
6286 0
6297 0
6379 0
6393 0
6456 0
6458 0
6499 0
6501 0
6515 0
6535 0
6592 0
6601 0
6629 0
6630 0
6633 0
6634 0
6637 0
6649 0
6693 0
6701 0
6703 0
6714 0
6736 0
6743 0
6753 0
6755 0
6760 0
6766 0
6855 0
6856 0
6870 0
6872 0
6885 0
6891 0
6943 0
6951 0
6955 0
6965 0
6966 0
6995 0
7000 0
7010 0
7029 0
7047 0
7058 0
7108 0
7131 0
7159 0
7202 0
7211 0
7216 0
7220 0
7230 0
7258 0
7299 0
7325 0
7339 0
7346 0
7366 0
7451 0
7458 0
7474 0
7477 0
7491 0
7513 0
7555 0
7564 0
7580 0
7587 0
7597 0
7645 0
7662 0
7677 0
7678 0
7679 0
7686 0
7714 0
7739 0
7759 0
7767 0
7773 0
7778 0
7779 0
7805 0
7833 0
7835 0
7850 0
7855 0
7859 0
7864 0
7882 0
7908 0
7920 0
7934 0
7949 0
7962 0
7963 0
7964 0
7977 0
8025 0
8043 0
8061 0
8119 0
8128 0
8178 0
8210 0
8251 1
8267 0
8287 0
8359 1
8384 0
8397 0
8423 0
8688 0
8874 0
8893 0
8895 0
8940 0
9047 0
9092 0
9146 0
9155 0
9178 0
1424 1
1585 1
1673 1
1793 1
2099 1
2164 1
2374 1
2482 1
2751 1
2770 1
3281 1
3550 1
3552 1
3668 1
3674 1
3700 1
4103 1
4107 1
4126 1
4152 1
4163 1
4172 1
4282 1
4477 1
4520 0
4536 1
4555 1
5251 1
6023 1
6050 1
6890 1
7067 1
8336 1
8358 1
8613 1
8769 0
8943 1
8967 1
8989 1
9011 1
9040 1
9199 1
9297 1
9381 1
9392 1
9415 1
2885 0
4675 0
7314 0
7384 0
19 0
36 0
51 0
54 0
69 0
81 0
137 0
162 0
193 0
231 0
278 0
364 0
422 0
491 0
500 0
509 0
519 0
527 0
532 0
537 0
542 0
620 0
639 0
644 0
645 0
665 0
693 0
698 0
701 0
728 0
730 0
740 0
776 0
814 1
840 0
850 0
851 0
886 0
904 0
915 0
929 0
943 0
948 0
951 0
961 0
964 0
968 0
1050 0
1053 0
1061 0
1070 0
1091 0
1129 0
1159 0
1176 0
1189 0
1213 0
1218 0
1251 0
1271 0
1278 0
1279 0
1287 0
1291 0
1294 0
1313 0
1316 0
1343 0
1366 0
1377 0
1382 0
1415 0
1437 0
1439 0
1440 0
1451 0
1492 0
1502 0
1532 0
1572 0
1575 0
1604 0
1607 0
1617 0
1631 0
1632 0
1639 0
1640 0
1661 0
1683 0
1685 0
1692 0
1705 0
1723 0
1736 0
1778 0
1804 0
1834 0
1837 0
1879 0
1902 0
1959 0
2018 0
2043 0
2090 0
2104 0
2111 0
2174 0
2182 0
2189 0
2196 0
2226 0
2233 0
2240 0
2261 0
2297 0
2299 0
2335 0
2339 0
2353 0
2420 0
2428 0
2468 0
2573 0
2638 0
2641 0
2652 0
2737 0
2802 0
2806 0
2807 0
2810 0
2817 0
2841 0
2861 0
2888 0
2890 0
2938 0
2945 0
2955 0
2967 0
2968 0
2984 0
2994 0
3000 0
3040 0
3048 0
3049 0
3055 0
3061 0
3064 0
3085 0
3087 0
3092 0
3120 0
3130 0
3147 0
3149 0
3168 0
3190 0
3227 0
3286 0
3323 0
3337 0
3356 0
3377 0
3384 0
3389 0
3432 0
3494 0
3499 0
3518 0
3602 0
3633 0
3640 0
3656 0
3711 0
3786 0
3799 0
3801 0
3824 0
3928 0
3971 0
3987 0
3999 0
4001 0
4017 0
4021 0
4046 0
4049 0
4093 0
4219 0
4224 0
4235 0
4238 0
4245 0
4293 0
4311 0
4327 0
4372 1
4374 1
4389 0
4400 0
4413 0
4425 0
4512 1
4671 0
4717 0
4727 0
4788 0
4806 0
4822 0
4881 0
4894 0
4915 0
4961 0
4979 0
5014 0
5023 0
5075 0
5079 0
5084 0
5096 0
5102 0
5125 0
5136 0
5159 0
5201 0
5202 0
5204 0
5205 0
5220 0
5240 0
5245 0
5254 0
5286 0
5310 0
5333 0
5384 0
5392 0
5438 0
5444 0
5474 0
5479 0
5510 0
5526 0
5553 0
5587 0
5621 0
5666 0
5674 0
5692 0
5698 0
5699 0
5715 0
5719 0
5768 0
5832 0
5835 0
5880 0
5882 0
5894 0
5919 0
5946 0
5953 0
5990 0
5998 0
5999 0
6002 0
6012 0
6036 0
6049 0
6068 0
6081 0
6088 0
6140 0
6141 0
6177 0
6325 0
6333 0
6340 0
6395 0
6413 0
6434 0
6435 0
6438 0
6443 0
6466 0
6486 0
6489 0
6532 0
6551 0
6564 0
6580 0
6584 0
6673 0
6713 0
6715 0
6746 0
6752 0
6774 0
6779 0
6822 0
6862 0
6874 0
6903 0
6906 0
6915 0
6926 0
6969 0
6976 0
6992 0
7021 0
7090 0
7095 0
7124 0
7136 0
7144 0
7146 0
7180 0
7224 0
7281 0
7294 0
7310 0
7335 0
7337 0
7338 0
7342 0
7350 0
7399 0
7404 0
7446 0
7468 0
7481 0
7485 0
7487 0
7534 0
7537 0
7548 0
7572 0
7595 0
7639 0
7652 0
7664 1
7666 0
7674 0
7701 0
7702 0
7783 0
7879 0
7911 0
7924 0
7930 0
7947 0
8012 0
8019 0
8064 0
8080 0
8122 0
8138 0
8167 1
8176 0
8180 0
8235 0
8266 0
8303 0
8313 0
8346 0
8353 1
8375 1
8448 0
8457 0
8466 0
8481 0
8485 0
8522 0
8525 0
8530 0
8533 0
8599 0
8642 0
8653 0
8716 0
8720 0
8766 0
8785 0
8832 0
8876 0
8878 0
8970 0
9160 0
9343 0
9347 0
201 1
264 1
783 1
1529 0
1551 1
1648 1
1653 1
1669 1
1694 1
1744 1
1882 1
1946 0
2120 1
2126 1
2155 1
2165 1
2410 1
2414 1
2417 1
2749 1
3673 1
3680 1
3681 1
4125 1
4156 1
4180 1
4262 1
4263 1
4319 1
4364 1
5120 1
5636 1
6842 1
7256 1
7363 1
8111 1
8930 1
8936 1
8973 0
8982 1
8986 1
9022 1
9036 1
9037 1
9082 1
9119 1
9182 1
9309 1
9316 1
9322 1
9366 1
9395 1
9409 1
1548 1
1109 0
2868 0
2906 0
4670 0
0 0
37 0
59 0
84 0
109 0
169 0
211 0
227 0
248 0
249 0
262 0
281 0
283 0
287 0
293 0
341 0
376 0
403 0
416 0
489 0
497 0
524 0
559 0
567 0
587 0
670 0
703 0
714 0
735 0
736 0
750 0
768 0
787 0
797 0
849 0
866 0
872 0
897 0
907 0
926 0
936 0
946 0
958 0
979 0
995 0
1010 0
1044 0
1048 0
1055 0
1062 0
1085 0
1153 0
1158 0
1268 0
1270 0
1283 0
1284 0
1337 0
1391 0
1408 0
1423 0
1427 0
1432 0
1472 0
1479 0
1484 0
1491 0
1499 0
1509 0
1522 0
1527 0
1574 0
1603 0
1677 1
1678 1
1682 0
1801 0
1842 0
1876 0
2037 0
2039 0
2045 0
2046 0
2048 0
2050 0
2052 0
2068 0
2093 0
2102 0
2103 0
2135 0
2194 0
2235 0
2284 0
2292 0
2296 0
2301 0
2308 0
2320 0
2329 0
2380 0
2402 0
2413 0
2421 0
2430 0
2441 0
2464 0
2567 0
2599 0
2602 0
2604 0
2609 0
2616 0
2625 0
2633 0
2635 0
2647 0
2670 0
2696 0
2705 0
2857 0
2884 0
2889 0
2901 0
2933 0
2934 0
2941 0
2942 0
2989 0
3007 0
3018 0
3028 0
3030 0
3038 0
3043 0
3065 0
3160 0
3163 0
3235 0
3339 0
3340 0
3350 0
3431 0
3555 0
3592 0
3628 0
3661 0
3702 0
3710 0
3753 0
3763 0
3797 0
3808 0
3811 0
3820 0
3843 0
3884 0
3921 0
3930 0
3935 0
3962 0
3975 0
4005 0
4019 0
4032 0
4057 0
4110 1
4243 0
4278 0
4309 0
4340 0
4379 1
4423 0
4463 0
4501 0
4532 0
4534 1
4540 1
4561 1
4562 0
4567 0
4618 0
4625 0
4664 1
4695 0
4750 0
4757 0
4804 0
4885 0
4946 0
4953 0
4962 0
4965 0
4981 0
5010 0
5016 0
5018 0
5020 0
5024 0
5033 0
5038 0
5044 0
5060 0
5082 0
5130 0
5140 0
5155 0
5229 0
5243 0
5259 0
5269 0
5292 0
5322 0
5345 0
5356 0
5358 0
5361 0
5371 0
5427 0
5445 0
5533 0
5552 0
5559 0
5618 0
5625 0
5641 0
5646 0
5654 0
5659 0
5734 0
5739 0
5770 0
5774 0
5781 0
5878 0
5879 0
5912 0
5918 0
5922 0
5954 0
5961 0
5962 0
5971 0
5979 0
5984 0
6006 0
6111 0
6125 0
6164 0
6187 0
6217 0
6218 0
6230 0
6291 0
6294 0
6337 0
6361 0
6408 0
6502 0
6519 0
6531 0
6557 0
6603 0
6619 0
6627 0
6641 0
6659 0
6668 0
6712 0
6723 0
6754 0
6799 0
6806 0
6812 0
6907 0
6921 0
6927 0
6931 0
6944 0
6961 0
6967 0
7012 0
7033 0
7037 0
7038 0
7053 0
7080 0
7115 0
7147 0
7150 0
7196 0
7205 0
7244 0
7257 0
7297 0
7304 0
7320 0
7332 0
7410 0
7428 0
7438 0
7450 0
7455 0
7521 0
7535 0
7545 0
7549 0
7570 0
7588 0
7611 0
7644 0
7661 0
7697 0
7728 0
7751 0
7768 0
7784 0
7819 0
7827 0
7909 0
7928 0
7952 0
7959 0
7972 0
7998 0
8017 0
8058 0
8063 0
8066 0
8115 0
8174 0
8192 0
8268 0
8279 0
8318 0
8411 0
8444 0
8456 0
8507 0
8512 0
8532 0
8551 0
8594 0
8650 0
8764 0
9115 0
9140 0
9162 0
9229 0
9273 0
9275 0
767 1
901 0
1470 0
1582 1
1597 1
1598 1
1657 1
1659 1
1670 1
1696 1
1718 1
2127 1
2411 1
2736 1
2757 1
2775 1
3546 1
3663 1
3678 1
4136 1
4171 1
4260 1
4269 1
4537 1
4910 1
5400 1
5430 1
6100 1
8438 1
9125 1
9190 1
9279 1
9324 1
9342 1
9364 1
9377 1
9379 1
9386 1
9389 1
9413 1
144 0
7295 0
14 0
18 0
28 0
39 0
77 0
92 0
102 0
118 0
127 0
153 0
184 0
189 0
203 0
221 0
237 0
319 0
322 0
339 0
352 0
400 0
415 0
433 0
478 0
479 0
495 0
523 0
525 0
561 0
566 0
585 0
636 0
640 0
653 0
676 0
678 0
709 0
722 0
744 1
745 0
764 0
837 0
846 0
853 0
920 0
928 0
934 0
935 0
963 0
994 0
996 0
999 0
1006 0
1016 0
1068 0
1074 0
1096 0
1097 0
1104 0
1128 0
1133 0
1149 0
1151 0
1163 0
1220 0
1229 0
1273 0
1301 0
1302 0
1351 0
1363 0
1371 0
1372 0
1387 0
1390 0
1419 0
1493 0
1513 0
1567 0
1587 0
1614 0
1627 0
1628 0
1629 0
1664 0
1697 0
1707 0
1717 0
1762 0
1767 0
1782 0
1874 0
1877 0
1885 0
1894 0
1964 0
1999 0
2022 0
2036 0
2074 0
2220 0
2223 0
2229 0
2266 0
2283 0
2344 0
2378 0
2398 0
2458 0
2485 0
2487 0
2496 0
2532 0
2543 0
2550 0
2634 0
2649 0
2678 0
2687 0
2688 0
2692 0
2735 0
2795 0
2796 1
2834 0
2878 0
2922 0
2929 0
2983 0
3005 0
3078 0
3091 0
3098 0
3116 0
3153 0
3159 0
3196 0
3257 0
3274 0
3284 0
3326 0
3335 0
3355 0
3359 1
3429 0
3497 0
3512 0
3553 0
3584 0
3610 0
3621 0
3631 0
3691 0
3772 0
3776 0
3865 0
3872 0
3882 0
3933 0
3934 0
3938 0
3959 0
3968 0
3970 0
4053 0
4075 0
4099 0
4183 0
4184 0
4187 0
4198 0
4214 0
4409 0
4422 0
4426 0
4449 0
4461 0
4483 0
4499 0
4587 0
4640 0
4681 0
4703 0
4711 0
4739 0
4768 0
4782 0
4791 0
4807 0
4825 0
4837 0
4869 0
4904 0
4914 0
4921 0
4934 0
4954 0
5026 0
5039 0
5059 0
5142 0
5182 0
5256 0
5301 0
5315 0
5339 0
5362 0
5381 0
5388 0
5408 0
5443 0
5452 0
5500 0
5523 0
5532 0
5597 0
5637 0
5638 0
5672 0
5707 0
5776 0
5790 0
5827 0
5852 0
5866 0
5893 0
5929 0
5944 0
5982 0
6018 0
6058 0
6074 0
6114 0
6119 0
6120 0
6126 0
6128 0
6133 0
6145 0
6147 0
6154 0
6167 0
6188 0
6196 0
6202 0
6253 0
6269 0
6284 0
6296 0
6309 0
6341 0
6363 0
6392 0
6398 0
6410 0
6416 0
6442 0
6475 0
6483 0
6538 0
6552 0
6597 0
6623 0
6642 0
6653 0
6656 0
6687 0
6728 0
6732 0
6798 0
6809 0
6823 0
6886 0
6905 0
6909 0
6972 0
6978 0
7007 0
7023 0
7030 0
7039 0
7085 0
7093 0
7137 0
7155 0
7176 0
7208 0
7247 0
7275 0
7282 0
7333 0
7367 0
7375 0
7379 0
7383 0
7398 0
7457 0
7486 0
7488 0
7507 0
7519 0
7539 0
7553 0
7557 0
7569 0
7578 0
7629 0
7673 0
7735 0
7755 0
7772 0
7781 0
7791 0
7812 0
7844 0
7851 0
7856 0
7894 0
7895 0
7904 0
7922 0
7926 0
7957 0
7967 0
7979 0
8001 0
8022 0
8047 0
8052 0
8078 0
8120 0
8121 0
8139 0
8141 0
8147 0
8234 0
8242 0
8255 0
8349 0
8386 0
8476 0
8558 0
8560 0
8761 0
8798 0
8825 0
8827 0
8828 0
8883 0
8887 0
8902 0
8990 0
9021 0
9024 0
9078 0
9109 0
9139 0
9235 0
9258 0
9272 0
9276 0
9370 0
1584 1
1702 1
1791 1
1928 1
2727 1
2759 1
3364 0
3529 1
3535 1
3666 1
3676 1
4104 1
4120 1
4122 1
4127 1
4130 1
4153 1
4160 1
4253 1
4257 1
4354 1
4382 1
4475 1
4476 1
4546 1
5064 1
5281 1
6947 1
7082 0
8611 1
8768 0
8952 1
8980 1
9017 1
9117 1
9192 1
9327 0
9303 1
2957 0
24 0
43 0
107 0
108 0
132 0
149 0
157 0
178 0
179 0
228 0
236 0
245 0
258 0
291 0
307 0
315 0
328 0
355 0
381 0
395 0
408 0
412 0
420 0
435 0
437 0
464 0
470 0
488 0
505 0
506 0
514 0
529 0
551 0
555 0
586 0
625 0
652 0
654 0
673 0
696 0
711 0
724 0
741 0
747 0
788 0
795 0
799 0
813 0
843 0
899 0
900 0
902 0
911 0
930 0
972 0
990 0
1027 0
1076 0
1078 0
1114 0
1130 0
1156 0
1185 0
1193 0
1257 0
1296 0
1311 0
1321 0
1330 0
1332 0
1402 0
1426 0
1454 0
1469 0
1512 0
1521 0
1647 0
1687 0
1751 0
1757 0
1761 0
1807 0
1887 0
1901 0
1918 0
1923 0
1984 0
2029 0
2069 0
2091 0
2105 0
2132 0
2193 0
2199 0
2212 0
2213 0
2249 0
2298 0
2307 0
2331 0
2337 0
2394 0
2427 0
2431 0
2477 0
2498 0
2500 0
2504 0
2518 0
2528 0
2530 0
2536 0
2563 0
2606 0
2666 0
2704 0
2739 0
2782 0
2784 0
2785 0
2787 0
2832 0
2835 0
2850 0
2874 0
2883 0
2910 0
2926 0
2927 0
2940 0
2961 0
2980 0
2981 0
2985 0
3008 0
3016 0
3021 0
3045 0
3121 0
3136 0
3137 0
3139 0
3156 0
3204 0
3245 0
3268 0
3270 0
3290 0
3292 0
3352 0
3376 0
3392 0
3394 0
3424 0
3454 0
3455 0
3496 0
3515 0
3532 0
3591 0
3622 0
3653 0
3690 0
3701 0
3819 0
3851 0
3862 0
3876 0
3881 0
3900 0
3913 0
3914 0
3988 0
4002 0
4013 0
4020 0
4052 0
4207 0
4209 0
4210 0
4239 0
4241 0
4244 0
4248 0
4295 0
4296 0
4380 1
4393 0
4395 0
4438 0
4462 0
4630 0
4677 0
4701 0
4720 0
4726 0
4766 0
4846 0
4851 0
4887 0
4899 0
4918 0
4936 0
4943 0
4945 0
4956 0
4966 0
4969 0
4996 0
5004 0
5017 0
5021 0
5022 0
5029 0
5181 0
5186 0
5267 0
5327 0
5350 0
5352 0
5370 0
5477 0
5502 0
5521 0
5530 0
5535 0
5548 0
5558 0
5560 0
5574 0
5594 0
5595 0
5609 0
5627 0
5664 0
5675 0
5679 0
5686 0
5694 0
5766 0
5777 0
5793 0
5876 0
5891 0
5892 0
5905 0
5927 0
5931 0
5955 0
5960 0
5983 0
6014 0
6015 0
6017 0
6060 0
6075 0
6099 0
6179 0
6195 0
6207 0
6238 0
6244 0
6250 0
6267 0
6271 0
6278 0
6305 0
6320 0
6358 0
6370 0
6382 0
6440 0
6479 0
6506 0
6534 0
6542 0
6549 0
6560 0
6563 0
6585 0
6588 0
6605 0
6612 0
6616 0
6620 0
6636 0
6671 0
6688 0
6692 0
6733 0
6778 0
6790 0
6805 0
6829 0
6859 0
6868 0
6883 0
6899 0
6928 0
6982 0
6994 0
6997 0
7006 0
7060 0
7065 0
7072 0
7075 0
7094 0
7098 0
7119 0
7141 0
7148 0
7162 0
7181 0
7201 0
7222 0
7225 0
7239 0
7278 0
7290 0
7301 0
7303 0
7330 0
7348 0
7353 0
7359 0
7388 0
7391 0
7429 0
7433 0
7440 0
7447 0
7464 0
7482 0
7501 0
7527 0
7536 0
7540 0
7657 0
7718 0
7746 0
7747 0
7775 0
7808 0
7828 0
7847 0
7862 0
7868 0
7900 0
7942 0
7951 0
7993 0
8023 0
8046 0
8067 0
8076 0
8088 0
8105 0
8135 0
8140 0
8150 0
8172 0
8183 0
8185 0
8344 0
8370 1
8470 0
8515 0
8520 0
8539 0
8543 0
8690 0
8731 0
8765 0
8794 0
9032 0
9045 0
9164 0
9174 0
9330 0
1292 1
1404 0
1516 0
1534 1
1592 1
1703 1
1788 1
1796 0
1868 1
1881 1
2004 0
2124 1
2130 1
2409 1
2540 1
2774 1
2777 1
2822 0
3112 1
3248 1
3252 1
3527 1
3538 1
3890 0
4066 1
4101 1
4135 1
4175 1
4318 1
4369 1
6022 1
7112 1
8335 1
8435 1
8775 0
8777 0
8934 1
8983 1
8988 1
9007 1
9012 1
9087 1
9134 1
9201 1
9257 1
9317 1
9320 1
9321 1
9351 1
9412 1
9414 1
1098 0
2867 0
2896 1
5 0
23 0
44 0
74 0
75 0
142 0
183 0
240 0
246 0
254 0
271 0
297 0
318 0
323 0
346 0
347 0
359 0
401 0
414 0
445 0
467 0
475 0
490 0
513 0
590 0
597 1
608 0
705 0
780 0
789 0
809 0
812 0
847 0
848 0
862 0
867 0
883 0
888 0
896 0
941 0
957 0
966 0
971 0
1000 0
1005 0
1015 0
1023 0
1036 0
1040 0
1082 0
1087 0
1101 0
1103 0
1119 0
1131 0
1175 0
1180 0
1210 0
1211 0
1214 0
1226 0
1237 0
1249 0
1252 0
1274 0
1314 0
1336 0
1380 0
1386 0
1435 0
1442 0
1494 0
1501 0
1505 0
1510 0
1537 0
1565 0
1646 0
1665 0
1689 0
1704 0
1754 0
1756 0
1758 0
1851 0
1853 0
1858 0
1912 0
1935 0
1994 0
1995 0
2012 0
2028 0
2034 0
2049 0
2181 0
2204 0
2225 0
2231 0
2232 0
2267 0
2338 0
2350 0
2422 0
2437 0
2440 0
2444 0
2445 0
2495 0
2501 0
2505 0
2557 0
2572 0
2605 0
2608 0
2611 0
2636 0
2697 0
2699 0
2712 0
2740 0
2823 0
2842 0
2870 0
2871 0
2875 0
2943 0
2965 0
3012 0
3015 0
3062 0
3077 0
3115 0
3126 0
3132 0
3181 0
3212 0
3214 0
3230 0
3261 0
3280 0
3312 0
3358 0
3402 0
3411 0
3461 0
3608 0
3637 0
3655 0
3658 0
3703 0
3708 0
3716 0
3721 0
3758 0
3798 0
3805 0
3827 0
3839 0
3848 0
3857 0
3903 0
3936 0
3943 0
3955 0
3979 0
3998 0
4003 0
4038 0
4045 0
4080 0
4201 0
4223 0
4300 0
4307 0
4433 0
4614 0
4629 0
4655 0
4746 0
4810 0
4852 0
4884 0
4916 0
4930 0
4940 0
4973 0
4978 0
4986 0
4993 0
5015 0
5019 0
5041 0
5048 0
5086 0
5090 0
5156 0
5168 0
5171 0
5176 0
5200 0
5216 0
5266 0
5272 0
5318 0
5336 0
5343 0
5344 0
5347 0
5353 0
5432 0
5449 0
5462 0
5472 0
5483 0
5506 0
5544 0
5551 0
5593 0
5611 0
5635 0
5644 0
5652 0
5725 0
5730 0
5757 0
5838 0
5875 0
5939 0
5947 0
5988 0
5993 0
6008 0
6090 0
6097 0
6103 0
6110 0
6124 0
6171 0
6176 0
6190 0
6213 0
6216 0
6226 0
6259 0
6285 0
6293 0
6295 0
6304 0
6308 0
6334 0
6357 0
6364 0
6376 0
6406 0
6450 0
6467 0
6474 0
6484 0
6504 0
6516 0
6529 0
6582 0
6590 0
6596 0
6599 0
6606 0
6607 0
6646 0
6651 0
6657 0
6726 0
6737 0
6745 0
6792 0
6795 0
6821 0
6857 0
6867 0
6892 0
6897 0
6914 0
6938 0
6958 0
6971 0
7011 0
7036 0
7061 0
7064 0
7076 0
7086 0
7107 0
7120 0
7186 0
7198 0
7210 0
7212 0
7226 0
7228 0
7279 0
7355 0
7402 0
7405 0
7418 0
7431 0
7459 0
7460 0
7484 0
7556 0
7571 0
7583 0
7636 0
7640 0
7665 0
7670 0
7690 0
7698 0
7700 0
7710 0
7731 0
7749 0
7750 0
7790 0
7807 0
7814 0
7834 0
7874 0
7892 0
7897 0
7898 0
7901 0
7929 0
7944 0
7973 0
7989 0
7991 0
8024 0
8031 0
8041 0
8051 0
8055 0
8089 0
8090 0
8102 0
8108 0
8114 0
8123 0
8127 0
8143 0
8144 0
8156 0
8169 0
8329 1
8339 1
8371 1
8422 0
8430 0
8474 0
8475 0
8478 0
8491 0
8493 0
8647 0
8730 0
8748 0
8897 0
8898 0
8920 0
8991 0
9004 0
9107 0
9171 0
9224 0
9231 0
9233 0
9274 0
150 1
924 1
1541 1
1593 1
1674 1
2085 0
2119 1
2121 1
2177 1
2415 1
2508 1
2717 1
2745 1
2747 1
2762 1
3254 1
3854 1
4116 1
4181 1
4266 1
4268 1
4347 1
4358 1
4362 1
4376 1
4467 0
4506 1
4526 1
4550 1
4554 1
4661 1
5040 0
5224 1
5250 1
5398 1
5401 1
5584 1
6102 1
6155 1
6263 1
7273 1
8614 1
8781 0
8782 0
8928 1
8955 1
9013 1
9014 1
9152 0
9243 1
9282 1
9374 1
9385 1
9394 1
9400 1
86 0
2898 0
40 0
53 0
87 0
93 0
166 0
194 0
222 0
224 0
247 0
284 0
301 0
305 0
345 0
348 0
351 0
375 0
378 0
384 0
402 0
434 0
438 0
458 0
468 0
474 0
481 0
492 0
552 0
553 0
604 0
618 0
621 0
622 0
633 0
702 0
707 0
725 0
734 0
753 0
759 0
761 0
794 0
826 0
859 0
876 0
890 0
916 0
939 0
953 0
960 0
981 0
986 0
989 1
1038 0
1083 0
1099 0
1102 0
1188 0
1217 0
1222 0
1259 0
1276 0
1327 0
1345 0
1396 0
1398 0
1441 0
1475 0
1483 0
1489 0
1503 0
1536 1
1538 0
1566 0
1569 0
1606 0
1610 0
1612 0
1620 0
1635 0
1676 1
1716 0
1735 0
1755 0
1766 0
1786 0
1815 0
1816 0
1824 0
1872 0
1909 0
1949 0
1988 0
2010 0
2014 0
2051 0
2067 0
2089 0
2096 0
2108 0
2141 0
2209 0
2234 0
2325 0
2372 0
2383 0
2395 0
2448 0
2459 0
2490 0
2520 0
2553 0
2560 0
2564 0
2576 0
2584 0
2615 0
2642 0
2664 0
2667 0
2691 0
2703 0
2781 0
2848 0
2873 0
2902 0
2909 0
2948 1
2960 0
2966 0
2970 0
2986 0
3006 0
3025 0
3076 0
3104 0
3111 0
3157 0
3174 0
3188 0
3217 0
3241 0
3249 0
3300 0
3309 0
3330 0
3334 0
3353 0
3381 0
3406 0
3409 0
3413 0
3428 0
3586 0
3603 0
3644 0
3657 0
3696 0
3761 0
3774 0
3775 0
3778 0
3809 0
3842 0
3873 0
3879 0
3902 0
3956 0
3977 0
3985 0
4022 0
4082 0
4096 0
4204 0
4231 0
4232 0
4312 0
4334 0
4408 0
4420 0
4434 0
4528 1
4578 0
4659 0
4744 0
4781 0
4834 0
4906 0
4927 0
4928 0
4932 0
4939 0
5000 0
5045 0
5108 0
5126 0
5145 0
5173 0
5178 0
5217 0
5246 0
5261 0
5276 0
5278 0
5298 0
5312 0
5334 0
5426 0
5434 0
5437 0
5460 0
5463 0
5471 0
5501 0
5547 0
5550 0
5556 0
5592 0
5623 0
5629 0
5630 0
5651 0
5653 0
5658 0
5678 0
5724 0
5794 0
5811 0
5849 0
5855 0
5904 0
5928 0
5964 0
5996 0
6026 0
6028 0
6031 0
6047 0
6107 0
6134 0
6210 0
6237 0
6239 0
6255 0
6288 0
6290 0
6319 0
6329 0
6335 0
6339 0
6355 0
6388 0
6399 0
6412 0
6415 0
6444 0
6445 0
6451 0
6454 0
6457 0
6493 0
6498 0
6503 0
6508 0
6522 0
6541 0
6573 0
6604 0
6611 0
6683 0
6741 0
6758 0
6781 0
6785 0
6810 0
6816 0
6818 0
6833 0
6873 0
6911 0
6941 0
6954 0
7044 0
7084 0
7117 0
7130 0
7160 0
7174 0
7250 0
7255 0
7263 0
7265 0
7327 0
7336 0
7382 0
7392 0
7394 0
7423 0
7454 0
7470 0
7490 0
7502 0
7506 0
7544 0
7598 0
7601 0
7623 0
7626 0
7641 0
7651 0
7668 0
7687 0
7693 0
7703 0
7723 0
7758 0
7765 0
7831 0
7842 0
7875 0
7886 0
7889 0
7899 0
7923 0
7933 0
7938 0
7994 0
8000 0
8003 0
8034 0
8045 0
8068 0
8073 0
8095 0
8126 0
8133 0
8155 0
8161 0
8206 0
8208 0
8275 0
8383 0
8446 0
8488 0
8528 0
8575 0
8648 0
8783 0
8799 0
8814 0
8849 0
8901 0
8908 0
8922 0
8946 0
8979 0
9158 0
9184 0
9300 0
9326 0
9329 0
9334 0
806 1
1557 1
1596 1
1666 1
1789 1
2123 1
2142 1
2144 1
2146 1
2147 1
2401 1
2750 1
2767 1
2778 1
3530 1
3534 1
3672 1
4111 1
4124 1
4151 1
4168 1
4170 1
4350 1
4355 1
4385 1
4495 1
4535 1
4911 1
5070 1
5405 1
6062 1
6104 1
6262 1
6581 1
6797 1
8110 1
8129 0
8163 1
8941 1
8948 1
8987 1
9039 1
9127 1
9264 1
9298 1
9401 1
9408 1
15 0
187 0
7315 0
