2543 0
2983 0
1416 0
4499 0
231 0
5982 0
7023 0
6189 0
7058 0
8052 0
4153 1
48 0
535 0
830 0
2002 0
3129 0
4676 0
5669 0
6936 0
3183 0
4055 0
4260 1
488 0
1687 0
2926 0
4207 0
5558 0
6560 0
7391 0
9164 0
620 1
9321 1
1000 0
9422 0
1415 0
2034 0
2428 0
3518 0
3402 0
5084 0
6049 0
5048 0
7281 0
6226 0
8457 0
7186 0
8102 0
7693 0
4319 1
4116 1
6062 1
497 0
1527 0
301 0
562 0
589 0
1383 0
2040 0
3140 0
4735 0
5713 0
6942 0
3256 0
4220 0
2857 0
4340 0
4587 0
1276 0
5533 0
2553 0
6754 0
2443 0
3498 0
4282 1
6018 0
7928 0
1751 0
4136 1
3778 0
7108 0
8078 0
4160 1
5463 0
6563 0
7429 0
4364 1
5560 0
505 0
2927 0
4209 0
6975 0
325 0
751 0
1300 0
2081 0
2836 0
3184 0
4751 0
5729 0
3276 0
639 0
9351 1
1005 0
7030 0
1115 0
8466 0
3602 0
6206 0
5096 0
6068 0
3411 0
7294 0
5086 0
6259 0
561 0
1574 0
305 0
6498 0
2085 1
5120 1
4181 1
2401 1
524 0
8095 0
2884 0
4379 0
1327 0
4640 0
5803 0
120 0
206 0
449 0
700 0
1235 0
2088 0
3194 0
4760 0
6977 0
6235 0
7131 0
5552 0
6799 0
4172 1
6058 0
7952 0
1757 0
8438 1
3809 0
5574 0
506 0
7198 0
4253 1
5471 0
6585 0
7433 0
9174 0
2940 0
4210 0
1437 0
2468 0
566 0
3633 0
2049 0
3461 0
7039 0
679 0
1120 0
8481 0
444 0
578 0
2097 0
3198 0
4815 0
5844 0
6987 0
3369 0
4410 0
5934 0
5636 1
8108 0
7310 0
6285 0
6503 0
585 0
1603 0
345 0
2550 0
3005 0
997 0
6508 0
4681 0
7964 0
278 0
4970 0
6074 0
6806 0
6241 0
7159 0
8120 0
4257 1
6998 0
212 0
540 0
2107 0
3218 0
4820 0
5862 0
3412 0
4466 0
6032 0
4171 1
514 0
1761 0
5594 0
2961 0
3842 0
6588 0
7440 0
5363 0
9330 0
644 0
9412 1
1015 0
1020 0
1439 0
2573 0
2181 0
3640 0
5102 0
3608 0
6081 0
7335 0
5090 0
6293 0
8485 0
7210 0
7703 0
8114 0
6842 1
4266 1
559 0
6104 1
1677 1
50 0
239 0
1228 0
1763 0
2157 0
2865 0
3244 0
7015 0
4896 0
5884 0
2889 0
4423 0
4703 0
1345 0
5559 0
6812 0
2560 0
4536 1
6114 0
7959 0
1807 0
7295 0
3873 0
7202 0
8121 0
4354 1
5501 0
6605 0
5595 0
529 0
2980 0
4239 0
7031 0
2175 0
3258 0
4935 0
5921 0
2462 0
4710 0
4941 0
8043 0
4555 1
645 0
9414 1
1023 0
7085 0
1125 0
8522 0
3656 0
5125 0
3637 0
6088 0
7337 0
5156 0
6295 0
636 0
6522 0
1678 1
348 0
7256 0
4268 1
567 0
2750 1
9023 0
2901 0
4463 0
4711 0
1396 0
687 0
1105 0
2188 0
3285 0
4957 0
5957 0
7045 0
2623 0
4734 0
5025 0
6249 0
5618 0
6907 0
7211 0
2564 0
5251 1
6119 0
7972 0
1887 0
4269 1
3879 0
5609 0
4382 0
5547 0
6612 0
7447 0
1292 1
2981 0
4241 0
1604 0
2204 0
2638 0
3711 0
3655 0
9336 0
9332 1
7791 0
3301 0
4994 0
5986 0
7097 0
680 0
1146 0
2562 0
4767 0
5076 0
8119 0
8525 0
7363 1
7212 0
8123 0
351 0
7338 0
6304 0
6541 0
640 0
1682 0
375 0
2649 0
3078 0
4501 0
4739 0
1398 0
8251 0
364 1
6120 0
7758 0
6921 0
6260 0
2726 0
7216 0
8139 0
4475 1
7116 0
2893 0
3308 0
4999 0
6072 0
2595 0
4828 0
5100 0
8128 0
6050 1
4537 1
1901 0
5627 0
3902 0
551 0
2985 0
6616 0
7464 0
5478 0
1404 0
6461 0
665 0
1098 0
1036 0
4622 0
1440 0
2225 0
2641 0
3786 0
3658 0
5136 0
6140 0
5168 0
7342 0
5664 0
6308 0
2922 0
4347 1
8530 0
7226 0
8127 0
7765 0
8111 1
7995 0
4358 1
587 0
6262 1
7164 0
6078 0
699 0
3380 0
5009 0
2622 0
4857 0
5150 0
8178 0
6890 1
1801 0
2933 0
4532 1
1697 0
3091 0
4768 0
1441 0
5625 0
2576 0
6927 0
9040 1
5053 0
6126 0
7998 0
1918 0
7220 0
8141 0
4476 1
2953 0
6970 0
5550 0
6620 0
5675 0
555 0
3008 0
549 0
1783 0
3401 0
5049 0
6105 0
7171 0
2854 0
4868 0
5206 0
8210 0
693 0
2867 0
6316 0
1138 1
1040 0
7093 0
1157 0
8533 1
3799 0
3703 0
5159 0
6141 0
5171 0
7350 0
6334 0
6573 0
653 0
1842 0
378 0
8930 1
4362 1
2767 1
670 0
9376 1
9077 0
1717 0
3098 0
2934 0
4534 1
1475 0
4782 0
1089 0
1275 0
1863 0
181 0
349 0
694 0
7173 0
5056 0
6132 0
3468 0
5641 0
6931 0
2584 0
6286 0
8336 1
6128 0
8017 0
1923 0
4910 1
3956 0
5679 0
8544 0
4546 1
6973 0
5556 0
6636 0
7482 0
5488 0
1516 0
8163 1
3016 0
4244 0
1617 0
2652 0
2231 0
3801 0
3708 0
3116 0
8072 0
177 0
9380 1
3473 0
5088 0
6137 0
7183 0
1613 1
692 0
3074 0
3615 0
8599 0
8936 1
7228 0
8143 0
7831 0
7399 0
6357 0
6604 0
676 0
1876 1
384 0
7315 0
2678 0
3153 0
703 0
9104 0
2020 0
4540 1
1483 0
4791 0
422 0
6944 0
6297 0
7230 0
8147 0
7266 0
1322 0
1864 0
3596 0
5097 0
6152 0
2685 0
3641 0
5274 0
8267 0
5064 1
1984 0
5400 1
3977 0
5686 0
586 0
3021 0
6671 0
7501 0
1534 1
698 0
2896 0
1082 0
4650 0
1451 0
2737 0
2232 0
3824 0
5201 0
3716 0
6177 0
7404 0
5176 0
6364 0
8642 0
7279 0
7842 0
8144 0
8973 0
7996 0
714 0
4376 1
1489 0
6581 1
7331 0
1181 0
2214 0
5101 0
6153 0
2728 1
3713 0
5313 0
8287 0
8769 1
2037 0
2941 0
4561 1
1874 0
3159 0
4807 0
1503 0
2038 0
852 0
5646 0
6961 0
2615 0
2802 0
9199 1
6133 0
8058 0
2029 0
7258 0
8234 0
5281 0
6981 0
6688 0
5592 0
5694 1
625 0
912 0
1354 0
2224 0
3609 0
5104 0
6160 0
7364 0
3151 0
3756 0
5383 0
3045 0
4248 0
5405 1
6470 0
701 0
5570 0
5973 0
1658 1
7137 0
5 0
1199 0
8653 0
1087 0
3928 0
5202 0
3610 0
6325 0
7446 0
3721 0
5200 0
678 0
6376 0
2039 0
402 0
6611 0
8156 0
8982 1
6406 0
735 0
4467 0
9416 1
9187 0
1735 0
2087 0
2778 1
1877 0
3196 0
2942 0
4562 0
4825 0
728 0
1536 1
864 0
1869 0
2230 0
3614 0
5138 0
6162 0
7365 0
3154 0
3781 0
5456 0
4567 0
5654 0
6967 0
2642 0
6379 0
8989 1
6145 0
8063 0
2069 0
9190 0
3985 0
5766 0
6947 1
2969 0
7003 0
6692 0
5623 0
7527 0
5524 0
1592 0
3121 0
4295 0
1631 0
2267 0
2806 0
3971 0
3758 0
4 0
1924 0
2250 0
3647 0
5143 0
6166 0
7373 0
4067 1
9382 1
1893 1
792 0
1280 0
8716 0
8986 1
7355 0
8169 0
7875 0
6333 0
7468 0
6450 0
6683 0
709 0
2045 0
434 0
2687 0
3257 0
9191 0
736 0
1024 0
9249 1
2114 0
572 0
4618 0
4837 0
1538 0
500 0
7012 0
6393 0
642 0
1084 0
1245 0
8788 0
2306 0
3650 0
5199 0
6846 0
7462 0
3166 0
8242 0
7082 0
1101 0
2091 0
5430 1
4022 0
5777 0
652 0
3136 0
6733 0
7536 0
1703 1
730 0
23 0
1103 0
7395 0
1492 0
2338 0
2807 0
3987 0
2350 0
5204 0
6340 0
3798 0
7481 0
5216 0
6467 0
209 0
1285 0
8720 0
7402 0
8329 0
7886 0
9022 1
8016 0
4506 1
750 0
6797 1
1315 0
459 0
666 0
984 0
1940 0
2316 0
3709 0
5234 0
6182 0
7917 0
2046 0
722 0
1885 0
2989 0
4625 0
3274 0
44 0
1566 0
1569 0
2145 0
593 0
5659 0
2664 0
7033 0
9011 1
6147 0
8066 0
2105 0
2667 0
7299 0
8255 0
3792 0
8611 1
2992 0
7013 0
5629 0
6778 0
5793 0
460 0
1357 0
2321 0
3717 0
5238 0
6212 0
7476 0
3272 0
4285 0
5700 0
654 0
3137 0
4296 0
6510 0
740 0
74 0
5981 0
1934 1
1119 0
7155 0
1290 0
8766 0
2810 0
3999 0
3805 0
5205 0
6395 0
5266 0
7485 0
6474 0
6741 0
744 0
2048 0
458 0
8339 1
9036 1
4526 1
3530 1
768 0
4653 0
9250 0
2176 0
1894 0
3284 0
3007 0
4664 0
1606 0
4904 0
1139 0
2336 0
3722 0
5255 0
6228 0
7505 0
2792 0
4341 0
5775 0
8423 0
5734 0
2691 0
7037 0
4769 0
6456 0
4477 1
6154 0
8115 0
2132 0
9279 1
4082 0
5876 0
3846 0
8768 1
3004 0
7028 0
5630 0
6790 0
7540 0
6493 0
5546 0
6514 0
7325 0
1788 1
5912 0
3139 0
4380 1
1502 0
2817 0
2422 0
4001 0
3827 0
646 0
869 0
1364 0
2352 0
2143 1
3764 0
5320 0
6300 0
5987 0
800 0
1295 0
8785 0
7176 0
9037 1
7405 0
8371 0
7687 0
6413 0
7487 0
6484 0
6758 0
745 0
2050 0
468 0
1999 0
3326 0
787 0
1 0
9277 0
2187 0
594 0
4695 0
1610 0
4914 0
8359 0
9297 1
7208 0
7038 0
601 0
891 0
1365 0
2358 0
3804 0
5326 0
6312 0
7558 0
3408 0
4445 0
7339 0
8349 0
8952 0
2193 0
6100 1
4096 0
5891 0
673 0
3156 0
6805 0
7657 0
1796 0
776 0
75 0
1175 0
13 0
1532 0
2841 0
2437 0
4017 0
5220 0
3839 0
6434 0
7534 0
5272 0
6504 0
252 0
1359 0
8832 0
7418 0
7889 0
8422 0
9082 1
4550 1
797 0
8110 1
615 0
1409 0
2423 0
3831 0
5348 0
6328 0
7568 0
2425 0
4518 1
6095 0
2052 0
764 0
1964 0
3335 0
474 0
3018 0
4750 0
1612 0
5739 0
7053 0
2703 0
9392 1
6167 0
8174 0
2199 0
7346 0
8386 0
8980 1
5651 0
6829 0
2781 0
879 0
2467 0
2905 0
3845 0
5368 0
6338 0
7573 0
2454 0
4604 0
4908 0
696 0
3204 0
4393 0
1868 1
481 0
814 0
142 0
1180 0
7247 0
1368 0
8876 0
1370 0
2861 0
4021 0
5240 0
3848 0
6435 0
7537 0
5318 0
6516 0
837 0
6781 0
8430 0
9119 1
4554 1
849 0
3534 1
1908 0
2074 0
3355 0
3028 0
4757 0
2491 0
3866 0
5391 0
6385 0
7575 0
2803 0
4730 0
4989 0
8895 0
2885 0
5770 0
7080 0
2848 0
6499 0
4520 1
6188 0
8192 0
2212 0
9324 1
4204 0
5892 0
3850 0
3011 0
9017 1
5653 0
6859 0
7718 0
1881 1
3245 0
4395 0
1572 0
2440 0
2888 0
4046 0
3857 0
627 0
3887 0
5433 0
6404 0
7614 0
2637 0
4754 0
2719 1
4068 1
9396 1
807 0
1379 0
8878 0
7275 0
1210 0
7431 0
8474 0
7899 0
6438 0
7548 0
6529 0
6785 0
846 0
2068 0
492 0
2692 0
3359 1
866 0
4804 0
4921 0
1620 0
8384 0
509 0
7115 0
3899 0
5458 0
6473 0
7635 0
1714 0
2738 0
4784 0
5078 0
6501 0
7366 0
8476 0
9117 1
2213 0
9125 1
4231 0
5905 0
711 0
3268 0
5658 0
6868 0
7746 0
2004 0
840 0
183 0
1211 0
1575 0
2444 0
2890 0
4049 0
3903 0
5245 0
6443 0
5336 0
405 0
1385 0
8970 0
7459 0
8475 0
7923 0
2031 0
9182 1
2524 0
3908 0
4606 1
6482 0
7649 0
2837 0
4835 0
5121 0
9092 0
7384 0
872 0
853 0
2093 0
8478 0
552 0
2266 0
3429 0
1607 0
3030 0
4885 0
1635 0
5774 0
2873 0
7147 0
3920 0
9381 1
6196 0
8268 0
2249 0
7451 0
8558 0
9192 1
5678 0
6883 0
1449 0
3916 0
4619 0
6512 0
7655 0
2944 0
4859 0
5169 0
9146 0
19 0
724 0
3270 0
4438 0
5927 0
7460 1
2124 1
850 0
240 0
1214 0
2720 1
7282 0
1414 0
2938 0
4093 0
3936 0
5254 0
6466 0
5343 0
7572 0
6582 0
6810 0
920 0
8491 0
9309 1
4661 1
3672 1
897 0
46 0
1042 0
1567 0
3497 0
6527 0
1474 0
3978 0
4624 0
7658 0
2954 0
3471 0
5231 0
9155 0
36 0
4946 0
4934 0
5781 0
2902 0
7150 0
6515 0
51 0
5235 0
6202 0
8279 0
2298 0
9342 1
4232 0
5931 0
8560 0
3896 0
9327 0
5724 0
6899 0
7747 0
2130 1
3290 0
4462 0
1632 0
2945 0
2445 0
617 0
1478 0
4030 0
6544 0
7660 0
3063 0
3590 0
5241 0
9178 0
2743 1
2398 0
7333 0
835 0
1433 0
9160 0
1226 0
7484 0
8493 0
7933 0
6486 0
7595 0
6590 0
438 0
928 0
2102 0
553 0
6816 0
2458 0
3512 0
907 0
1095 0
4953 0
1676 1
4954 0
1424 1
519 0
4088 0
4613 0
6555 0
7671 0
2975 0
3624 0
5260 0
6535 0
7458 0
1585 1
7196 0
8761 0
9303 1
8318 0
2307 0
9377 1
4312 0
5955 0
741 0
3292 0
7318 0
5794 0
6928 0
7775 0
2409 1
851 0
246 0
1237 0
1639 0
2955 0
2495 0
4219 0
5286 0
3943 0
6489 0
5960 0
5344 0
123 0
1460 0
9343 0
7556 0
7938 0
8647 0
1485 0
2561 0
4227 0
6613 0
7734 0
2999 0
3645 0
5289 0
1673 1
81 0
926 0
5040 0
934 0
2103 0
604 0
2496 0
3553 0
3038 0
4962 0
1716 0
5878 0
5534 0
7205 0
2909 0
3041 0
4023 0
9415 1
6253 0
8411 0
2331 0
6592 0
7474 0
8798 0
3906 0
2957 0
5811 0
6982 0
9127 1
1942 0
2571 0
4230 0
6648 0
7742 0
3046 0
3720 0
5328 0
1793 0
137 0
747 0
3352 0
5983 0
4630 0
5796 0
2540 1
3584 0
886 0
254 0
1249 0
2998 1
9406 1
7367 0
1462 0
2967 0
4224 0
5310 0
3955 0
6532 0
7639 0
5347 0
6596 0
935 0
6818 0
8730 0
9316 1
4334 0
5224 1
936 0
4111 1
62 0
1911 0
4965 0
618 0
1587 0
4674 0
6678 0
1526 0
2582 0
4249 0
7761 0
3050 0
3773 0
5389 0
2099 1
2482 1
3043 0
4981 0
5026 0
5879 0
7244 0
2948 1
6601 0
5249 0
8444 0
6269 0
2337 0
9364 1
4408 0
6014 0
7994 0
8825 0
3940 0
8087 0
24 0
5849 0
6994 0
7808 0
2774 1
3376 0
4677 0
1640 0
1544 0
2601 0
4288 0
4610 0
6700 0
7769 0
3060 0
3812 0
5466 0
2164 1
5997 0
1252 0
4137 1
9356 1
931 0
6446 0
1518 0
9347 1
7375 0
7571 0
8748 0
8000 0
6551 0
7652 0
6599 0
6833 0
963 0
2135 0
2688 0
621 0
2634 0
3621 0
946 0
1107 0
4169 1
5010 0
5039 0
1755 0
2374 1
527 0
1576 0
2613 0
4305 0
4672 0
6705 0
7774 0
3165 0
4785 0
4018 0
5493 0
2741 0
6629 0
7477 0
7257 0
8827 0
43 0
8456 0
2394 0
9389 1
4420 0
6015 0
788 0
5855 0
6997 0
7828 0
2777 1
6559 0
904 0
271 0
1274 0
1661 0
2501 0
2968 0
4235 0
3979 0
5333 0
6564 0
5353 0
154 0
1535 0
201 1
27 0
2614 0
4314 0
4669 0
6734 0
7782 0
8040 0
3210 0
4199 0
5581 0
9322 1
958 0
5250 1
8941 1
994 0
2194 0
622 0
2022 1
3631 0
3065 0
5016 0
1766 0
607 0
5918 0
2960 0
7297 0
7949 0
4215 0
6284 0
8507 0
2427 0
6630 0
2783 0
7491 0
8828 0
3960 0
107 0
3033 0
5904 0
1623 0
2651 0
4324 0
5464 0
6735 0
7820 0
3084 0
4228 0
5684 0
2770 1
4701 0
795 0
6017 0
3392 0
4720 0
5857 0
2822 0
6614 0
915 0
297 0
6011 0
3870 1
1314 0
4150 1
31 0
1594 1
7379 0
2984 0
4238 0
3998 0
5384 0
6580 0
5432 0
7664 1
3691 0
6606 0
996 0
6873 0
8897 0
9366 1
5398 1
1786 0
979 0
63 0
4124 1
1950 0
9361 0
1121 0
1663 0
2677 0
4339 0
5485 0
6739 0
7829 0
3277 0
4337 0
5773 0
2751 1
929 0
3160 0
5018 0
5059 0
3394 0
5922 0
2966 0
7304 0
4992 0
6633 0
491 0
6296 0
8512 0
2431 0
9413 1
4434 0
8883 0
3989 0
108 0
3095 0
5928 0
7006 0
7847 0
3112 1
3424 0
4726 0
1719 1
2683 0
3023 0
4371 1
6932 0
5486 0
6748 0
3100 0
4359 0
5801 0
1683 0
2994 0
6025 0
1336 0
4179 1
1160 0
160 0
1615 0
264 1
7383 0
7583 0
8898 0
8003 0
6584 0
7666 0
6607 0
6911 0
999 0
2235 0
633 0
2735 0
3772 0
1540 1
995 0
1117 0
2620 0
9404 0
3163 0
5020 0
1815 0
5142 0
3552 1
3066 0
4394 0
1147 0
1730 0
165 0
2734 0
5514 0
6749 0
7876 0
3372 0
6634 0
5954 0
7320 0
2790 0
7513 0
8887 0
8532 0
2477 0
1380 0
144 0
4528 1
6060 0
799 0
7189 0
5964 0
7060 0
7862 0
5899 0
6576 0
3248 1
5027 0
943 0
318 0
1386 0
1685 0
3000 0
2505 0
4245 0
5392 0
4003 0
6673 0
2557 0
5449 0
423 0
1731 0
2766 0
3080 0
4397 0
5518 0
6757 0
7877 0
8059 0
1625 0
3457 0
783 1
9395 1
1010 0
7332 0
5401 1
8948 1
1006 0
2284 0
702 0
2036 0
3776 0
323 0
3235 0
5024 0
1816 0
1171 0
1008 1
669 0
5961 0
7410 0
2970 0
7962 0
4675 0
6309 0
8551 0
2986 0
4814 0
6637 0
2809 0
7555 0
8902 0
132 0
3152 0
2768 0
2920 1
3090 0
4464 0
5562 0
7881 0
3122 0
4574 0
4903 0
3700 1
5996 0
6075 0
813 0
3454 0
4766 0
5938 0
6586 0
3252 1
948 0
346 0
1435 0
4100 1
1173 0
7398 0
1693 0
3040 0
4293 0
5438 0
4038 0
6713 0
7674 0
5462 0
6646 0
1016 0
6941 0
8920 0
9409 1
5584 1
1044 0
4151 1
67 0
1962 0
1389 0
2218 0
1943 1
2816 0
3020 0
3097 0
4498 0
5596 0
6825 0
7913 0
2545 0
4714 0
3339 0
5033 0
1627 0
3865 0
5182 0
1824 0
5962 0
7428 0
3006 0
2186 0
6649 0
4292 0
6023 1
6341 0
8594 0
2498 0
9379 1
4578 0
8990 0
4000 0
7925 0
3206 0
7200 0
149 0
7065 0
7868 0
5941 0
3527 1
1131 0
6026 0
3455 0
3106 0
4563 0
5660 0
6834 0
7915 0
3144 0
4742 0
5032 0
4107 1
532 0
1692 0
3048 0
2572 0
6039 0
1442 0
4283 1
2 0
182 0
1711 0
1529 0
7457 0
7636 0
8991 0
8045 0
6715 0
7701 0
6651 0
6954 0
1068 0
2292 0
707 0
2796 0
3872 0
6102 1
1048 0
9334 1
105 0
1126 0
1550 1
3340 0
5038 0
5256 0
1872 0
8397 0
5971 0
7438 0
3025 0
2210 0
6693 0
2849 0
7564 0
9021 0
3076 0
8650 1
2500 0
14 0
4659 0
6099 0
843 0
6028 0
7072 0
7900 0
3538 1
951 0
347 0
1494 0
1705 0
2605 0
3049 0
4311 0
6458 0
5444 0
6746 0
4045 0
5472 0
446 0
1713 0
1551 1
7640 0
9004 0
8068 0
1548 1
6155 1
8987 1
1055 0
4140 1
6849 0
9236 0
5069 0
5657 0
4365 1
9 0
7234 0
2243 0
5290 0
2296 0
1074 0
3350 0
5044 0
2220 0
3882 0
1909 0
5979 0
3104 0
4126 1
7314 0
6363 0
8764 0
6701 0
7580 0
9024 0
157 0
7665 0
4411 0
6031 0
3111 0
6179 0
4162 1
1221 0
1589 1
2217 0
6878 0
7968 0
6046 0
5111 0
5717 0
4861 1
3496 0
4846 0
3890 1
961 0
359 0
1501 0
7486 0
1724 0
3055 0
4327 0
4080 0
5474 0
6752 0
5483 0
7702 0
6657 0
7044 0
1096 0
7670 0
9107 0
8073 0
1109 0
6263 1
4168 1
1062 0
1971 0
2834 0
3933 0
3431 0
5060 0
1949 0
5301 0
3281 0
6895 0
1281 0
1668 1
2222 0
8791 0
6059 0
5147 0
5802 1
213 0
7188 0
5984 0
3157 0
7450 0
6703 0
4343 0
6392 0
9115 0
7488 0
2504 0
18 0
4744 0
9078 0
178 0
7989 0
6047 0
7075 0
7942 0
4066 1
3515 0
4851 0
1723 0
3061 0
2608 0
2255 0
1715 0
4167 1
6904 0
7980 0
9387 1
3216 0
2860 0
1298 0
1927 1
8125 0
6086 0
4377 1
356 0
933 0
1739 0
1648 1
7690 0
9171 0
5479 0
6774 0
5506 0
7783 0
6726 0
7084 0
1097 0
2301 0
734 0
2795 0
3934 0
7273 1
806 1
1085 0
3555 0
5082 0
1988 0
5315 0
6006 0
3174 0
7455 0
7029 0
7371 0
115 0
2241 0
6920 0
7999 0
8804 0
2259 0
6465 0
1742 0
9419 0
7587 0
9109 0
9140 0
2518 0
28 0
4781 0
6195 0
899 0
6107 0
7094 0
7951 0
4101 1
7055 0
964 0
401 0
1505 0
8614 1
1736 0
3064 0
2611 0
4372 0
5510 0
4201 0
6779 0
5544 0
7507 0
461 0
1740 0
1653 1
7698 0
8126 0
9231 0
2868 0
8781 1
1153 0
9039 1
5153 0
6051 0
131 0
7372 0
8882 0
1031 0
1312 0
2260 0
4854 0
1750 0
2308 0
1104 0
2878 0
3938 0
3592 0
9233 0
753 0
6111 0
3188 0
4152 1
4383 0
6398 0
9162 0
6714 0
7597 0
9139 0
179 0
3233 0
6134 0
3265 0
1325 0
2151 1
140 0
5158 0
6122 0
4515 1
2264 0
4875 0
1831 0
900 0
3532 0
4887 0
7700 0
4135 1
968 0
414 0
1510 0
9016 1
7519 0
1747 0
1778 0
3085 0
2636 0
4374 1
5526 0
4223 0
6822 0
7879 0
5551 0
6737 0
1128 0
7117 0
9235 0
7710 0
8133 0
9274 0
2906 0
8814 0
8782 1
1158 0
4170 1
1628 0
3959 0
3628 0
5130 0
5339 0
2900 0
9398 1
2154 1
8028 0
8888 0
1546 1
1341 0
2333 0
5606 0
5031 0
3550 1
6125 0
7521 0
3217 0
8155 0
6736 0
6410 0
9229 0
2528 0
9386 1
4834 0
9258 0
228 0
8054 0
6210 0
7098 0
7993 0
4175 1
3591 0
4899 0
1804 0
2697 0
3087 0
2345 0
1764 0
9417 1
3269 0
2907 0
8065 0
8912 0
1549 1
1353 0
2403 1
8159 0
6094 0
4460 1
1018 0
1753 0
1669 1
7539 0
7731 0
150 1
8161 0
5553 0
5593 0
6862 0
7911 0
6745 0
7130 0
1133 0
2320 0
759 0
8928 1
1268 0
1557 1
1399 0
4906 0
3661 0
5140 0
5362 0
2010 0
4163 1
4436 0
6164 0
7535 0
3241 0
4898 0
1772 0
3363 0
6610 0
8069 0
8939 0
1579 1
1407 0
2359 0
2939 0
6743 0
7645 0
9272 0
9273 0
2530 1
39 0
4927 0
6207 0
902 0
7409 0
7119 0
6237 0
8023 0
4318 1
7340 0
1050 0
445 0
1537 0
3702 0
4918 0
1834 1
2699 0
3092 0
4389 0
4300 0
5587 0
6874 0
5611 0
85 0
7553 0
482 0
1813 0
1694 1
7749 0
924 0
8206 0
4670 0
992 0
8955 1
6277 0
143 0
1698 1
4864 1
98 0
1410 0
2362 0
1784 0
4473 1
3370 0
1149 0
2329 0
761 0
794 0
2223 0
3968 0
7160 0
3710 0
6187 0
3249 1
7963 0
6416 0
9275 0
6753 0
7662 0
9276 0
4037 0
236 0
6239 0
9264 1
156 0
5624 0
6106 0
4043 0
2071 0
7416 0
4533 1
8075 0
1794 1
3539 1
911 0
3622 0
4936 0
8046 0
6168 0
3970 0
4369 1
1053 0
467 0
1565 0
9018 1
7557 0
1847 0
1837 0
2712 0
3120 0
4400 0
4307 0
5621 0
6903 0
5635 0
7924 0
6792 0
7174 0
7750 0
1541 1
8208 0
0 0
9013 1
4350 1
1270 0
158 0
1983 0
826 0
1629 0
4053 0
3753 0
172 0
2962 0
6660 0
2418 1
5668 0
6108 0
4081 0
4538 1
6378 0
8077 0
3668 1
5381 0
6217 0
3300 0
7545 0
6755 0
7067 1
5470 0
6442 0
767 1
2536 0
77 0
4928 0
8034 0
9370 0
4121 0
245 0
8082 0
7424 0
6255 0
5219 0
7141 0
8067 0
6022 1
930 0
3653 0
4943 0
1879 0
3130 0
2740 0
2449 0
173 0
2510 1
7921 0
1795 1
2977 0
6710 0
1425 0
5191 0
5671 0
6158 0
4706 1
5063 1
6477 0
168 0
570 0
1854 0
1744 1
7569 0
7790 0
8275 0
5666 0
6906 0
5644 0
7930 0
6238 0
6795 0
1151 0
2380 0
859 0
7250 0
9014 1
1596 1
1283 0
176 1
6244 0
3763 0
5155 0
2014 0
5388 0
8688 0
4484 0
6218 0
685 0
2451 0
4968 0
3019 0
3017 0
6730 0
1892 1
5194 1
207 0
1467 0
1821 0
6760 0
7677 0
1584 1
901 0
2563 0
92 0
4932 0
6250 0
972 0
3500 0
7483 0
6288 0
5228 0
7148 0
8076 0
6222 0
6761 0
7112 1
1061 0
475 0
1646 0
4945 0
1902 0
3147 0
2823 0
4413 0
5674 0
4433 0
5652 0
7578 0
623 0
1919 0
1882 1
7807 0
8383 0
9224 0
37 0
5311 0
7495 0
200 0
5089 0
719 0
2473 0
6500 0
4403 0
3514 0
8213 0
802 0
2051 0
1163 0
2402 0
876 0
7255 0
2229 0
4075 0
3797 0
1477 0
2486 0
2511 1
732 0
6230 0
3309 0
7977 0
3158 0
6475 0
1470 0
6766 0
3082 0
7678 0
1702 0
4208 0
3589 0
258 0
6290 0
6175 0
7525 0
218 0
778 0
4254 0
6640 0
7345 0
5815 1
250 0
1633 0
102 0
990 0
3690 0
4956 0
6267 0
8088 0
6248 0
6762 0
7351 0
1070 0
5676 0
8335 0
9019 1
6024 1
285 0
7629 0
490 0
1665 0
1959 0
3149 0
2842 0
4425 0
5692 0
4614 0
6915 0
7947 0
5725 0
6821 0
7263 0
7814 0
8446 0
1593 1
59 0
8340 1
1284 0
9152 0
256 0
1686 0
2758 1
4355 1
1664 0
4099 0
3549 1
3024 0
6765 0
7420 0
1028 0
5341 0
4990 0
5685 0
6302 0
2319 0
3674 1
1091 0
5229 0
5408 0
781 0
6291 0
7549 0
3330 0
2356 0
5001 0
6855 0
4573 0
537 0
5494 0
1582 1
6483 0
2606 0
118 0
4939 0
5443 0
3031 0
7679 0
1791 1
4280 0
3625 0
291 0
7529 0
5232 0
4998 0
7162 0
8105 0
8435 1
6319 0
1027 0
3701 0
4966 0
2018 0
2870 0
3551 1
3629 0
8233 0
5395 1
1884 0
5013 0
3051 0
6802 0
1991 0
5507 0
5691 0
6318 0
8236 0
5814 1
6946 1
6647 0
289 0
688 0
1936 0
1946 1
7673 0
7834 0
8488 0
5698 0
5730 0
6926 0
8012 0
6857 0
7265 0
1220 0
2413 0
890 0
9243 1
1337 0
2067 0
269 0
1725 0
4138 1
2824 0
1666 1
3808 0
5243 0
5452 0
2089 0
8874 0
824 0
6841 0
5067 0
2506 0
2251 0
3692 0
8252 0
3079 0
5542 0
7448 0
2361 0
3081 0
1903 0
6856 0
7686 0
1928 1
1689 0
5555 0
1597 1
6538 0
2666 0
127 0
5000 0
6271 0
1076 0
3695 0
7543 0
5296 0
7181 0
8135 0
6252 0
8775 1
6854 0
7452 0
1129 0
513 0
4969 0
4996 0
2043 0
2871 0
3168 0
4512 1
4629 0
5699 0
5757 0
336 0
7735 0
779 0
6658 0
2120 1
7874 0
5549 0
7087 0
7129 0
5263 0
825 0
2513 0
6663 0
3719 0
8272 0
5995 0
861 0
8079 0
7570 0
7327 0
1229 0
2421 0
916 0
2283 0
4183 0
590 0
3811 0
4273 1
2514 0
829 0
6294 0
3334 0
8025 0
54 0
6552 0
1598 1
2365 0
4897 0
1987 0
6870 0
3107 0
7714 0
2727 1
4396 0
307 0
3795 0
6329 0
6344 0
8103 0
7238 0
5299 0
5716 0
7352 1
390 0
7092 0
832 0
8301 0
6337 0
153 0
1078 0
3819 0
5004 0
6278 0
8140 0
6275 0
8777 1
6882 0
1159 0
597 0
5706 0
9050 1
1704 0
448 0
7755 0
2090 0
2875 0
3190 0
4671 0
4655 0
5715 0
6969 0
5838 0
8019 0
6867 0
7336 0
7892 0
1674 1
8575 0
84 0
8168 0
9282 1
1391 0
290 0
4385 1
1710 0
4505 1
3161 0
1309 0
4549 1
2384 0
6347 0
8171 0
5735 0
7528 0
7565 0
7217 1
3820 0
5259 0
5500 0
2096 0
884 0
6361 0
3353 0
7588 0
2390 0
1990 0
6872 0
8358 1
5645 0
6597 0
1657 1
2704 0
184 0
5045 0
3176 0
7739 0
2759 1
315 0
8106 0
3800 0
7579 0
5314 0
5094 0
7201 0
8150 0
6335 0
1114 0
3851 0
5017 0
3807 0
3185 0
5129 1
2450 0
6365 0
8207 0
7550 0
5851 0
8247 0
7585 0
1176 0
608 0
5733 0
8333 0
6372 0
8388 1
456 0
923 0
6690 0
1944 0
2126 1
7772 0
7897 0
8648 0
5719 0
6976 0
5875 0
8064 0
6892 0
7382 0
1273 0
2430 0
939 0
9374 1
1789 0
2128 1
299 0
1408 0
5189 1
3843 0
5269 0
2108 0
5523 0
8893 0
887 0
4849 0
2548 0
3838 0
8368 0
3186 0
7563 0
1446 0
5397 1
2479 0
2503 1
4991 0
2008 0
3234 0
6885 0
7759 0
3364 1
5649 0
6623 0
1659 1
2739 0
3381 0
109 0
189 0
5108 0
6305 0
1130 0
3852 0
7590 0
6339 0
5330 0
5114 0
7222 0
6276 0
6898 0
7603 0
1189 0
8172 0
8934 1
705 0
5021 0
2104 0
3227 0
2943 0
4717 0
5768 0
4746 0
5939 0
7781 0
502 0
1954 0
8118 0
8976 0
7016 0
7627 0
303 0
927 0
3250 1
2569 0
6038 0
7604 0
870 0
169 0
1614 0
9385 1
9401 1
7392 0
1301 0
2441 0
953 0
2344 0
4184 0
3884 0
6408 0
3406 0
5532 0
3242 0
69 0
6642 0
1670 1
6891 0
7767 0
3529 1
328 0
882 0
1760 0
2579 0
8354 1
4465 0
7663 0
313 0
6093 0
7608 0
949 0
203 0
6320 0
1156 0
5126 0
3862 0
5022 0
6355 0
8183 0
7773 0
8983 1
1213 0
780 0
1754 0
9086 1
7812 0
2111 0
3286 0
2965 0
4727 0
5832 0
4810 0
6992 0
8080 0
5947 0
6897 0
7394 0
7898 0
8783 0
2119 1
211 0
9394 1
1423 0
4495 1
3253 0
7017 0
7625 0
8262 0
8978 0
1776 1
5809 1
8412 0
3878 0
6159 0
3921 0
4103 1
5292 0
5597 0
2141 0
6502 0
7644 0
3409 0
6943 0
8613 1
7844 0
6653 0
1696 1
2782 0
221 0
5145 0
2851 0
7778 0
3535 1
355 0
8326 1
6388 0
7225 0
8185 0
1185 0
3876 0
5029 0
3996 0
8437 1
8352 0
8999 1
955 0
1780 0
2661 0
3313 0
7276 0
8342 0
2174 0
3012 0
1218 0
789 0
1756 0
7851 0
1045 0
2155 1
7901 0
8799 0
5835 0
5988 0
7021 0
8122 0
6914 0
7423 0
1302 0
2464 0
2121 1
960 0
9400 1
1427 0
2123 1
3930 0
5322 0
5637 0
2209 0
7018 0
965 0
8356 0
9069 0
962 0
1802 0
2819 0
6699 0
2017 0
4034 0
6519 0
6951 0
7661 0
3413 0
7779 0
5731 0
1718 1
6656 0
2784 0
237 0
5173 0
6358 0
1193 0
7680 0
7239 0
6399 0
8344 0
6289 0
8988 1
7041 0
1251 0
809 0
86 0
5181 0
2182 0
3015 0
3323 0
4788 0
4852 0
5880 0
5993 0
8908 0
7856 0
7704 0
389 0
8461 0
9124 0
8112 1
463 0
1803 0
975 0
4511 1
2820 0
538 0
2165 1
227 0
7929 0
2177 1
2898 0
9408 1
7454 0
1351 0
2567 0
981 0
2378 0
4187 0
3935 0
7470 0
6531 0
3428 0
5638 0
8061 0
6687 0
6955 0
7805 0
3666 1
381 0
5783 0
8376 0
4527 1
7650 0
3322 0
8771 1
591 0
2821 0
4040 0
980 0
319 0
5178 0
6370 0
1257 0
3881 0
5186 0
8370 1
6301 0
9007 1
7676 0
1271 0
812 0
1758 0
9198 1
7894 0
2189 0
3062 0
3337 0
4806 0
4884 0
5882 0
7090 0
6008 0
8138 0
6938 0
725 0
7490 0
7944 0
2415 1
8849 0
248 0
40 0
4535 1
1432 0
7685 0
7043 0
5820 0
8508 0
4601 0
6330 0
8974 1
631 0
785 0
1805 0
2599 0
3962 0
5345 0
1762 0
4198 0
5672 0
2234 0
6557 0
3586 0
7697 0
7723 0
6728 0
2127 1
2785 0
322 0
5217 0
7833 0
3676 1
4275 0
395 0
8483 0
7771 0
6412 0
7278 0
8470 0
1296 0
4089 0
8998 1
3379 0
6389 0
9185 0
8975 0
677 0
1846 0
2831 0
7689 0
2196 0
3077 0
1278 0
847 0
1851 0
53 0
7895 0
1077 0
2410 1
7973 0
8901 0
5894 0
7095 0
6090 0
8167 0
6958 0
7502 0
1363 0
2602 0
986 0
2054 0
249 0
87 0
1472 0
2142 1
5246 0
3975 0
5356 0
2325 0
2055 0
8940 0
5707 0
1022 0
2913 0
6709 0
6396 0
4091 0
8997 1
686 0
1850 0
3407 0
7063 0
6603 0
7728 0
3603 0
8979 0
2030 0
6965 0
7835 0
5785 0
6732 0
2411 1
2787 0
339 0
5261 0
6382 0
1311 0
4092 0
6415 0
5387 0
7290 0
8515 0
9012 1
1279 0
848 0
5267 0
2226 0
3356 0
3115 0
4822 0
5919 0
4916 0
6097 0
7845 0
410 0
1025 0
7343 0
6782 0
9015 1
731 0
1852 0
4405 0
8443 0
541 0
976 0
1998 0
2113 0
2414 1
262 0
2508 1
93 0
15 0
8176 0
6971 0
989 1
1371 0
2604 0
1038 0
7506 0
2485 0
4214 0
4005 0
5776 0
1321 0
6798 0
8528 0
2521 0
6966 0
7850 0
8526 0
4616 0
5325 0
8458 0
7846 0
419 0
1026 0
9128 1
756 1
1907 0
408 0
9298 1
352 0
5276 0
6440 0
1330 0
3900 0
5327 0
8520 0
9087 1
1287 0
5869 0
862 0
9307 1
7904 0
1853 0
2372 0
2233 0
3377 0
3126 0
4881 0
5946 0
4930 0
7124 0
8180 0
6103 0
7011 0
7544 0
1707 0
2417 1
7991 0
8922 0
2717 1
2133 0
281 0
8542 0
1479 0
166 0
4911 1
5390 0
8343 0
2534 0
5122 0
4673 0
8554 0
8487 0
5365 0
2764 1
4109 1
2609 0
4019 0
1767 0
5358 0
4409 0
5790 0
2383 0
6619 0
7751 0
3644 0
3288 0
8943 1
5911 0
2736 1
6809 0
2832 0
400 0
5278 0
3433 0
7855 0
4104 1
4685 0
4406 0
412 0
6444 0
7301 0
8539 0
1332 0
8545 0
1039 0
7694 0
3465 0
5421 0
8429 1
2566 0
5223 0
8021 0
4628 0
2240 0
3913 0
5350 0
3132 0
1291 0
6109 0
867 0
1858 0
7922 0
1090 0
2749 1
4032 0
8024 0
8946 0
4894 0
5953 0
4940 0
7136 0
8235 0
6110 0
7036 0
1372 0
7598 0
2616 0
1083 0
2198 0
283 0
194 0
2542 1
1484 0
2144 1
8767 1
4057 0
5361 0
5827 0
2395 0
9047 0
1046 0
7733 0
8572 0
3493 0
7078 0
5423 0
8927 1
2583 0
5148 0
4264 1
1261 0
6627 0
7768 0
3657 0
2062 0
6995 0
7859 0
6823 0
2757 1
2835 0
415 0
5298 0
5352 0
6479 0
1402 0
3224 0
6445 0
5447 0
7303 0
8543 0
9134 1
8129 0
5030 0
1294 0
883 0
5370 0
2261 0
3181 0
3384 0
4915 0
4973 0
5990 0
6124 0
4422 0
7848 0
1051 0
6786 0
4447 0
8586 0
3495 0
7104 0
7754 0
4367 1
60 0
6824 0
8590 0
595 0
2000 0
2236 0
3673 1
287 0
8031 0
2745 1
222 0
187 0
8266 0
7061 0
7601 0
1387 0
2625 0
1099 0
2487 0
4426 0
8942 1
2917 0
1052 0
5852 0
3367 0
162 0
5935 0
6886 0
7000 0
8618 0
5663 0
7766 0
9052 0
7861 0
1067 0
3314 1
9268 1
773 0
977 0
4666 0
4688 0
4120 1
420 0
433 0
5312 0
6506 0
1426 0
3914 0
5477 0
8690 0
6394 0
9201 1
7471 0
1313 0
888 0
5885 0
9352 1
1912 0
7926 0
2297 0
3212 0
3389 0
4961 0
4978 0
5998 0
7144 0
6171 0
8303 0
7064 0
7623 0
3680 1
8041 0
2747 1
9158 0
2242 0
8622 0
293 0
1491 0
224 0
5070 1
9001 1
2588 0
9074 0
8630 0
5727 0
7865 0
1080 0
5062 1
147 0
983 0
2633 0
1782 0
4449 0
1102 0
4110 1
5371 0
2448 0
5866 0
5165 0
1113 0
1272 0
6641 0
3696 0
1468 0
1563 0
2598 0
7784 0
8967 1
5976 0
6905 0
2775 1
2850 0
478 0
5334 0
3526 0
7864 0
4122 1
4697 0
435 0
3901 0
6451 0
5454 0
5226 0
7330 0
8731 0
4607 0
7780 0
3611 0
7214 0
1333 0
9083 1
2607 0
8656 0
5826 0
7872 0
1454 0
2299 0
3988 0
5502 0
3214 0
3230 0
7233 0
7786 0
1316 0
5890 0
6769 1
6420 0
7957 0
896 0
1935 0
6826 0
3681 1
8051 0
9184 0
4979 0
4986 0
5999 0
7146 0
6176 0
8313 0
7076 0
7626 0
1390 0
2635 0
1188 0
2287 0
341 0
247 0
1499 0
2459 0
2146 1
9195 1
4243 0
5427 0
2490 0
5893 0
1307 0
2079 0
4042 0
7887 0
3630 0
7799 0
9244 1
2653 0
8740 0
5883 0
1362 0
6659 0
3774 0
1530 0
1600 0
2659 0
2094 0
7010 0
7819 0
3660 0
7882 0
6909 0
3546 1
2874 0
1994 0
479 0
5426 0
6534 0
1469 0
6454 0
5468 0
7348 0
8765 0
9257 1
7237 0
1343 0
941 0
4002 0
5521 0
2335 0
3432 0
3261 0
5014 0
6002 0
4993 0
6190 0
4700 0
6860 0
7932 0
454 0
1411 0
1168 0
2095 0
4665 0
3686 0
7871 0
9203 0
668 0
4125 1
7967 0
2349 0
376 0
8055 0
2762 1
9300 0
7611 0
8346 0
7086 0
7641 0
1419 0
2647 0
1217 0
2532 0
4461 0
9281 1
2946 0
5929 0
193 0
6066 0
6972 0
8877 0
4756 0
6083 0
5561 0
7937 0
483 0
1202 0
4947 0
6835 0
2110 0
3688 0
4812 0
7908 0
4127 1
437 0
1995 0
6668 0
495 0
5434 0
6542 0
1512 0
4013 0
5530 0
5469 0
7353 0
8794 0
6400 0
7500 0
9317 1
1366 0
5943 0
957 0
9411 1
7979 0
2012 0
2339 0
3494 0
3280 0
5023 0
6012 0
5015 0
7180 0
8353 1
6213 0
7107 0
4156 1
8089 0
9326 0
3254 1
403 0
8884 0
1509 0
9304 1
8372 0
4866 0
6156 0
6881 0
7960 0
517 0
1203 0
2116 0
4761 0
6929 0
2670 0
1222 0
2929 0
4483 0
4278 0
5445 0
5944 0
2520 0
5187 0
8001 0
1239 0
1428 0
6712 0
1539 0
7827 0
1681 0
2672 0
3761 0
542 0
6978 0
3663 1
2883 0
523 0
5437 0
3704 0
7920 0
4130 1
4876 0
3922 0
464 0
7984 1
5491 0
5297 0
7359 0
9032 0
6457 0
7948 0
3712 0
7245 0
9310 1
8886 0
4909 0
5566 0
7986 0
520 0
614 0
1521 0
4020 0
5535 0
2353 0
3312 0
7249 0
7961 0
1377 0
5945 0
6437 0
9207 0
8022 0
966 0
2028 0
6845 0
4180 1
5075 0
6036 0
5019 0
7224 0
8375 1
6216 0
7120 0
1493 0
7651 0
2696 0
1259 0
2377 0
416 0
284 0
1522 0
2147 1
6950 0
9333 1
4309 0
2117 0
3755 0
7966 0
4924 0
7990 0
8935 0
9371 1
544 0
1244 0
106 0
4869 0
1461 0
6723 0
1542 0
7909 0
1701 0
2131 0
2674 0
7047 0
3785 0
7934 0
4262 1
3775 0
6157 0
3678 1
7007 0
2910 0
525 0
5460 0
6549 0
1647 0
4938 0
470 0
7478 0
5304 0
7388 0
9045 0
6419 0
9320 1
7270 0
8050 0
2392 0
1382 0
971 0
4052 0
5548 0
2420 0
3358 0
3499 0
5079 0
5041 0
9312 0
122 0
8047 0
1094 0
2025 0
4263 1
8090 0
3854 1
9329 0
2385 0
489 0
8448 0
7668 0
1513 0
2705 0
