---------datetime: 2024-08-28 10:00:16.207583-----------
Budget list: [10, 20, 30, 40, 50, 60, 70, 80, 90, 100, 110, 120, 130, 140, 150, 160, 170, 180, 190, 200]
learning rate: 0.01, epoch: 300, weight decay: 0.0005, hidden: 16
50runs using seed.txt
Test_micro_f1 0.9099 0.8932 0.9285 0.9291 0.9384 0.9396 0.9443 0.9641 0.9612 0.9629 0.9646 0.9643 0.9641 0.9666 0.9642 0.9655 0.9657 0.9637 0.9626 0.9634
Test_micro_std 0.0112 0.0046 0.0213 0.0238 0.0212 0.0223 0.0176 0.0018 0.0012 0.0025 0.0013 0.0005 0.0001 0.0001 0.0017 0.0001 0.0001 0.0017 0.0002 0.0001
Test_macro_f1 0.7143 0.6579 0.7775 0.7770 0.8228 0.8223 0.8439 0.9125 0.9074 0.9118 0.9150 0.9146 0.9151 0.9200 0.9155 0.9183 0.9180 0.9142 0.9118 0.9133
Test_macro_std 0.0336 0.0920 0.0867 0.1003 0.0807 0.0872 0.0650 0.0031 0.0009 0.0055 0.0027 0.0011 0.0010 0.0012 0.0045 0.0005 0.0007 0.0042 0.0017 0.0013
Test_acc_f1 0.9099 0.8932 0.9285 0.9291 0.9384 0.9396 0.9443 0.9641 0.9612 0.9629 0.9646 0.9643 0.9641 0.9666 0.9642 0.9655 0.9657 0.9637 0.9626 0.9634
Test_acc_std 0.0112 0.0046 0.0213 0.0238 0.0212 0.0223 0.0176 0.0018 0.0012 0.0025 0.0013 0.0005 0.0001 0.0001 0.0017 0.0001 0.0001 0.0017 0.0002 0.0001
Test_f1_f1 0.4778 0.3745 0.5943 0.5927 0.6797 0.6780 0.7188 0.8454 0.8368 0.8447 0.8500 0.8495 0.8505 0.8589 0.8513 0.8561 0.8554 0.8490 0.8449 0.8475
Test_f1_std 0.0611 0.1829 0.1620 0.1881 0.1502 0.1625 0.1206 0.0051 0.0011 0.0094 0.0047 0.0020 0.0020 0.0023 0.0081 0.0012 0.0016 0.0076 0.0033 0.0026
Test_recall_f1 0.3541 0.3335 0.4865 0.4995 0.6238 0.6195 0.6627 0.8448 0.8552 0.8665 0.8621 0.8676 0.8779 0.8751 0.8805 0.8827 0.8730 0.8783 0.8779 0.8740
Test_recall_std 0.0427 0.2200 0.1827 0.2227 0.2227 0.2411 0.1935 0.0113 0.0195 0.0038 0.0005 0.0027 0.0151 0.0135 0.0146 0.0103 0.0146 0.0125 0.0162 0.0145
Test_precision_f1 1.0000 1.0000 1.0000 1.0000 1.0000 1.0000 1.0000 1.0000 1.0000 1.0000 1.0000 1.0000 1.0000 1.0000 1.0000 1.0000 1.0000 1.0000 1.0000 1.0000
Test_precision_std 0.0000 0.0000 0.0000 0.0000 0.0000 0.0000 0.0000 0.0000 0.0000 0.0000 0.0000 0.0000 0.0000 0.0000 0.0000 0.0000 0.0000 0.0000 0.0000 0.0000
Average AL_Time: 0.0903827240690589s
---------datetime: 2024-08-28 10:36:04.536985-----------
Budget list: [10, 20, 30, 40, 50, 60, 70, 80, 90, 100, 110, 120, 130, 140, 150, 160, 170, 180, 190, 200]
learning rate: 0.01, epoch: 300, weight decay: 0.0005, hidden: 16
50runs using seed.txt
Test_micro_f1 0.8864 0.9103 0.9306 0.9356 0.9397 0.9472 0.9446 0.9463 0.9483 0.9524 0.9559 0.9578 0.9577 0.9595 0.9605 0.9610 0.9617 0.9624 0.9628 0.9628
Test_micro_std 0.0025 0.0214 0.0092 0.0063 0.0011 0.0031 0.0007 0.0021 0.0023 0.0025 0.0041 0.0041 0.0052 0.0056 0.0077 0.0065 0.0071 0.0077 0.0082 0.0095
Test_macro_f1 0.6281 0.6645 0.7905 0.8196 0.8410 0.8674 0.8599 0.8651 0.8701 0.8799 0.8863 0.8894 0.8894 0.8940 0.8960 0.8972 0.8985 0.8999 0.9012 0.9019
Test_macro_std 0.1575 0.1940 0.0800 0.0545 0.0222 0.0092 0.0192 0.0199 0.0191 0.0171 0.0194 0.0183 0.0212 0.0216 0.0258 0.0229 0.0242 0.0256 0.0269 0.0302
Test_acc_f1 0.8864 0.9103 0.9306 0.9356 0.9397 0.9472 0.9446 0.9463 0.9483 0.9524 0.9559 0.9578 0.9577 0.9595 0.9605 0.9610 0.9617 0.9624 0.9628 0.9628
Test_acc_std 0.0025 0.0214 0.0092 0.0063 0.0011 0.0031 0.0007 0.0021 0.0023 0.0025 0.0041 0.0041 0.0052 0.0056 0.0077 0.0065 0.0071 0.0077 0.0082 0.0095
Test_f1_f1 0.3202 0.3784 0.6196 0.6751 0.7160 0.7646 0.7510 0.7605 0.7694 0.7866 0.7974 0.8024 0.8026 0.8106 0.8140 0.8160 0.8185 0.8208 0.8230 0.8245
Test_f1_std 0.3202 0.3784 0.1563 0.1066 0.0458 0.0207 0.0386 0.0391 0.0373 0.0332 0.0368 0.0345 0.0398 0.0401 0.0476 0.0422 0.0446 0.0469 0.0492 0.0553
Test_recall_f1 0.4656 0.4785 0.6215 0.6774 0.7129 0.7850 0.7752 0.7893 0.7968 0.8075 0.7968 0.7838 0.7893 0.7957 0.7946 0.7924 0.7935 0.7903 0.7935 0.8054
Test_recall_std 0.4656 0.4785 0.3161 0.2581 0.1710 0.1355 0.1494 0.1376 0.1323 0.1172 0.1064 0.0935 0.1010 0.0989 0.0957 0.0936 0.0947 0.0914 0.0947 0.1065
Test_precision_f1 0.0000 0.5000 1.0000 1.0000 1.0000 1.0000 1.0000 1.0000 1.0000 1.0000 1.0000 1.0000 1.0000 1.0000 1.0000 1.0000 1.0000 1.0000 1.0000 1.0000
Test_precision_std 0.0000 0.5000 0.0000 0.0000 0.0000 0.0000 0.0000 0.0000 0.0000 0.0000 0.0000 0.0000 0.0000 0.0000 0.0000 0.0000 0.0000 0.0000 0.0000 0.0000
Average AL_Time: 0.1568659394979477s
---------datetime: 2024-08-28 10:50:33.012286-----------
Budget list: [10, 20, 30, 40, 50, 60, 70, 80, 90, 100, 110, 120, 130, 140, 150, 160, 170, 180, 190, 200, 210, 220, 230, 240, 250, 260, 270, 280, 290, 300, 310, 320, 330, 340, 350, 360, 370, 380, 390, 400, 410, 420, 430, 440, 450, 460, 470, 480, 490, 500, 510, 520, 530, 540, 550, 560, 570, 580, 590, 600, 610, 620, 630, 640, 650, 660, 670, 680, 690, 700, 710, 720, 730, 740, 750, 760, 770, 780, 790, 800]
learning rate: 0.01, epoch: 300, weight decay: 0.0005, hidden: 16
50runs using seed.txt
Test_micro_f1 0.8864 0.9103 0.9306 0.9342 0.9429 0.9486 0.9473 0.9504 0.9508 0.9528 0.9547 0.9586 0.9567 0.9599 0.9617 0.9622 0.9624 0.9627 0.9621 0.9641 0.9653 0.9654 0.9706 0.9711 0.9712 0.9701 0.9714 0.9708 0.9711 0.9711 0.9708 0.9714 0.9711 0.9713 0.9713 0.9711 0.9713 0.9710 0.9712 0.9707 0.9710 0.9713 0.9708 0.9711 0.9708 0.9712 0.9704 0.9712 0.9708 0.9708 0.9702 0.9709 0.9715 0.9711 0.9712 0.9706 0.9715 0.9713 0.9708 0.9711 0.9714 0.9708 0.9714 0.9707 0.9710 0.9709 0.9708 0.9709 0.9711 0.9704 0.9709 0.9708 0.9710 0.9708 0.9712 0.9713 0.9720 0.9708 0.9708 0.9712
Test_micro_std 0.0025 0.0214 0.0092 0.0049 0.0022 0.0017 0.0015 0.0006 0.0014 0.0028 0.0041 0.0051 0.0053 0.0065 0.0084 0.0083 0.0080 0.0083 0.0080 0.0087 0.0071 0.0071 0.0019 0.0029 0.0027 0.0020 0.0023 0.0018 0.0024 0.0024 0.0016 0.0020 0.0022 0.0022 0.0024 0.0017 0.0022 0.0023 0.0023 0.0021 0.0025 0.0024 0.0021 0.0026 0.0018 0.0023 0.0024 0.0015 0.0017 0.0028 0.0016 0.0012 0.0020 0.0012 0.0018 0.0007 0.0018 0.0012 0.0013 0.0017 0.0010 0.0015 0.0010 0.0010 0.0018 0.0012 0.0010 0.0012 0.0012 0.0007 0.0009 0.0010 0.0011 0.0001 0.0011 0.0003 0.0004 0.0003 0.0005 0.0006
Test_macro_f1 0.6281 0.6645 0.7905 0.8151 0.8493 0.8701 0.8675 0.8757 0.8773 0.8822 0.8858 0.8936 0.8889 0.8963 0.9005 0.9015 0.9021 0.9028 0.9008 0.9057 0.9098 0.9103 0.9262 0.9272 0.9274 0.9244 0.9283 0.9265 0.9271 0.9274 0.9263 0.9280 0.9270 0.9280 0.9275 0.9272 0.9279 0.9266 0.9275 0.9259 0.9268 0.9280 0.9265 0.9271 0.9261 0.9275 0.9255 0.9274 0.9264 0.9271 0.9249 0.9266 0.9284 0.9274 0.9278 0.9264 0.9289 0.9284 0.9263 0.9272 0.9280 0.9267 0.9279 0.9259 0.9277 0.9269 0.9262 0.9266 0.9277 0.9250 0.9271 0.9264 0.9275 0.9264 0.9282 0.9284 0.9301 0.9270 0.9267 0.9279
Test_macro_std 0.1575 0.1940 0.0800 0.0501 0.0305 0.0119 0.0185 0.0123 0.0147 0.0165 0.0192 0.0211 0.0206 0.0233 0.0272 0.0267 0.0260 0.0267 0.0252 0.0277 0.0224 0.0225 0.0066 0.0086 0.0085 0.0060 0.0070 0.0059 0.0074 0.0072 0.0048 0.0059 0.0065 0.0066 0.0072 0.0054 0.0066 0.0069 0.0068 0.0065 0.0075 0.0072 0.0064 0.0077 0.0053 0.0067 0.0067 0.0050 0.0049 0.0074 0.0045 0.0036 0.0058 0.0040 0.0054 0.0020 0.0051 0.0035 0.0040 0.0051 0.0030 0.0046 0.0030 0.0032 0.0045 0.0034 0.0035 0.0039 0.0033 0.0023 0.0026 0.0035 0.0035 0.0001 0.0029 0.0003 0.0013 0.0007 0.0011 0.0015
Test_acc_f1 0.8864 0.9103 0.9306 0.9342 0.9429 0.9486 0.9473 0.9504 0.9508 0.9528 0.9547 0.9586 0.9567 0.9599 0.9617 0.9622 0.9624 0.9627 0.9621 0.9641 0.9653 0.9654 0.9706 0.9711 0.9712 0.9701 0.9714 0.9708 0.9711 0.9711 0.9708 0.9714 0.9711 0.9713 0.9713 0.9711 0.9713 0.9710 0.9712 0.9707 0.9710 0.9713 0.9708 0.9711 0.9708 0.9712 0.9704 0.9712 0.9708 0.9708 0.9702 0.9709 0.9715 0.9711 0.9712 0.9706 0.9715 0.9713 0.9708 0.9711 0.9714 0.9708 0.9714 0.9707 0.9710 0.9709 0.9708 0.9709 0.9711 0.9704 0.9709 0.9708 0.9710 0.9708 0.9712 0.9713 0.9720 0.9708 0.9708 0.9712
Test_acc_std 0.0025 0.0214 0.0092 0.0049 0.0022 0.0017 0.0015 0.0006 0.0014 0.0028 0.0041 0.0051 0.0053 0.0065 0.0084 0.0083 0.0080 0.0083 0.0080 0.0087 0.0071 0.0071 0.0019 0.0029 0.0027 0.0020 0.0023 0.0018 0.0024 0.0024 0.0016 0.0020 0.0022 0.0022 0.0024 0.0017 0.0022 0.0023 0.0023 0.0021 0.0025 0.0024 0.0021 0.0026 0.0018 0.0023 0.0024 0.0015 0.0017 0.0028 0.0016 0.0012 0.0020 0.0012 0.0018 0.0007 0.0018 0.0012 0.0013 0.0017 0.0010 0.0015 0.0010 0.0010 0.0018 0.0012 0.0010 0.0012 0.0012 0.0007 0.0009 0.0010 0.0011 0.0001 0.0011 0.0003 0.0004 0.0003 0.0005 0.0006
Test_f1_f1 0.3202 0.3784 0.6196 0.6669 0.7308 0.7691 0.7646 0.7792 0.7824 0.7912 0.7970 0.8105 0.8022 0.8153 0.8226 0.8241 0.8253 0.8266 0.8227 0.8315 0.8391 0.8398 0.8688 0.8708 0.8711 0.8657 0.8726 0.8695 0.8705 0.8710 0.8690 0.8721 0.8704 0.8721 0.8713 0.8707 0.8720 0.8696 0.8712 0.8682 0.8700 0.8720 0.8694 0.8706 0.8686 0.8711 0.8677 0.8712 0.8693 0.8707 0.8667 0.8696 0.8730 0.8711 0.8718 0.8695 0.8739 0.8728 0.8691 0.8708 0.8720 0.8700 0.8719 0.8682 0.8718 0.8703 0.8687 0.8696 0.8717 0.8667 0.8705 0.8693 0.8713 0.8692 0.8726 0.8730 0.8759 0.8704 0.8698 0.8719
Test_f1_std 0.3202 0.3784 0.1563 0.0984 0.0605 0.0253 0.0365 0.0253 0.0289 0.0317 0.0363 0.0396 0.0383 0.0433 0.0500 0.0489 0.0477 0.0490 0.0461 0.0507 0.0408 0.0413 0.0123 0.0158 0.0155 0.0111 0.0127 0.0108 0.0135 0.0132 0.0089 0.0106 0.0117 0.0122 0.0132 0.0098 0.0121 0.0125 0.0122 0.0117 0.0135 0.0130 0.0116 0.0141 0.0096 0.0121 0.0121 0.0091 0.0087 0.0133 0.0080 0.0066 0.0103 0.0072 0.0096 0.0035 0.0092 0.0065 0.0073 0.0092 0.0056 0.0084 0.0055 0.0058 0.0080 0.0061 0.0063 0.0071 0.0060 0.0042 0.0048 0.0066 0.0065 0.0002 0.0053 0.0005 0.0023 0.0013 0.0020 0.0026
Test_recall_f1 0.4656 0.4785 0.6215 0.6570 0.7398 0.7860 0.7903 0.8022 0.8107 0.8194 0.8161 0.8161 0.8054 0.8151 0.8182 0.8161 0.8172 0.8172 0.8043 0.8172 0.8291 0.8312 0.8785 0.8796 0.8785 0.8678 0.8828 0.8796 0.8774 0.8807 0.8753 0.8817 0.8753 0.8817 0.8753 0.8774 0.8806 0.8731 0.8785 0.8731 0.8763 0.8806 0.8742 0.8774 0.8720 0.8774 0.8753 0.8775 0.8731 0.8882 0.8742 0.8752 0.8839 0.8806 0.8817 0.8806 0.8914 0.8861 0.8753 0.8774 0.8796 0.8785 0.8785 0.8720 0.8882 0.8806 0.8720 0.8752 0.8839 0.8666 0.8785 0.8763 0.8850 0.8752 0.8882 0.8871 0.8914 0.8850 0.8763 0.8818
Test_recall_std 0.4656 0.4785 0.3161 0.2376 0.1978 0.1366 0.1365 0.1269 0.1139 0.1097 0.1086 0.1107 0.0957 0.1053 0.1022 0.1000 0.0989 0.0989 0.0860 0.1011 0.0850 0.0850 0.0376 0.0366 0.0376 0.0268 0.0312 0.0301 0.0323 0.0312 0.0215 0.0258 0.0258 0.0301 0.0301 0.0258 0.0290 0.0280 0.0269 0.0258 0.0290 0.0290 0.0247 0.0301 0.0204 0.0258 0.0215 0.0237 0.0172 0.0215 0.0118 0.0151 0.0193 0.0205 0.0215 0.0054 0.0183 0.0151 0.0172 0.0215 0.0150 0.0226 0.0140 0.0161 0.0086 0.0118 0.0161 0.0193 0.0107 0.0107 0.0118 0.0182 0.0182 0.0021 0.0086 0.0032 0.0075 0.0010 0.0010 0.0021
Test_precision_f1 0.0000 0.5000 1.0000 1.0000 1.0000 1.0000 1.0000 1.0000 1.0000 1.0000 1.0000 1.0000 1.0000 1.0000 1.0000 1.0000 1.0000 1.0000 1.0000 1.0000 1.0000 1.0000 1.0000 1.0000 1.0000 1.0000 1.0000 1.0000 1.0000 1.0000 1.0000 1.0000 1.0000 1.0000 1.0000 1.0000 1.0000 1.0000 1.0000 1.0000 1.0000 1.0000 1.0000 1.0000 1.0000 1.0000 1.0000 1.0000 1.0000 1.0000 1.0000 1.0000 1.0000 1.0000 1.0000 1.0000 1.0000 1.0000 1.0000 1.0000 1.0000 1.0000 1.0000 1.0000 1.0000 1.0000 1.0000 1.0000 1.0000 1.0000 1.0000 1.0000 1.0000 1.0000 1.0000 1.0000 1.0000 1.0000 1.0000 1.0000
Test_precision_std 0.0000 0.5000 0.0000 0.0000 0.0000 0.0000 0.0000 0.0000 0.0000 0.0000 0.0000 0.0000 0.0000 0.0000 0.0000 0.0000 0.0000 0.0000 0.0000 0.0000 0.0000 0.0000 0.0000 0.0000 0.0000 0.0000 0.0000 0.0000 0.0000 0.0000 0.0000 0.0000 0.0000 0.0000 0.0000 0.0000 0.0000 0.0000 0.0000 0.0000 0.0000 0.0000 0.0000 0.0000 0.0000 0.0000 0.0000 0.0000 0.0000 0.0000 0.0000 0.0000 0.0000 0.0000 0.0000 0.0000 0.0000 0.0000 0.0000 0.0000 0.0000 0.0000 0.0000 0.0000 0.0000 0.0000 0.0000 0.0000 0.0000 0.0000 0.0000 0.0000 0.0000 0.0000 0.0000 0.0000 0.0000 0.0000 0.0000 0.0000
Average AL_Time: 0.8681951984763145s
---------datetime: 2024-08-28 11:12:44.266168-----------
Budget list: [10, 20, 30, 40, 50, 60, 70, 80, 90, 100, 110, 120, 130, 140, 150, 160, 170, 180, 190, 200, 210, 220, 230, 240, 250, 260, 270, 280, 290, 300, 310, 320, 330, 340, 350, 360, 370, 380, 390, 400, 410, 420, 430, 440, 450, 460, 470, 480, 490, 500, 510, 520, 530, 540, 550, 560, 570, 580, 590, 600, 610, 620, 630, 640, 650, 660, 670, 680, 690, 700, 710, 720, 730, 740, 750, 760, 770, 780, 790, 800]
learning rate: 0.01, epoch: 300, weight decay: 0.0005, hidden: 16
50runs using seed.txt
Test_micro_f1 0.8858 0.8967 0.9149 0.9197 0.9209 0.9251 0.9257 0.9259 0.9261 0.9275 0.9265 0.9264 0.9291 0.9301 0.9339 0.9350 0.9350 0.9349 0.9373 0.9368 0.9370 0.9547 0.9550 0.9552 0.9551 0.9549 0.9550 0.9551 0.9552 0.9550 0.9550 0.9550 0.9550 0.9566 0.9561 0.9561 0.9562 0.9561 0.9553 0.9559 0.9608 0.9600 0.9601 0.9613 0.9554 0.9495 0.9502 0.9491 0.9496 0.9498 0.9523 0.9542 0.9496 0.9496 0.9504 0.9495 0.9493 0.9495 0.9490 0.9480 0.9658 0.9662 0.9666 0.9671 0.9684 0.9680 0.9688 0.9508 0.9520 0.9520 0.9501 0.9518 0.9510 0.9505 0.9491 0.9473 0.9486 0.9449 0.9487 0.9471
Test_micro_std 0.0031 0.0078 0.0107 0.0131 0.0144 0.0181 0.0191 0.0193 0.0195 0.0180 0.0229 0.0224 0.0215 0.0206 0.0167 0.0179 0.0176 0.0176 0.0168 0.0168 0.0168 0.0010 0.0011 0.0011 0.0010 0.0012 0.0011 0.0012 0.0008 0.0011 0.0011 0.0011 0.0011 0.0005 0.0000 0.0003 0.0001 0.0000 0.0007 0.0001 0.0048 0.0039 0.0040 0.0050 0.0110 0.0166 0.0156 0.0148 0.0167 0.0152 0.0134 0.0119 0.0162 0.0162 0.0157 0.0149 0.0167 0.0149 0.0156 0.0165 0.0010 0.0001 0.0002 0.0010 0.0030 0.0031 0.0028 0.0134 0.0138 0.0138 0.0136 0.0136 0.0146 0.0150 0.0160 0.0178 0.0161 0.0181 0.0161 0.0180
Test_macro_f1 0.5624 0.5579 0.6809 0.7254 0.7241 0.7391 0.7408 0.7407 0.7416 0.7578 0.7658 0.7570 0.7776 0.7849 0.7968 0.8017 0.8024 0.8020 0.8066 0.8057 0.8064 0.8766 0.8770 0.8778 0.8774 0.8767 0.8768 0.8775 0.8776 0.8771 0.8770 0.8770 0.8768 0.8821 0.8811 0.8813 0.8815 0.8811 0.8797 0.8808 0.8960 0.8947 0.8946 0.8974 0.8771 0.8550 0.8580 0.8558 0.8571 0.8573 0.8675 0.8730 0.8568 0.8568 0.8583 0.8564 0.8563 0.8565 0.8560 0.8452 0.9126 0.9134 0.9143 0.9162 0.9196 0.9190 0.9209 0.8623 0.8664 0.8663 0.8612 0.8658 0.8627 0.8601 0.8561 0.8473 0.8550 0.8372 0.8546 0.8460
Test_macro_std 0.0917 0.0873 0.0518 0.0780 0.0767 0.0914 0.0934 0.0933 0.0942 0.0780 0.0870 0.0951 0.0820 0.0747 0.0628 0.0670 0.0674 0.0676 0.0672 0.0672 0.0666 0.0039 0.0038 0.0035 0.0031 0.0037 0.0036 0.0040 0.0029 0.0033 0.0035 0.0035 0.0036 0.0017 0.0007 0.0002 0.0004 0.0007 0.0021 0.0004 0.0155 0.0142 0.0142 0.0161 0.0362 0.0580 0.0544 0.0526 0.0564 0.0537 0.0439 0.0400 0.0556 0.0556 0.0547 0.0529 0.0567 0.0529 0.0548 0.0641 0.0023 0.0004 0.0006 0.0031 0.0086 0.0087 0.0079 0.0468 0.0460 0.0459 0.0470 0.0454 0.0490 0.0510 0.0545 0.0636 0.0548 0.0662 0.0549 0.0649
Test_acc_f1 0.8858 0.8967 0.9149 0.9197 0.9209 0.9251 0.9257 0.9259 0.9261 0.9275 0.9265 0.9264 0.9291 0.9301 0.9339 0.9350 0.9350 0.9349 0.9373 0.9368 0.9370 0.9547 0.9550 0.9552 0.9551 0.9549 0.9550 0.9551 0.9552 0.9550 0.9550 0.9550 0.9550 0.9566 0.9561 0.9561 0.9562 0.9561 0.9553 0.9559 0.9608 0.9600 0.9601 0.9613 0.9554 0.9495 0.9502 0.9491 0.9496 0.9498 0.9523 0.9542 0.9496 0.9496 0.9504 0.9495 0.9493 0.9495 0.9490 0.9480 0.9658 0.9662 0.9666 0.9671 0.9684 0.9680 0.9688 0.9508 0.9520 0.9520 0.9501 0.9518 0.9510 0.9505 0.9491 0.9473 0.9486 0.9449 0.9487 0.9471
Test_acc_std 0.0031 0.0078 0.0107 0.0131 0.0144 0.0181 0.0191 0.0193 0.0195 0.0180 0.0229 0.0224 0.0215 0.0206 0.0167 0.0179 0.0176 0.0176 0.0168 0.0168 0.0168 0.0010 0.0011 0.0011 0.0010 0.0012 0.0011 0.0012 0.0008 0.0011 0.0011 0.0011 0.0011 0.0005 0.0000 0.0003 0.0001 0.0000 0.0007 0.0001 0.0048 0.0039 0.0040 0.0050 0.0110 0.0166 0.0156 0.0148 0.0167 0.0152 0.0134 0.0119 0.0162 0.0162 0.0157 0.0149 0.0167 0.0149 0.0156 0.0165 0.0010 0.0001 0.0002 0.0010 0.0030 0.0031 0.0028 0.0134 0.0138 0.0138 0.0136 0.0136 0.0146 0.0150 0.0160 0.0178 0.0161 0.0181 0.0161 0.0180
Test_f1_f1 0.1865 0.1711 0.4077 0.4945 0.4911 0.5191 0.5220 0.5217 0.5233 0.5552 0.5718 0.5542 0.5941 0.6082 0.6300 0.6391 0.6407 0.6398 0.6476 0.6462 0.6472 0.7784 0.7791 0.7806 0.7798 0.7787 0.7788 0.7801 0.7800 0.7793 0.7791 0.7791 0.7788 0.7886 0.7868 0.7871 0.7873 0.7868 0.7843 0.7863 0.8138 0.8118 0.8116 0.8165 0.7792 0.7379 0.7436 0.7397 0.7421 0.7423 0.7614 0.7716 0.7416 0.7416 0.7441 0.7409 0.7408 0.7410 0.7403 0.7191 0.8444 0.8458 0.8473 0.8508 0.8569 0.8560 0.8593 0.7521 0.7595 0.7593 0.7501 0.7585 0.7526 0.7479 0.7406 0.7237 0.7385 0.7048 0.7376 0.7213
Test_f1_std 0.1865 0.1711 0.0979 0.1494 0.1460 0.1734 0.1768 0.1766 0.1782 0.1464 0.1619 0.1784 0.1525 0.1384 0.1167 0.1244 0.1253 0.1258 0.1254 0.1255 0.1243 0.0072 0.0070 0.0065 0.0057 0.0068 0.0067 0.0074 0.0055 0.0061 0.0064 0.0064 0.0067 0.0031 0.0013 0.0005 0.0008 0.0013 0.0037 0.0008 0.0283 0.0263 0.0261 0.0294 0.0665 0.1071 0.1004 0.0973 0.1038 0.0991 0.0806 0.0733 0.1025 0.1025 0.1009 0.0977 0.1042 0.0978 0.1012 0.1195 0.0040 0.0008 0.0011 0.0058 0.0157 0.0156 0.0143 0.0863 0.0845 0.0843 0.0868 0.0834 0.0902 0.0940 0.1004 0.1176 0.1010 0.1228 0.1010 0.1200
Test_recall_f1 0.1570 0.1119 0.2677 0.3839 0.3667 0.3989 0.3989 0.3967 0.3989 0.4290 0.4646 0.4451 0.4925 0.5086 0.5247 0.5398 0.5463 0.5462 0.5473 0.5484 0.5473 0.7161 0.7150 0.7172 0.7161 0.7150 0.7140 0.7172 0.7150 0.7161 0.7150 0.7150 0.7140 0.7301 0.7301 0.7311 0.7301 0.7301 0.7312 0.7301 0.7752 0.7828 0.7785 0.7796 0.7258 0.6742 0.6818 0.6828 0.6828 0.6818 0.7065 0.7172 0.6818 0.6818 0.6818 0.6818 0.6818 0.6828 0.6882 0.6473 0.8345 0.8345 0.8355 0.8431 0.8548 0.8581 0.8581 0.6989 0.7054 0.7043 0.7010 0.7043 0.6957 0.6892 0.6828 0.6603 0.6828 0.6290 0.6764 0.6570
Test_recall_std 0.1570 0.1119 0.0742 0.1623 0.1452 0.1774 0.1774 0.1752 0.1774 0.1473 0.1635 0.1850 0.1635 0.1473 0.1312 0.1441 0.1505 0.1527 0.1559 0.1570 0.1538 0.0129 0.0118 0.0097 0.0086 0.0096 0.0107 0.0118 0.0096 0.0086 0.0096 0.0096 0.0107 0.0054 0.0054 0.0065 0.0054 0.0054 0.0043 0.0054 0.0505 0.0581 0.0538 0.0527 0.1043 0.1581 0.1506 0.1516 0.1495 0.1506 0.1194 0.1151 0.1506 0.1506 0.1506 0.1506 0.1506 0.1516 0.1570 0.1850 0.0021 0.0021 0.0011 0.0107 0.0291 0.0258 0.0258 0.1376 0.1269 0.1258 0.1376 0.1258 0.1344 0.1408 0.1473 0.1721 0.1495 0.1710 0.1452 0.1753
Test_precision_f1 0.0000 0.5000 1.0000 1.0000 1.0000 1.0000 1.0000 1.0000 1.0000 1.0000 1.0000 1.0000 1.0000 1.0000 1.0000 1.0000 1.0000 1.0000 1.0000 1.0000 1.0000 1.0000 1.0000 1.0000 1.0000 1.0000 1.0000 1.0000 1.0000 1.0000 1.0000 1.0000 1.0000 1.0000 1.0000 1.0000 1.0000 1.0000 1.0000 1.0000 1.0000 1.0000 1.0000 1.0000 1.0000 1.0000 1.0000 1.0000 1.0000 1.0000 1.0000 1.0000 1.0000 1.0000 1.0000 1.0000 1.0000 1.0000 1.0000 1.0000 1.0000 1.0000 1.0000 1.0000 1.0000 1.0000 1.0000 1.0000 1.0000 1.0000 1.0000 1.0000 1.0000 1.0000 1.0000 1.0000 1.0000 1.0000 1.0000 1.0000
Test_precision_std 0.0000 0.5000 0.0000 0.0000 0.0000 0.0000 0.0000 0.0000 0.0000 0.0000 0.0000 0.0000 0.0000 0.0000 0.0000 0.0000 0.0000 0.0000 0.0000 0.0000 0.0000 0.0000 0.0000 0.0000 0.0000 0.0000 0.0000 0.0000 0.0000 0.0000 0.0000 0.0000 0.0000 0.0000 0.0000 0.0000 0.0000 0.0000 0.0000 0.0000 0.0000 0.0000 0.0000 0.0000 0.0000 0.0000 0.0000 0.0000 0.0000 0.0000 0.0000 0.0000 0.0000 0.0000 0.0000 0.0000 0.0000 0.0000 0.0000 0.0000 0.0000 0.0000 0.0000 0.0000 0.0000 0.0000 0.0000 0.0000 0.0000 0.0000 0.0000 0.0000 0.0000 0.0000 0.0000 0.0000 0.0000 0.0000 0.0000 0.0000
Average AL_Time: 0.8035152945667505s
---------datetime: 2024-08-28 11:26:09.179200-----------
Budget list: [10, 20, 30, 40, 50, 60, 70, 80, 90, 100, 110, 120, 130, 140, 150, 160, 170, 180, 190, 200, 210, 220, 230, 240, 250, 260, 270, 280, 290, 300, 310, 320, 330, 340, 350, 360, 370, 380, 390, 400, 410, 420, 430, 440, 450, 460, 470, 480, 490, 500, 510, 520, 530, 540, 550, 560, 570, 580, 590, 600, 610, 620, 630, 640, 650, 660, 670, 680, 690, 700, 710, 720, 730, 740, 750, 760, 770, 780, 790, 800]
learning rate: 0.01, epoch: 300, weight decay: 0.0005, hidden: 16
50runs using seed.txt
Test_micro_f1 0.9092 0.8915 0.9410 0.9382 0.9551 0.9602 0.9532 0.9524 0.9577 0.9608 0.9356 0.9516 0.9590 0.9595 0.9650 0.9665 0.9671 0.9684 0.9587 0.9687 0.9683 0.9630 0.9668 0.9524 0.9689 0.9567 0.9690 0.9677 0.9686 0.9665 0.9666 0.9698 0.9685 0.9688 0.9709 0.9715 0.9717 0.9654 0.9710 0.9698 0.9730 0.9739 0.9740 0.9721 0.9727 0.9717 0.9702 0.9727 0.9735 0.9742 0.9736 0.9731 0.9724 0.9759 0.9741 0.9642 0.9745 0.9728 0.9717 0.9746 0.9759 0.9742 0.9737 0.9746 0.9745 0.9738 0.9733 0.9736 0.9737 0.9752 0.9751 0.9715 0.9742 0.9736 0.9749 0.9703 0.9729 0.9738 0.9586 0.9754
Test_micro_std 0.0203 0.0076 0.0053 0.0136 0.0055 0.0009 0.0012 0.0127 0.0043 0.0024 0.0254 0.0123 0.0035 0.0037 0.0011 0.0010 0.0008 0.0010 0.0117 0.0007 0.0009 0.0017 0.0010 0.0155 0.0016 0.0133 0.0015 0.0017 0.0025 0.0015 0.0021 0.0011 0.0003 0.0013 0.0009 0.0001 0.0001 0.0070 0.0018 0.0018 0.0017 0.0010 0.0012 0.0035 0.0006 0.0018 0.0026 0.0009 0.0010 0.0014 0.0013 0.0010 0.0018 0.0005 0.0023 0.0122 0.0011 0.0010 0.0013 0.0001 0.0007 0.0002 0.0019 0.0010 0.0003 0.0010 0.0008 0.0013 0.0012 0.0012 0.0005 0.0018 0.0002 0.0001 0.0007 0.0033 0.0004 0.0018 0.0161 0.0012
Test_macro_f1 0.6617 0.7551 0.8503 0.8102 0.8737 0.8934 0.8817 0.8809 0.8857 0.8998 0.8498 0.8821 0.8918 0.8911 0.9099 0.9136 0.9153 0.9188 0.9010 0.9196 0.9187 0.9067 0.9150 0.8863 0.9205 0.8831 0.9195 0.9146 0.9198 0.9133 0.9140 0.9211 0.9175 0.9201 0.9264 0.9264 0.9278 0.9068 0.9242 0.9239 0.9312 0.9333 0.9341 0.9300 0.9301 0.9270 0.9254 0.9311 0.9333 0.9345 0.9326 0.9319 0.9296 0.9388 0.9343 0.9157 0.9346 0.9316 0.9294 0.9355 0.9380 0.9346 0.9322 0.9355 0.9349 0.9339 0.9325 0.9334 0.9336 0.9368 0.9368 0.9280 0.9348 0.9338 0.9372 0.9274 0.9318 0.9344 0.9025 0.9377
Test_macro_std 0.1910 0.0065 0.0090 0.0559 0.0217 0.0010 0.0016 0.0249 0.0203 0.0005 0.0555 0.0285 0.0158 0.0171 0.0049 0.0040 0.0020 0.0011 0.0212 0.0003 0.0042 0.0041 0.0001 0.0267 0.0048 0.0421 0.0069 0.0066 0.0076 0.0035 0.0054 0.0019 0.0027 0.0035 0.0016 0.0009 0.0002 0.0225 0.0059 0.0030 0.0046 0.0031 0.0033 0.0091 0.0011 0.0056 0.0050 0.0025 0.0029 0.0042 0.0032 0.0023 0.0059 0.0014 0.0054 0.0245 0.0029 0.0010 0.0027 0.0003 0.0022 0.0004 0.0052 0.0024 0.0005 0.0023 0.0019 0.0020 0.0024 0.0032 0.0007 0.0053 0.0010 0.0000 0.0024 0.0060 0.0002 0.0043 0.0330 0.0033
Test_acc_f1 0.9092 0.8915 0.9410 0.9382 0.9551 0.9602 0.9532 0.9524 0.9577 0.9608 0.9356 0.9516 0.9590 0.9595 0.9650 0.9665 0.9671 0.9684 0.9587 0.9687 0.9683 0.9630 0.9668 0.9524 0.9689 0.9567 0.9690 0.9677 0.9686 0.9665 0.9666 0.9698 0.9685 0.9688 0.9709 0.9715 0.9717 0.9654 0.9710 0.9698 0.9730 0.9739 0.9740 0.9721 0.9727 0.9717 0.9702 0.9727 0.9735 0.9742 0.9736 0.9731 0.9724 0.9759 0.9741 0.9642 0.9745 0.9728 0.9717 0.9746 0.9759 0.9742 0.9737 0.9746 0.9745 0.9738 0.9733 0.9736 0.9737 0.9752 0.9751 0.9715 0.9742 0.9736 0.9749 0.9703 0.9729 0.9738 0.9586 0.9754
Test_acc_std 0.0203 0.0076 0.0053 0.0136 0.0055 0.0009 0.0012 0.0127 0.0043 0.0024 0.0254 0.0123 0.0035 0.0037 0.0011 0.0010 0.0008 0.0010 0.0117 0.0007 0.0009 0.0017 0.0010 0.0155 0.0016 0.0133 0.0015 0.0017 0.0025 0.0015 0.0021 0.0011 0.0003 0.0013 0.0009 0.0001 0.0001 0.0070 0.0018 0.0018 0.0017 0.0010 0.0012 0.0035 0.0006 0.0018 0.0026 0.0009 0.0010 0.0014 0.0013 0.0010 0.0018 0.0005 0.0023 0.0122 0.0011 0.0010 0.0013 0.0001 0.0007 0.0002 0.0019 0.0010 0.0003 0.0010 0.0008 0.0013 0.0012 0.0012 0.0005 0.0018 0.0002 0.0001 0.0007 0.0033 0.0004 0.0018 0.0161 0.0012
Test_f1_f1 0.3731 0.5726 0.7338 0.6544 0.7723 0.8092 0.7897 0.7886 0.7951 0.8215 0.7363 0.7914 0.8064 0.8048 0.8394 0.8460 0.8490 0.8555 0.8254 0.8567 0.8553 0.8342 0.8485 0.7997 0.8584 0.7903 0.8563 0.8473 0.8572 0.8454 0.8467 0.8591 0.8527 0.8576 0.8690 0.8689 0.8714 0.8331 0.8647 0.8648 0.8777 0.8812 0.8828 0.8758 0.8757 0.8700 0.8675 0.8776 0.8815 0.8836 0.8801 0.8789 0.8749 0.8913 0.8832 0.8516 0.8835 0.8786 0.8747 0.8853 0.8893 0.8838 0.8791 0.8853 0.8843 0.8823 0.8799 0.8816 0.8819 0.8876 0.8877 0.8720 0.8841 0.8825 0.8886 0.8718 0.8790 0.8835 0.8287 0.8892
Test_f1_std 0.3731 0.0183 0.0149 0.1045 0.0404 0.0015 0.0025 0.0424 0.0384 0.0027 0.0965 0.0502 0.0300 0.0324 0.0093 0.0074 0.0034 0.0014 0.0356 0.0001 0.0079 0.0073 0.0005 0.0441 0.0086 0.0769 0.0130 0.0124 0.0139 0.0060 0.0095 0.0032 0.0054 0.0061 0.0027 0.0016 0.0003 0.0411 0.0108 0.0050 0.0084 0.0058 0.0059 0.0161 0.0018 0.0103 0.0083 0.0045 0.0053 0.0077 0.0056 0.0040 0.0108 0.0024 0.0095 0.0418 0.0050 0.0015 0.0047 0.0005 0.0039 0.0005 0.0093 0.0043 0.0010 0.0039 0.0032 0.0032 0.0041 0.0056 0.0012 0.0096 0.0019 0.0000 0.0043 0.0101 0.0007 0.0076 0.0567 0.0059
Test_recall_f1 0.4667 0.6602 0.7301 0.5495 0.6946 0.7612 0.7914 0.7860 0.7537 0.8129 0.7957 0.8226 0.7785 0.7634 0.8247 0.8312 0.8312 0.8431 0.8613 0.8419 0.8462 0.8387 0.8377 0.8312 0.8484 0.7559 0.8334 0.8075 0.8506 0.8258 0.8312 0.8291 0.8226 0.8452 0.8667 0.8516 0.8635 0.7893 0.8366 0.8689 0.8720 0.8699 0.8828 0.8871 0.8667 0.8538 0.8785 0.8828 0.8882 0.8817 0.8720 0.8775 0.8699 0.8903 0.8817 0.9064 0.8731 0.8871 0.8892 0.8839 0.8731 0.8828 0.8602 0.8839 0.8796 0.8828 0.8785 0.8839 0.8828 0.8828 0.8839 0.8763 0.8860 0.8925 0.9011 0.9075 0.8860 0.8925 0.8796 0.8893
Test_recall_std 0.4667 0.0946 0.0097 0.1344 0.0753 0.0108 0.0086 0.0140 0.1022 0.0645 0.0774 0.0398 0.0839 0.0882 0.0312 0.0204 0.0011 0.0194 0.0355 0.0182 0.0290 0.0064 0.0269 0.0462 0.0140 0.1215 0.0463 0.0355 0.0291 0.0000 0.0075 0.0076 0.0291 0.0065 0.0043 0.0086 0.0010 0.0775 0.0258 0.0151 0.0140 0.0161 0.0097 0.0183 0.0043 0.0237 0.0140 0.0097 0.0129 0.0172 0.0032 0.0022 0.0290 0.0043 0.0043 0.0140 0.0021 0.0183 0.0032 0.0000 0.0086 0.0032 0.0129 0.0000 0.0000 0.0032 0.0011 0.0172 0.0054 0.0075 0.0065 0.0205 0.0086 0.0043 0.0129 0.0172 0.0172 0.0043 0.0022 0.0096
Test_precision_f1 0.5000 0.5000 1.0000 1.0000 1.0000 1.0000 1.0000 1.0000 1.0000 1.0000 1.0000 1.0000 1.0000 1.0000 1.0000 1.0000 1.0000 1.0000 1.0000 1.0000 1.0000 1.0000 1.0000 1.0000 1.0000 1.0000 1.0000 1.0000 1.0000 1.0000 1.0000 1.0000 1.0000 1.0000 1.0000 1.0000 1.0000 1.0000 1.0000 1.0000 1.0000 1.0000 1.0000 1.0000 1.0000 1.0000 1.0000 1.0000 1.0000 1.0000 1.0000 1.0000 1.0000 1.0000 1.0000 1.0000 1.0000 1.0000 1.0000 1.0000 1.0000 1.0000 1.0000 1.0000 1.0000 1.0000 1.0000 1.0000 1.0000 1.0000 1.0000 1.0000 1.0000 1.0000 1.0000 1.0000 1.0000 1.0000 1.0000 1.0000
Test_precision_std 0.5000 0.5000 0.0000 0.0000 0.0000 0.0000 0.0000 0.0000 0.0000 0.0000 0.0000 0.0000 0.0000 0.0000 0.0000 0.0000 0.0000 0.0000 0.0000 0.0000 0.0000 0.0000 0.0000 0.0000 0.0000 0.0000 0.0000 0.0000 0.0000 0.0000 0.0000 0.0000 0.0000 0.0000 0.0000 0.0000 0.0000 0.0000 0.0000 0.0000 0.0000 0.0000 0.0000 0.0000 0.0000 0.0000 0.0000 0.0000 0.0000 0.0000 0.0000 0.0000 0.0000 0.0000 0.0000 0.0000 0.0000 0.0000 0.0000 0.0000 0.0000 0.0000 0.0000 0.0000 0.0000 0.0000 0.0000 0.0000 0.0000 0.0000 0.0000 0.0000 0.0000 0.0000 0.0000 0.0000 0.0000 0.0000 0.0000 0.0000
Average AL_Time: 0.5163205023854971s
---------datetime: 2024-08-28 11:32:54.840212-----------
Budget list: [10, 20, 30, 40, 50, 60, 70, 80, 90, 100, 110, 120, 130, 140, 150, 160, 170, 180, 190, 200, 210, 220, 230, 240, 250, 260, 270, 280, 290, 300, 310, 320, 330, 340, 350, 360, 370, 380, 390, 400, 410, 420, 430, 440, 450, 460, 470, 480, 490, 500, 510, 520, 530, 540, 550, 560, 570, 580, 590, 600, 610, 620, 630, 640, 650, 660, 670, 680, 690, 700, 710, 720, 730, 740, 750, 760, 770, 780, 790, 800]
learning rate: 0.01, epoch: 300, weight decay: 0.0005, hidden: 16
50runs using seed.txt
Test_micro_f1 0.8998 0.9012 0.9285 0.9372 0.9470 0.9511 0.9482 0.9506 0.9510 0.9519 0.9523 0.9524 0.9534 0.9524 0.9521 0.9527 0.9518 0.9525 0.9527 0.9529 0.9526 0.9527 0.9528 0.9527 0.9532 0.9530 0.9527 0.9550 0.9580 0.9583 0.9604 0.9606 0.9604 0.9607 0.9606 0.9606 0.9607 0.9618 0.9619 0.9623 0.9635 0.9643 0.9656 0.9688 0.9695 0.9691 0.9693 0.9701 0.9705 0.9708 0.9704 0.9708 0.9710 0.9711 0.9699 0.9708 0.9712 0.9714 0.9711 0.9712 0.9713 0.9708 0.9711 0.9708 0.9708 0.9706 0.9704 0.9716 0.9707 0.9711 0.9718 0.9704 0.9711 0.9711 0.9712 0.9712 0.9711 0.9713 0.9704 0.9712
Test_micro_std 0.0109 0.0123 0.0073 0.0067 0.0019 0.0029 0.0015 0.0002 0.0005 0.0004 0.0010 0.0001 0.0000 0.0010 0.0011 0.0007 0.0009 0.0002 0.0002 0.0003 0.0001 0.0007 0.0013 0.0012 0.0014 0.0010 0.0012 0.0032 0.0062 0.0065 0.0084 0.0091 0.0086 0.0087 0.0086 0.0086 0.0087 0.0079 0.0078 0.0074 0.0062 0.0056 0.0045 0.0009 0.0015 0.0010 0.0015 0.0023 0.0018 0.0021 0.0014 0.0018 0.0018 0.0007 0.0010 0.0008 0.0015 0.0015 0.0012 0.0013 0.0016 0.0013 0.0005 0.0005 0.0005 0.0007 0.0010 0.0002 0.0010 0.0005 0.0005 0.0007 0.0005 0.0000 0.0004 0.0001 0.0000 0.0000 0.0005 0.0001
Test_macro_f1 0.6067 0.6156 0.7638 0.8046 0.8461 0.8625 0.8570 0.8626 0.8637 0.8661 0.8667 0.8671 0.8687 0.8671 0.8665 0.8674 0.8658 0.8668 0.8676 0.8679 0.8672 0.8676 0.8678 0.8677 0.8688 0.8683 0.8677 0.8783 0.8864 0.8872 0.8920 0.8928 0.8922 0.8931 0.8928 0.8930 0.8933 0.8976 0.8976 0.8996 0.9036 0.9064 0.9104 0.9204 0.9224 0.9213 0.9217 0.9240 0.9254 0.9264 0.9248 0.9258 0.9267 0.9261 0.9234 0.9260 0.9271 0.9282 0.9269 0.9273 0.9277 0.9261 0.9274 0.9266 0.9267 0.9261 0.9254 0.9286 0.9261 0.9275 0.9296 0.9252 0.9270 0.9275 0.9277 0.9279 0.9273 0.9279 0.9252 0.9276
Test_macro_std 0.1361 0.1449 0.0538 0.0335 0.0043 0.0087 0.0001 0.0031 0.0038 0.0030 0.0042 0.0025 0.0030 0.0046 0.0046 0.0040 0.0039 0.0029 0.0027 0.0027 0.0026 0.0035 0.0049 0.0047 0.0050 0.0046 0.0050 0.0145 0.0232 0.0234 0.0280 0.0299 0.0284 0.0289 0.0285 0.0283 0.0284 0.0249 0.0249 0.0229 0.0189 0.0168 0.0135 0.0022 0.0043 0.0026 0.0042 0.0065 0.0051 0.0062 0.0040 0.0050 0.0052 0.0027 0.0027 0.0025 0.0046 0.0047 0.0035 0.0039 0.0050 0.0040 0.0017 0.0015 0.0017 0.0024 0.0031 0.0005 0.0030 0.0015 0.0012 0.0025 0.0015 0.0001 0.0013 0.0002 0.0003 0.0002 0.0018 0.0000
Test_acc_f1 0.8998 0.9012 0.9285 0.9372 0.9470 0.9511 0.9482 0.9506 0.9510 0.9519 0.9523 0.9524 0.9534 0.9524 0.9521 0.9527 0.9518 0.9525 0.9527 0.9529 0.9526 0.9527 0.9528 0.9527 0.9532 0.9530 0.9527 0.9550 0.9580 0.9583 0.9604 0.9606 0.9604 0.9607 0.9606 0.9606 0.9607 0.9618 0.9619 0.9623 0.9635 0.9643 0.9656 0.9688 0.9695 0.9691 0.9693 0.9701 0.9705 0.9708 0.9704 0.9708 0.9710 0.9711 0.9699 0.9708 0.9712 0.9714 0.9711 0.9712 0.9713 0.9708 0.9711 0.9708 0.9708 0.9706 0.9704 0.9716 0.9707 0.9711 0.9718 0.9704 0.9711 0.9711 0.9712 0.9712 0.9711 0.9713 0.9704 0.9712
Test_acc_std 0.0109 0.0123 0.0073 0.0067 0.0019 0.0029 0.0015 0.0002 0.0005 0.0004 0.0010 0.0001 0.0000 0.0010 0.0011 0.0007 0.0009 0.0002 0.0002 0.0003 0.0001 0.0007 0.0013 0.0012 0.0014 0.0010 0.0012 0.0032 0.0062 0.0065 0.0084 0.0091 0.0086 0.0087 0.0086 0.0086 0.0087 0.0079 0.0078 0.0074 0.0062 0.0056 0.0045 0.0009 0.0015 0.0010 0.0015 0.0023 0.0018 0.0021 0.0014 0.0018 0.0018 0.0007 0.0010 0.0008 0.0015 0.0015 0.0012 0.0013 0.0016 0.0013 0.0005 0.0005 0.0005 0.0007 0.0010 0.0002 0.0010 0.0005 0.0005 0.0007 0.0005 0.0000 0.0004 0.0001 0.0000 0.0000 0.0005 0.0001
Test_f1_f1 0.2674 0.2845 0.5666 0.6437 0.7215 0.7522 0.7429 0.7526 0.7547 0.7590 0.7598 0.7605 0.7632 0.7605 0.7596 0.7611 0.7581 0.7598 0.7613 0.7620 0.7606 0.7613 0.7618 0.7616 0.7635 0.7627 0.7616 0.7817 0.7963 0.7977 0.8061 0.8075 0.8065 0.8082 0.8075 0.8078 0.8086 0.8166 0.8165 0.8202 0.8276 0.8328 0.8402 0.8583 0.8619 0.8599 0.8607 0.8649 0.8674 0.8691 0.8663 0.8681 0.8697 0.8682 0.8638 0.8683 0.8705 0.8722 0.8701 0.8707 0.8716 0.8686 0.8710 0.8697 0.8698 0.8685 0.8676 0.8732 0.8687 0.8712 0.8750 0.8672 0.8704 0.8714 0.8716 0.8720 0.8708 0.8719 0.8671 0.8713
Test_f1_std 0.2674 0.2845 0.1041 0.0636 0.0076 0.0159 0.0011 0.0063 0.0074 0.0057 0.0080 0.0050 0.0060 0.0087 0.0087 0.0077 0.0072 0.0055 0.0055 0.0052 0.0054 0.0067 0.0091 0.0089 0.0092 0.0087 0.0095 0.0275 0.0432 0.0434 0.0514 0.0549 0.0522 0.0530 0.0524 0.0520 0.0523 0.0455 0.0456 0.0418 0.0345 0.0305 0.0244 0.0041 0.0079 0.0047 0.0076 0.0118 0.0093 0.0113 0.0074 0.0091 0.0095 0.0051 0.0048 0.0046 0.0085 0.0086 0.0065 0.0071 0.0091 0.0071 0.0031 0.0026 0.0031 0.0044 0.0058 0.0010 0.0054 0.0029 0.0021 0.0045 0.0028 0.0003 0.0025 0.0003 0.0005 0.0004 0.0035 0.0001
Test_recall_f1 0.2312 0.2570 0.4473 0.5215 0.6183 0.6677 0.6742 0.6774 0.6785 0.6828 0.6806 0.6817 0.6764 0.6817 0.6817 0.6785 0.6795 0.6774 0.6796 0.6785 0.6785 0.6795 0.6795 0.6806 0.6806 0.6796 0.6806 0.7322 0.7527 0.7549 0.7559 0.7602 0.7581 0.7602 0.7591 0.7602 0.7613 0.7763 0.7742 0.7839 0.7957 0.8054 0.8172 0.8505 0.8559 0.8517 0.8538 0.8645 0.8688 0.8720 0.8645 0.8678 0.8731 0.8581 0.8592 0.8656 0.8720 0.8785 0.8720 0.8731 0.8763 0.8710 0.8785 0.8753 0.8763 0.8742 0.8742 0.8817 0.8753 0.8806 0.8881 0.8710 0.8742 0.8818 0.8796 0.8828 0.8774 0.8785 0.8699 0.8774
Test_recall_std 0.2312 0.2570 0.1419 0.0892 0.0011 0.0161 0.0226 0.0193 0.0204 0.0161 0.0161 0.0172 0.0225 0.0172 0.0172 0.0183 0.0151 0.0172 0.0172 0.0161 0.0183 0.0151 0.0151 0.0161 0.0140 0.0172 0.0182 0.0655 0.0903 0.0882 0.0914 0.0957 0.0914 0.0936 0.0925 0.0914 0.0903 0.0775 0.0796 0.0699 0.0581 0.0505 0.0409 0.0054 0.0129 0.0065 0.0108 0.0215 0.0172 0.0225 0.0129 0.0161 0.0193 0.0172 0.0076 0.0140 0.0182 0.0204 0.0140 0.0151 0.0205 0.0151 0.0097 0.0065 0.0096 0.0118 0.0161 0.0000 0.0129 0.0076 0.0021 0.0129 0.0075 0.0021 0.0086 0.0011 0.0043 0.0032 0.0118 0.0043
Test_precision_f1 0.5000 0.5000 1.0000 1.0000 1.0000 1.0000 1.0000 1.0000 1.0000 1.0000 1.0000 1.0000 1.0000 1.0000 1.0000 1.0000 1.0000 1.0000 1.0000 1.0000 1.0000 1.0000 1.0000 1.0000 1.0000 1.0000 1.0000 1.0000 1.0000 1.0000 1.0000 1.0000 1.0000 1.0000 1.0000 1.0000 1.0000 1.0000 1.0000 1.0000 1.0000 1.0000 1.0000 1.0000 1.0000 1.0000 1.0000 1.0000 1.0000 1.0000 1.0000 1.0000 1.0000 1.0000 1.0000 1.0000 1.0000 1.0000 1.0000 1.0000 1.0000 1.0000 1.0000 1.0000 1.0000 1.0000 1.0000 1.0000 1.0000 1.0000 1.0000 1.0000 1.0000 1.0000 1.0000 1.0000 1.0000 1.0000 1.0000 1.0000
Test_precision_std 0.5000 0.5000 0.0000 0.0000 0.0000 0.0000 0.0000 0.0000 0.0000 0.0000 0.0000 0.0000 0.0000 0.0000 0.0000 0.0000 0.0000 0.0000 0.0000 0.0000 0.0000 0.0000 0.0000 0.0000 0.0000 0.0000 0.0000 0.0000 0.0000 0.0000 0.0000 0.0000 0.0000 0.0000 0.0000 0.0000 0.0000 0.0000 0.0000 0.0000 0.0000 0.0000 0.0000 0.0000 0.0000 0.0000 0.0000 0.0000 0.0000 0.0000 0.0000 0.0000 0.0000 0.0000 0.0000 0.0000 0.0000 0.0000 0.0000 0.0000 0.0000 0.0000 0.0000 0.0000 0.0000 0.0000 0.0000 0.0000 0.0000 0.0000 0.0000 0.0000 0.0000 0.0000 0.0000 0.0000 0.0000 0.0000 0.0000 0.0000
Average AL_Time: 0.2770518232136965s
---------datetime: 2024-08-28 11:59:22.566752-----------
Budget list: [10, 20, 30, 40, 50, 60, 70, 80, 90, 100, 110, 120, 130, 140, 150, 160, 170, 180, 190, 200, 210, 220, 230, 240, 250, 260, 270, 280, 290, 300, 310, 320, 330, 340, 350, 360, 370, 380, 390, 400, 410, 420, 430, 440, 450, 460, 470, 480, 490, 500, 510, 520, 530, 540, 550, 560, 570, 580, 590, 600, 610, 620, 630, 640, 650, 660, 670, 680, 690, 700, 710, 720, 730, 740, 750, 760, 770, 780, 790, 800]
learning rate: 0.01, epoch: 300, weight decay: 0.0005, hidden: 16
50runs using seed.txt
Test_micro_f1 0.7816 0.9088 0.9149 0.9342 0.9529 0.9527 0.9456 0.9575 0.9623 0.9375 0.9632 0.9646 0.9673 0.9673 0.9696 0.9688 0.9711 0.9694 0.9665 0.9688 0.9682 0.9720 0.9701 0.9711 0.9722 0.9691 0.9731 0.9679 0.9721 0.9699 0.9715 0.9717 0.9701 0.9730 0.9710 0.9722 0.9726 0.9621 0.9710 0.9704 0.9711 0.9719 0.9720 0.9722 0.9728 0.9743 0.9718 0.9732 0.9727 0.9730 0.9745 0.9748 0.9749 0.9747 0.9741 0.9757 0.9738 0.9748 0.9751 0.9765 0.9755 0.9763 0.9750 0.9738 0.9732 0.9735 0.9747 0.9750 0.9726 0.9752 0.9745 0.9746 0.9728 0.9689 0.9743 0.9742 0.9726 0.9731 0.9746 0.9743
Test_micro_std 0.0417 0.0199 0.0113 0.0109 0.0020 0.0048 0.0078 0.0019 0.0031 0.0281 0.0048 0.0001 0.0024 0.0012 0.0010 0.0002 0.0000 0.0012 0.0035 0.0006 0.0027 0.0015 0.0015 0.0012 0.0027 0.0006 0.0027 0.0030 0.0024 0.0007 0.0020 0.0025 0.0010 0.0026 0.0020 0.0030 0.0016 0.0071 0.0020 0.0007 0.0029 0.0037 0.0021 0.0027 0.0024 0.0022 0.0036 0.0012 0.0025 0.0034 0.0010 0.0018 0.0021 0.0021 0.0027 0.0010 0.0017 0.0020 0.0021 0.0004 0.0004 0.0004 0.0004 0.0009 0.0005 0.0012 0.0007 0.0017 0.0010 0.0012 0.0016 0.0009 0.0002 0.0050 0.0006 0.0019 0.0002 0.0004 0.0013 0.0009
Test_macro_f1 0.6353 0.7998 0.7979 0.8227 0.8851 0.8826 0.8657 0.8917 0.9042 0.8636 0.9088 0.9107 0.9177 0.9180 0.9231 0.9210 0.9264 0.9229 0.9163 0.9203 0.9210 0.9297 0.9256 0.9264 0.9303 0.9224 0.9326 0.9223 0.9295 0.9233 0.9283 0.9290 0.9252 0.9316 0.9265 0.9298 0.9310 0.9099 0.9270 0.9259 0.9277 0.9287 0.9285 0.9290 0.9311 0.9340 0.9277 0.9313 0.9303 0.9297 0.9348 0.9359 0.9354 0.9352 0.9341 0.9371 0.9318 0.9359 0.9367 0.9399 0.9366 0.9390 0.9354 0.9327 0.9305 0.9323 0.9353 0.9368 0.9297 0.9367 0.9329 0.9340 0.9291 0.9224 0.9337 0.9337 0.9301 0.9312 0.9355 0.9352
Test_macro_std 0.0594 0.0561 0.0098 0.0280 0.0104 0.0163 0.0111 0.0073 0.0069 0.0509 0.0099 0.0035 0.0047 0.0005 0.0037 0.0027 0.0012 0.0015 0.0059 0.0003 0.0067 0.0043 0.0050 0.0025 0.0074 0.0007 0.0073 0.0040 0.0060 0.0021 0.0059 0.0065 0.0030 0.0069 0.0050 0.0073 0.0048 0.0126 0.0055 0.0031 0.0063 0.0094 0.0059 0.0067 0.0064 0.0061 0.0097 0.0039 0.0067 0.0104 0.0035 0.0054 0.0061 0.0056 0.0068 0.0026 0.0046 0.0054 0.0060 0.0017 0.0015 0.0011 0.0001 0.0026 0.0020 0.0030 0.0020 0.0055 0.0023 0.0037 0.0055 0.0017 0.0006 0.0104 0.0025 0.0051 0.0013 0.0017 0.0035 0.0012
Test_acc_f1 0.7816 0.9088 0.9149 0.9342 0.9529 0.9527 0.9456 0.9575 0.9623 0.9375 0.9632 0.9646 0.9673 0.9673 0.9696 0.9688 0.9711 0.9694 0.9665 0.9688 0.9682 0.9720 0.9701 0.9711 0.9722 0.9691 0.9731 0.9679 0.9721 0.9699 0.9715 0.9717 0.9701 0.9730 0.9710 0.9722 0.9726 0.9621 0.9710 0.9704 0.9711 0.9719 0.9720 0.9722 0.9728 0.9743 0.9718 0.9732 0.9727 0.9730 0.9745 0.9748 0.9749 0.9747 0.9741 0.9757 0.9738 0.9748 0.9751 0.9765 0.9755 0.9763 0.9750 0.9738 0.9732 0.9735 0.9747 0.9750 0.9726 0.9752 0.9745 0.9746 0.9728 0.9689 0.9743 0.9742 0.9726 0.9731 0.9746 0.9743
Test_acc_std 0.0417 0.0199 0.0113 0.0109 0.0020 0.0048 0.0078 0.0019 0.0031 0.0281 0.0048 0.0001 0.0024 0.0012 0.0010 0.0002 0.0000 0.0012 0.0035 0.0006 0.0027 0.0015 0.0015 0.0012 0.0027 0.0006 0.0027 0.0030 0.0024 0.0007 0.0020 0.0025 0.0010 0.0026 0.0020 0.0030 0.0016 0.0071 0.0020 0.0007 0.0029 0.0037 0.0021 0.0027 0.0024 0.0022 0.0036 0.0012 0.0025 0.0034 0.0010 0.0018 0.0021 0.0021 0.0027 0.0010 0.0017 0.0020 0.0021 0.0004 0.0004 0.0004 0.0004 0.0009 0.0005 0.0012 0.0007 0.0017 0.0010 0.0012 0.0016 0.0009 0.0002 0.0050 0.0006 0.0019 0.0002 0.0004 0.0013 0.0009
Test_f1_f1 0.4043 0.6520 0.6446 0.6821 0.7970 0.7920 0.7621 0.8073 0.8295 0.7632 0.8385 0.8415 0.8538 0.8542 0.8635 0.8597 0.8692 0.8632 0.8515 0.8581 0.8601 0.8753 0.8681 0.8690 0.8763 0.8623 0.8802 0.8627 0.8749 0.8635 0.8727 0.8741 0.8673 0.8784 0.8695 0.8751 0.8776 0.8413 0.8704 0.8685 0.8717 0.8732 0.8727 0.8738 0.8775 0.8825 0.8711 0.8775 0.8760 0.8744 0.8841 0.8859 0.8848 0.8847 0.8828 0.8879 0.8783 0.8860 0.8874 0.8929 0.8871 0.8913 0.8847 0.8801 0.8759 0.8795 0.8847 0.8877 0.8749 0.8874 0.8801 0.8821 0.8735 0.8624 0.8818 0.8821 0.8757 0.8775 0.8852 0.8849
Test_f1_std 0.0922 0.1013 0.0275 0.0498 0.0200 0.0300 0.0175 0.0135 0.0120 0.0852 0.0171 0.0069 0.0080 0.0004 0.0069 0.0054 0.0025 0.0025 0.0097 0.0003 0.0120 0.0077 0.0091 0.0044 0.0133 0.0010 0.0131 0.0061 0.0107 0.0038 0.0106 0.0115 0.0055 0.0124 0.0089 0.0128 0.0087 0.0210 0.0099 0.0058 0.0110 0.0166 0.0106 0.0120 0.0114 0.0109 0.0174 0.0071 0.0120 0.0189 0.0064 0.0096 0.0111 0.0101 0.0121 0.0046 0.0084 0.0096 0.0110 0.0034 0.0029 0.0019 0.0006 0.0047 0.0037 0.0053 0.0036 0.0099 0.0041 0.0067 0.0100 0.0030 0.0015 0.0179 0.0047 0.0092 0.0025 0.0033 0.0062 0.0018
Test_recall_f1 0.6581 0.7957 0.7118 0.6344 0.8376 0.8172 0.7785 0.8033 0.8258 0.8624 0.8570 0.8495 0.8592 0.8635 0.8678 0.8646 0.8645 0.8678 0.8635 0.8484 0.8828 0.8871 0.8893 0.8623 0.8882 0.8720 0.8903 0.9064 0.8796 0.8570 0.8817 0.8850 0.8785 0.8785 0.8699 0.8774 0.8871 0.8957 0.8785 0.8818 0.8828 0.8699 0.8635 0.8667 0.8785 0.8731 0.8592 0.8635 0.8699 0.8505 0.8785 0.8817 0.8678 0.8742 0.8785 0.8689 0.8538 0.8817 0.8828 0.8839 0.8656 0.8774 0.8624 0.8645 0.8506 0.8710 0.8753 0.8893 0.8646 0.8817 0.8462 0.8570 0.8462 0.8720 0.8623 0.8688 0.8710 0.8667 0.8839 0.8925
Test_recall_std 0.1269 0.1828 0.1764 0.0409 0.0699 0.0667 0.0366 0.0333 0.0021 0.0043 0.0032 0.0408 0.0076 0.0290 0.0204 0.0323 0.0194 0.0161 0.0226 0.0140 0.0118 0.0140 0.0247 0.0022 0.0215 0.0096 0.0193 0.0377 0.0107 0.0075 0.0215 0.0140 0.0140 0.0161 0.0075 0.0086 0.0183 0.0269 0.0161 0.0237 0.0011 0.0161 0.0161 0.0086 0.0161 0.0193 0.0247 0.0183 0.0161 0.0419 0.0226 0.0215 0.0204 0.0118 0.0097 0.0064 0.0129 0.0129 0.0204 0.0172 0.0118 0.0043 0.0172 0.0107 0.0140 0.0043 0.0065 0.0247 0.0021 0.0172 0.0247 0.0032 0.0183 0.0096 0.0194 0.0129 0.0129 0.0151 0.0086 0.0172
Test_precision_f1 0.0000 0.5000 1.0000 1.0000 1.0000 1.0000 1.0000 1.0000 1.0000 1.0000 1.0000 1.0000 1.0000 1.0000 1.0000 1.0000 1.0000 1.0000 1.0000 1.0000 1.0000 1.0000 1.0000 1.0000 1.0000 1.0000 1.0000 1.0000 1.0000 1.0000 1.0000 1.0000 1.0000 1.0000 1.0000 1.0000 1.0000 1.0000 1.0000 1.0000 1.0000 1.0000 1.0000 1.0000 1.0000 1.0000 1.0000 1.0000 1.0000 1.0000 1.0000 1.0000 1.0000 1.0000 1.0000 1.0000 1.0000 1.0000 1.0000 1.0000 1.0000 1.0000 1.0000 1.0000 1.0000 1.0000 1.0000 1.0000 1.0000 1.0000 1.0000 1.0000 1.0000 1.0000 1.0000 1.0000 1.0000 1.0000 1.0000 1.0000
Test_precision_std 0.0000 0.5000 0.0000 0.0000 0.0000 0.0000 0.0000 0.0000 0.0000 0.0000 0.0000 0.0000 0.0000 0.0000 0.0000 0.0000 0.0000 0.0000 0.0000 0.0000 0.0000 0.0000 0.0000 0.0000 0.0000 0.0000 0.0000 0.0000 0.0000 0.0000 0.0000 0.0000 0.0000 0.0000 0.0000 0.0000 0.0000 0.0000 0.0000 0.0000 0.0000 0.0000 0.0000 0.0000 0.0000 0.0000 0.0000 0.0000 0.0000 0.0000 0.0000 0.0000 0.0000 0.0000 0.0000 0.0000 0.0000 0.0000 0.0000 0.0000 0.0000 0.0000 0.0000 0.0000 0.0000 0.0000 0.0000 0.0000 0.0000 0.0000 0.0000 0.0000 0.0000 0.0000 0.0000 0.0000 0.0000 0.0000 0.0000 0.0000
Average AL_Time: 0.6508668987080455s
---------datetime: 2024-08-29 00:37:39.777112-----------
Budget list: [10, 20, 30, 40, 50, 60, 70, 80, 90, 100, 110, 120, 130, 140, 150, 160, 170, 180, 190, 200, 210, 220, 230, 240, 250, 260, 270, 280, 290, 300, 310, 320, 330, 340, 350, 360, 370, 380, 390, 400, 410, 420, 430, 440, 450, 460, 470, 480, 490, 500, 510, 520, 530, 540, 550, 560, 570, 580, 590, 600, 610, 620, 630, 640, 650, 660, 670, 680, 690, 700, 710, 720, 730, 740, 750, 760, 770, 780, 790, 800]
learning rate: 0.01, epoch: 300, weight decay: 0.0005, hidden: 16
50runs using seed.txt
Test_micro_f1 0.8818 0.9071 0.9103 0.9096 0.9282 0.9379 0.9162 0.9449 0.9454 0.9526 0.9561 0.9613 0.9659 0.9656 0.9600 0.9669 0.9674 0.9677 0.9670 0.9694 0.9704 0.9733 0.9738 0.9707 0.9751 0.9745 0.9755 0.9748 0.9733 0.9741 0.9754 0.9751 0.9756 0.9753 0.9760 0.9747 0.9751 0.9732 0.9741 0.9746 0.9766 0.9766 0.9764 0.9761 0.9768 0.9761 0.9649 0.9758 0.9757 0.9754 0.9751 0.9752 0.9764 0.9762 0.9764 0.9751 0.9766 0.9741 0.9748 0.9750 0.9754 0.9748 0.9747 0.9747 0.9730 0.9741 0.9745 0.9758 0.9736 0.9754 0.9765 0.9758 0.9715 0.9752 0.9751 0.9734 0.9777 0.9754 0.9772 0.9775
Test_micro_std 0.0258 0.0306 0.0307 0.0211 0.0185 0.0227 0.0079 0.0054 0.0075 0.0078 0.0076 0.0024 0.0001 0.0038 0.0056 0.0022 0.0032 0.0010 0.0043 0.0045 0.0007 0.0015 0.0014 0.0033 0.0005 0.0024 0.0011 0.0027 0.0033 0.0023 0.0007 0.0015 0.0012 0.0013 0.0001 0.0017 0.0005 0.0016 0.0004 0.0004 0.0010 0.0017 0.0015 0.0010 0.0014 0.0019 0.0057 0.0009 0.0015 0.0012 0.0016 0.0019 0.0005 0.0006 0.0005 0.0003 0.0007 0.0020 0.0011 0.0006 0.0000 0.0004 0.0002 0.0005 0.0010 0.0004 0.0005 0.0009 0.0020 0.0005 0.0006 0.0010 0.0037 0.0004 0.0003 0.0001 0.0030 0.0014 0.0023 0.0024
Test_macro_f1 0.7607 0.8030 0.8076 0.8038 0.8233 0.8470 0.8114 0.8692 0.8700 0.8867 0.8930 0.9076 0.9169 0.9171 0.9034 0.9190 0.9206 0.9214 0.9200 0.9262 0.9282 0.9344 0.9362 0.9295 0.9392 0.9380 0.9401 0.9382 0.9352 0.9366 0.9395 0.9387 0.9395 0.9385 0.9402 0.9373 0.9382 0.9329 0.9356 0.9368 0.9415 0.9417 0.9409 0.9404 0.9423 0.9404 0.9173 0.9401 0.9402 0.9390 0.9385 0.9382 0.9414 0.9408 0.9410 0.9382 0.9421 0.9358 0.9376 0.9376 0.9388 0.9375 0.9375 0.9370 0.9340 0.9358 0.9363 0.9395 0.9353 0.9387 0.9408 0.9392 0.9291 0.9385 0.9376 0.9325 0.9443 0.9384 0.9428 0.9440
Test_macro_std 0.0459 0.0630 0.0635 0.0476 0.0473 0.0572 0.0117 0.0209 0.0149 0.0151 0.0171 0.0038 0.0007 0.0069 0.0097 0.0045 0.0060 0.0022 0.0089 0.0090 0.0004 0.0018 0.0024 0.0079 0.0015 0.0046 0.0018 0.0060 0.0069 0.0049 0.0011 0.0029 0.0023 0.0030 0.0002 0.0036 0.0007 0.0039 0.0003 0.0003 0.0027 0.0046 0.0040 0.0032 0.0044 0.0056 0.0088 0.0027 0.0043 0.0036 0.0048 0.0054 0.0016 0.0019 0.0015 0.0004 0.0018 0.0053 0.0029 0.0020 0.0000 0.0013 0.0008 0.0009 0.0015 0.0010 0.0011 0.0017 0.0040 0.0011 0.0007 0.0024 0.0090 0.0010 0.0003 0.0003 0.0073 0.0036 0.0053 0.0055
Test_acc_f1 0.8818 0.9071 0.9103 0.9096 0.9282 0.9379 0.9162 0.9449 0.9454 0.9526 0.9561 0.9613 0.9659 0.9656 0.9600 0.9669 0.9674 0.9677 0.9670 0.9694 0.9704 0.9733 0.9738 0.9707 0.9751 0.9745 0.9755 0.9748 0.9733 0.9741 0.9754 0.9751 0.9756 0.9753 0.9760 0.9747 0.9751 0.9732 0.9741 0.9746 0.9766 0.9766 0.9764 0.9761 0.9768 0.9761 0.9649 0.9758 0.9757 0.9754 0.9751 0.9752 0.9764 0.9762 0.9764 0.9751 0.9766 0.9741 0.9748 0.9750 0.9754 0.9748 0.9747 0.9747 0.9730 0.9741 0.9745 0.9758 0.9736 0.9754 0.9765 0.9758 0.9715 0.9752 0.9751 0.9734 0.9777 0.9754 0.9772 0.9775
Test_acc_std 0.0258 0.0306 0.0307 0.0211 0.0185 0.0227 0.0079 0.0054 0.0075 0.0078 0.0076 0.0024 0.0001 0.0038 0.0056 0.0022 0.0032 0.0010 0.0043 0.0045 0.0007 0.0015 0.0014 0.0033 0.0005 0.0024 0.0011 0.0027 0.0033 0.0023 0.0007 0.0015 0.0012 0.0013 0.0001 0.0017 0.0005 0.0016 0.0004 0.0004 0.0010 0.0017 0.0015 0.0010 0.0014 0.0019 0.0057 0.0009 0.0015 0.0012 0.0016 0.0019 0.0005 0.0006 0.0005 0.0003 0.0007 0.0020 0.0011 0.0006 0.0000 0.0004 0.0002 0.0005 0.0010 0.0004 0.0005 0.0009 0.0020 0.0005 0.0006 0.0010 0.0037 0.0004 0.0003 0.0001 0.0030 0.0014 0.0023 0.0024
Test_f1_f1 0.5904 0.6598 0.6672 0.6598 0.6871 0.7291 0.6708 0.7697 0.7710 0.8003 0.8108 0.8372 0.8530 0.8538 0.8294 0.8567 0.8598 0.8611 0.8587 0.8696 0.8733 0.8839 0.8871 0.8757 0.8925 0.8903 0.8940 0.8906 0.8856 0.8880 0.8928 0.8914 0.8929 0.8910 0.8940 0.8890 0.8904 0.8810 0.8859 0.8880 0.8962 0.8965 0.8952 0.8943 0.8976 0.8942 0.8543 0.8939 0.8940 0.8920 0.8911 0.8903 0.8961 0.8949 0.8955 0.8904 0.8972 0.8861 0.8896 0.8894 0.8916 0.8891 0.8891 0.8883 0.8832 0.8863 0.8870 0.8925 0.8854 0.8913 0.8949 0.8921 0.8743 0.8908 0.8891 0.8800 0.9012 0.8906 0.8984 0.9005
Test_f1_std 0.0763 0.1082 0.1093 0.0832 0.0842 0.1017 0.0186 0.0391 0.0253 0.0257 0.0299 0.0062 0.0015 0.0116 0.0161 0.0077 0.0101 0.0037 0.0152 0.0153 0.0004 0.0026 0.0039 0.0139 0.0027 0.0079 0.0031 0.0105 0.0119 0.0083 0.0019 0.0050 0.0040 0.0054 0.0005 0.0062 0.0010 0.0069 0.0005 0.0005 0.0049 0.0084 0.0072 0.0059 0.0081 0.0101 0.0140 0.0050 0.0076 0.0066 0.0086 0.0097 0.0030 0.0035 0.0027 0.0006 0.0032 0.0094 0.0051 0.0037 0.0001 0.0026 0.0014 0.0015 0.0025 0.0016 0.0019 0.0027 0.0070 0.0020 0.0010 0.0042 0.0160 0.0017 0.0004 0.0009 0.0130 0.0065 0.0093 0.0097
Test_recall_f1 0.7591 0.8065 0.8033 0.7925 0.7129 0.7570 0.7667 0.8419 0.8237 0.8506 0.8452 0.8946 0.8892 0.9011 0.8710 0.8892 0.8979 0.9032 0.8989 0.9140 0.9183 0.9118 0.9291 0.9312 0.9290 0.9323 0.9290 0.9225 0.9258 0.9236 0.9226 0.9172 0.9140 0.9097 0.9107 0.9119 0.9086 0.8914 0.9054 0.9075 0.9097 0.9140 0.9096 0.9107 0.9162 0.9107 0.9204 0.9194 0.9204 0.9151 0.9162 0.9086 0.9183 0.9119 0.9118 0.9086 0.9204 0.9086 0.9140 0.9032 0.9107 0.9097 0.9140 0.9064 0.9183 0.9097 0.9032 0.9064 0.9172 0.9086 0.9011 0.9022 0.8936 0.9086 0.8968 0.8796 0.9162 0.9022 0.9075 0.9140
Test_recall_std 0.0731 0.1226 0.1194 0.1086 0.0957 0.1140 0.0076 0.1043 0.0043 0.0032 0.0172 0.0150 0.0140 0.0172 0.0236 0.0053 0.0140 0.0021 0.0043 0.0129 0.0193 0.0301 0.0151 0.0129 0.0086 0.0119 0.0107 0.0021 0.0032 0.0032 0.0086 0.0054 0.0065 0.0022 0.0096 0.0022 0.0075 0.0032 0.0086 0.0086 0.0107 0.0172 0.0151 0.0205 0.0237 0.0247 0.0473 0.0161 0.0151 0.0182 0.0193 0.0204 0.0108 0.0107 0.0086 0.0032 0.0043 0.0140 0.0086 0.0129 0.0011 0.0107 0.0043 0.0032 0.0108 0.0022 0.0000 0.0054 0.0075 0.0011 0.0129 0.0010 0.0139 0.0032 0.0043 0.0107 0.0107 0.0076 0.0021 0.0021
Test_precision_f1 0.5000 0.5000 0.5000 0.5000 1.0000 1.0000 1.0000 1.0000 1.0000 1.0000 1.0000 1.0000 1.0000 1.0000 1.0000 1.0000 1.0000 1.0000 1.0000 1.0000 1.0000 1.0000 1.0000 1.0000 1.0000 1.0000 1.0000 1.0000 1.0000 1.0000 1.0000 1.0000 1.0000 1.0000 1.0000 1.0000 1.0000 1.0000 1.0000 1.0000 1.0000 1.0000 1.0000 1.0000 1.0000 1.0000 1.0000 1.0000 1.0000 1.0000 1.0000 1.0000 1.0000 1.0000 1.0000 1.0000 1.0000 1.0000 1.0000 1.0000 1.0000 1.0000 1.0000 1.0000 1.0000 1.0000 1.0000 1.0000 1.0000 1.0000 1.0000 1.0000 1.0000 1.0000 1.0000 1.0000 1.0000 1.0000 1.0000 1.0000
Test_precision_std 0.5000 0.5000 0.5000 0.5000 0.0000 0.0000 0.0000 0.0000 0.0000 0.0000 0.0000 0.0000 0.0000 0.0000 0.0000 0.0000 0.0000 0.0000 0.0000 0.0000 0.0000 0.0000 0.0000 0.0000 0.0000 0.0000 0.0000 0.0000 0.0000 0.0000 0.0000 0.0000 0.0000 0.0000 0.0000 0.0000 0.0000 0.0000 0.0000 0.0000 0.0000 0.0000 0.0000 0.0000 0.0000 0.0000 0.0000 0.0000 0.0000 0.0000 0.0000 0.0000 0.0000 0.0000 0.0000 0.0000 0.0000 0.0000 0.0000 0.0000 0.0000 0.0000 0.0000 0.0000 0.0000 0.0000 0.0000 0.0000 0.0000 0.0000 0.0000 0.0000 0.0000 0.0000 0.0000 0.0000 0.0000 0.0000 0.0000 0.0000
Average AL_Time: 0.2672190014272928s
---------datetime: 2024-08-29 00:55:50.084794-----------
Budget list: [10, 20, 30, 40, 50, 60, 70, 80, 90, 100, 110, 120, 130, 140, 150, 160, 170, 180, 190, 200, 210, 220, 230, 240, 250, 260, 270, 280, 290, 300, 310, 320, 330, 340, 350, 360, 370, 380, 390, 400, 410, 420, 430, 440, 450, 460, 470, 480, 490, 500, 510, 520, 530, 540, 550, 560, 570, 580, 590, 600, 610, 620, 630, 640, 650, 660, 670, 680, 690, 700, 710, 720, 730, 740, 750, 760, 770, 780, 790, 800]
learning rate: 0.01, epoch: 300, weight decay: 0.0005, hidden: 16
50runs using seed.txt
Test_micro_f1 0.8926 0.9052 0.9182 0.9172 0.9382 0.9520 0.9422 0.9476 0.9551 0.9560 0.9568 0.9591 0.9601 0.9598 0.9602 0.9614 0.9621 0.9625 0.9641 0.9661 0.9640 0.9654 0.9658 0.9660 0.9665 0.9666 0.9662 0.9670 0.9668 0.9666 0.9667 0.9667 0.9671 0.9680 0.9677 0.9677 0.9685 0.9684 0.9689 0.9685 0.9686 0.9683 0.9688 0.9690 0.9680 0.9689 0.9711 0.9710 0.9702 0.9711 0.9728 0.9727 0.9743 0.9745 0.9740 0.9736 0.9732 0.9730 0.9746 0.9739 0.9742 0.9738 0.9741 0.9746 0.9745 0.9754 0.9768 0.9775 0.9788 0.9788 0.9802 0.9792 0.9799 0.9791 0.9799 0.9785 0.9788 0.9791 0.9781 0.9777
Test_micro_std 0.0037 0.0162 0.0293 0.0283 0.0157 0.0079 0.0174 0.0130 0.0064 0.0060 0.0055 0.0069 0.0069 0.0083 0.0065 0.0068 0.0071 0.0079 0.0087 0.0084 0.0084 0.0086 0.0086 0.0087 0.0085 0.0093 0.0082 0.0091 0.0091 0.0093 0.0087 0.0090 0.0089 0.0091 0.0093 0.0094 0.0096 0.0095 0.0093 0.0096 0.0099 0.0096 0.0101 0.0095 0.0096 0.0086 0.0074 0.0068 0.0078 0.0067 0.0086 0.0080 0.0068 0.0070 0.0065 0.0066 0.0069 0.0060 0.0064 0.0060 0.0057 0.0070 0.0042 0.0051 0.0053 0.0043 0.0021 0.0010 0.0005 0.0003 0.0015 0.0003 0.0010 0.0006 0.0008 0.0014 0.0003 0.0004 0.0001 0.0010
Test_macro_f1 0.6364 0.6503 0.6779 0.6762 0.8050 0.8750 0.8583 0.8695 0.8850 0.8879 0.8901 0.8953 0.8971 0.8950 0.8968 0.8995 0.9015 0.9016 0.9054 0.9110 0.9049 0.9087 0.9093 0.9097 0.9115 0.9113 0.9105 0.9125 0.9121 0.9107 0.9115 0.9115 0.9124 0.9148 0.9139 0.9139 0.9160 0.9155 0.9175 0.9160 0.9162 0.9152 0.9166 0.9177 0.9145 0.9184 0.9230 0.9229 0.9211 0.9234 0.9267 0.9274 0.9315 0.9320 0.9310 0.9305 0.9294 0.9294 0.9332 0.9320 0.9331 0.9318 0.9327 0.9338 0.9335 0.9360 0.9410 0.9430 0.9464 0.9466 0.9502 0.9482 0.9497 0.9471 0.9490 0.9458 0.9462 0.9474 0.9451 0.9429
Test_macro_std 0.1658 0.1797 0.2072 0.2056 0.0928 0.0335 0.0487 0.0391 0.0255 0.0237 0.0217 0.0250 0.0252 0.0297 0.0252 0.0248 0.0258 0.0276 0.0290 0.0276 0.0287 0.0284 0.0274 0.0285 0.0272 0.0301 0.0272 0.0292 0.0291 0.0293 0.0284 0.0285 0.0282 0.0286 0.0292 0.0300 0.0300 0.0298 0.0290 0.0298 0.0310 0.0302 0.0315 0.0294 0.0299 0.0262 0.0240 0.0224 0.0248 0.0219 0.0262 0.0242 0.0210 0.0212 0.0199 0.0195 0.0211 0.0183 0.0191 0.0179 0.0166 0.0196 0.0133 0.0154 0.0154 0.0131 0.0067 0.0035 0.0016 0.0002 0.0036 0.0008 0.0025 0.0012 0.0014 0.0027 0.0004 0.0012 0.0000 0.0025
Test_acc_f1 0.8926 0.9052 0.9182 0.9172 0.9382 0.9520 0.9422 0.9476 0.9551 0.9560 0.9568 0.9591 0.9601 0.9598 0.9602 0.9614 0.9621 0.9625 0.9641 0.9661 0.9640 0.9654 0.9658 0.9660 0.9665 0.9666 0.9662 0.9670 0.9668 0.9666 0.9667 0.9667 0.9671 0.9680 0.9677 0.9677 0.9685 0.9684 0.9689 0.9685 0.9686 0.9683 0.9688 0.9690 0.9680 0.9689 0.9711 0.9710 0.9702 0.9711 0.9728 0.9727 0.9743 0.9745 0.9740 0.9736 0.9732 0.9730 0.9746 0.9739 0.9742 0.9738 0.9741 0.9746 0.9745 0.9754 0.9768 0.9775 0.9788 0.9788 0.9802 0.9792 0.9799 0.9791 0.9799 0.9785 0.9788 0.9791 0.9781 0.9777
Test_acc_std 0.0037 0.0162 0.0293 0.0283 0.0157 0.0079 0.0174 0.0130 0.0064 0.0060 0.0055 0.0069 0.0069 0.0083 0.0065 0.0068 0.0071 0.0079 0.0087 0.0084 0.0084 0.0086 0.0086 0.0087 0.0085 0.0093 0.0082 0.0091 0.0091 0.0093 0.0087 0.0090 0.0089 0.0091 0.0093 0.0094 0.0096 0.0095 0.0093 0.0096 0.0099 0.0096 0.0101 0.0095 0.0096 0.0086 0.0074 0.0068 0.0078 0.0067 0.0086 0.0080 0.0068 0.0070 0.0065 0.0066 0.0069 0.0060 0.0064 0.0060 0.0057 0.0070 0.0042 0.0051 0.0053 0.0043 0.0021 0.0010 0.0005 0.0003 0.0015 0.0003 0.0010 0.0006 0.0008 0.0014 0.0003 0.0004 0.0001 0.0010
Test_f1_f1 0.3328 0.3528 0.4002 0.3975 0.6442 0.7770 0.7493 0.7687 0.7952 0.8004 0.8045 0.8137 0.8167 0.8126 0.8160 0.8205 0.8242 0.8241 0.8308 0.8410 0.8299 0.8369 0.8378 0.8384 0.8419 0.8412 0.8399 0.8436 0.8427 0.8401 0.8417 0.8417 0.8433 0.8475 0.8458 0.8458 0.8496 0.8488 0.8524 0.8496 0.8498 0.8481 0.8507 0.8526 0.8469 0.8542 0.8621 0.8621 0.8589 0.8630 0.8686 0.8702 0.8774 0.8782 0.8766 0.8758 0.8739 0.8738 0.8806 0.8786 0.8808 0.8782 0.8799 0.8819 0.8812 0.8859 0.8951 0.8988 0.9047 0.9051 0.9116 0.9081 0.9106 0.9059 0.9094 0.9038 0.9042 0.9065 0.9025 0.8984
Test_f1_std 0.3328 0.3528 0.4002 0.3975 0.1779 0.0630 0.0877 0.0711 0.0478 0.0443 0.0406 0.0463 0.0467 0.0551 0.0470 0.0462 0.0480 0.0509 0.0533 0.0505 0.0529 0.0520 0.0502 0.0523 0.0499 0.0550 0.0499 0.0535 0.0533 0.0534 0.0522 0.0522 0.0514 0.0523 0.0534 0.0549 0.0549 0.0544 0.0529 0.0544 0.0565 0.0553 0.0574 0.0536 0.0545 0.0477 0.0439 0.0411 0.0453 0.0402 0.0477 0.0439 0.0383 0.0386 0.0362 0.0354 0.0383 0.0334 0.0347 0.0326 0.0301 0.0353 0.0244 0.0280 0.0281 0.0238 0.0123 0.0063 0.0029 0.0002 0.0064 0.0016 0.0045 0.0020 0.0022 0.0045 0.0005 0.0021 0.0000 0.0042
Test_recall_f1 0.4645 0.4237 0.4742 0.4753 0.6322 0.7882 0.7978 0.8043 0.8065 0.8129 0.8183 0.8236 0.8215 0.8096 0.8215 0.8151 0.8236 0.8151 0.8194 0.8323 0.8183 0.8236 0.8129 0.8183 0.8258 0.8226 0.8204 0.8247 0.8247 0.8108 0.8215 0.8183 0.8151 0.8226 0.8172 0.8247 0.8258 0.8236 0.8301 0.8248 0.8258 0.8236 0.8247 0.8291 0.8194 0.8366 0.8344 0.8366 0.8376 0.8387 0.8291 0.8419 0.8430 0.8451 0.8462 0.8483 0.8484 0.8526 0.8570 0.8591 0.8656 0.8613 0.8635 0.8635 0.8613 0.8666 0.8925 0.9032 0.9097 0.9075 0.9204 0.9237 0.9204 0.9054 0.9064 0.9075 0.8979 0.9129 0.9107 0.8892
Test_recall_std 0.4645 0.4237 0.4742 0.4753 0.3268 0.1602 0.1355 0.1247 0.1226 0.1161 0.1086 0.1139 0.1161 0.1280 0.1269 0.1140 0.1226 0.1183 0.1161 0.1139 0.1215 0.1139 0.0989 0.1108 0.1054 0.1150 0.1086 0.1129 0.1108 0.1011 0.1118 0.1043 0.0990 0.1043 0.1032 0.1129 0.1097 0.1097 0.1054 0.1064 0.1118 0.1119 0.1108 0.1064 0.1053 0.0925 0.0989 0.0968 0.0957 0.0946 0.0892 0.0849 0.0796 0.0796 0.0763 0.0678 0.0785 0.0721 0.0721 0.0677 0.0570 0.0591 0.0612 0.0591 0.0548 0.0538 0.0344 0.0193 0.0107 0.0129 0.0064 0.0076 0.0064 0.0043 0.0076 0.0129 0.0096 0.0075 0.0054 0.0010
Test_precision_f1 0.5000 0.5000 0.5000 0.5000 1.0000 1.0000 1.0000 1.0000 1.0000 1.0000 1.0000 1.0000 1.0000 1.0000 1.0000 1.0000 1.0000 1.0000 1.0000 1.0000 1.0000 1.0000 1.0000 1.0000 1.0000 1.0000 1.0000 1.0000 1.0000 1.0000 1.0000 1.0000 1.0000 1.0000 1.0000 1.0000 1.0000 1.0000 1.0000 1.0000 1.0000 1.0000 1.0000 1.0000 1.0000 1.0000 1.0000 1.0000 1.0000 1.0000 1.0000 1.0000 1.0000 1.0000 1.0000 1.0000 1.0000 1.0000 1.0000 1.0000 1.0000 1.0000 1.0000 1.0000 1.0000 1.0000 1.0000 1.0000 1.0000 1.0000 1.0000 1.0000 1.0000 1.0000 1.0000 1.0000 1.0000 1.0000 1.0000 1.0000
Test_precision_std 0.5000 0.5000 0.5000 0.5000 0.0000 0.0000 0.0000 0.0000 0.0000 0.0000 0.0000 0.0000 0.0000 0.0000 0.0000 0.0000 0.0000 0.0000 0.0000 0.0000 0.0000 0.0000 0.0000 0.0000 0.0000 0.0000 0.0000 0.0000 0.0000 0.0000 0.0000 0.0000 0.0000 0.0000 0.0000 0.0000 0.0000 0.0000 0.0000 0.0000 0.0000 0.0000 0.0000 0.0000 0.0000 0.0000 0.0000 0.0000 0.0000 0.0000 0.0000 0.0000 0.0000 0.0000 0.0000 0.0000 0.0000 0.0000 0.0000 0.0000 0.0000 0.0000 0.0000 0.0000 0.0000 0.0000 0.0000 0.0000 0.0000 0.0000 0.0000 0.0000 0.0000 0.0000 0.0000 0.0000 0.0000 0.0000 0.0000 0.0000
Average AL_Time: 0.36174354515969753s
---------datetime: 2024-08-29 01:13:07.634597-----------
Budget list: [10, 20, 30, 40, 50, 60, 70, 80, 90, 100, 110, 120, 130, 140, 150, 160, 170, 180, 190, 200, 210, 220, 230, 240, 250, 260, 270, 280, 290, 300, 310, 320, 330, 340, 350, 360, 370, 380, 390, 400, 410, 420, 430, 440, 450, 460, 470, 480, 490, 500, 510, 520, 530, 540, 550, 560, 570, 580, 590, 600, 610, 620, 630, 640, 650, 660, 670, 680, 690, 700, 710, 720, 730, 740, 750, 760, 770, 780, 790, 800]
learning rate: 0.01, epoch: 300, weight decay: 0.0005, hidden: 16
50runs using seed.txt
Test_micro_f1 0.9256 0.9254 0.8685 0.9127 0.9264 0.9289 0.9510 0.9580 0.9619 0.9652 0.9662 0.9681 0.9686 0.9658 0.9646 0.9695 0.9705 0.9723 0.9718 0.9711 0.9727 0.9721 0.9731 0.9754 0.9731 0.9742 0.9711 0.9745 0.9747 0.9747 0.9546 0.9750 0.9738 0.9744 0.9741 0.9747 0.9722 0.9725 0.9711 0.9711 0.9745 0.9730 0.9749 0.9744 0.9744 0.9746 0.9754 0.9742 0.9727 0.9746 0.9729 0.9747 0.9719 0.9712 0.9721 0.9735 0.9555 0.9744 0.9727 0.9747 0.9738 0.9742 0.9749 0.9753 0.9752 0.9738 0.9735 0.9758 0.9704 0.9703 0.9685 0.9749 0.9746 0.9742 0.9749 0.9756 0.9727 0.9746 0.9753 0.9738
Test_micro_std 0.0367 0.0393 0.0204 0.0238 0.0375 0.0398 0.0138 0.0031 0.0042 0.0052 0.0047 0.0032 0.0039 0.0017 0.0076 0.0015 0.0025 0.0012 0.0012 0.0002 0.0015 0.0007 0.0002 0.0007 0.0018 0.0029 0.0053 0.0021 0.0010 0.0005 0.0181 0.0014 0.0010 0.0015 0.0006 0.0010 0.0008 0.0009 0.0010 0.0010 0.0007 0.0003 0.0010 0.0023 0.0020 0.0018 0.0014 0.0005 0.0009 0.0001 0.0025 0.0031 0.0009 0.0008 0.0043 0.0031 0.0190 0.0010 0.0018 0.0002 0.0017 0.0000 0.0002 0.0006 0.0008 0.0017 0.0021 0.0002 0.0038 0.0052 0.0071 0.0002 0.0006 0.0002 0.0024 0.0005 0.0001 0.0010 0.0001 0.0009
Test_macro_f1 0.6906 0.6889 0.5867 0.6624 0.6920 0.6983 0.8610 0.8953 0.9011 0.9093 0.9129 0.9189 0.9196 0.9131 0.9069 0.9229 0.9258 0.9308 0.9294 0.9292 0.9322 0.9313 0.9335 0.9395 0.9343 0.9355 0.9304 0.9363 0.9370 0.9369 0.8758 0.9380 0.9353 0.9362 0.9357 0.9368 0.9318 0.9315 0.9263 0.9274 0.9369 0.9333 0.9380 0.9360 0.9357 0.9369 0.9387 0.9359 0.9307 0.9371 0.9321 0.9371 0.9295 0.9256 0.9291 0.9343 0.8764 0.9363 0.9317 0.9373 0.9345 0.9360 0.9378 0.9389 0.9392 0.9342 0.9357 0.9407 0.9268 0.9236 0.9249 0.9381 0.9368 0.9358 0.9383 0.9401 0.9320 0.9375 0.9394 0.9335
Test_macro_std 0.2200 0.2192 0.1161 0.1918 0.2213 0.2254 0.0534 0.0111 0.0154 0.0161 0.0140 0.0091 0.0112 0.0060 0.0215 0.0038 0.0064 0.0027 0.0024 0.0000 0.0037 0.0015 0.0009 0.0025 0.0054 0.0085 0.0111 0.0070 0.0029 0.0019 0.0576 0.0045 0.0039 0.0051 0.0009 0.0030 0.0003 0.0018 0.0031 0.0020 0.0028 0.0001 0.0032 0.0066 0.0060 0.0048 0.0042 0.0015 0.0020 0.0003 0.0071 0.0085 0.0013 0.0031 0.0129 0.0085 0.0602 0.0025 0.0050 0.0006 0.0047 0.0004 0.0007 0.0016 0.0025 0.0048 0.0042 0.0008 0.0093 0.0156 0.0156 0.0006 0.0022 0.0000 0.0065 0.0012 0.0007 0.0029 0.0005 0.0053
Test_acc_f1 0.9256 0.9254 0.8685 0.9127 0.9264 0.9289 0.9510 0.9580 0.9619 0.9652 0.9662 0.9681 0.9686 0.9658 0.9646 0.9695 0.9705 0.9723 0.9718 0.9711 0.9727 0.9721 0.9731 0.9754 0.9731 0.9742 0.9711 0.9745 0.9747 0.9747 0.9546 0.9750 0.9738 0.9744 0.9741 0.9747 0.9722 0.9725 0.9711 0.9711 0.9745 0.9730 0.9749 0.9744 0.9744 0.9746 0.9754 0.9742 0.9727 0.9746 0.9729 0.9747 0.9719 0.9712 0.9721 0.9735 0.9555 0.9744 0.9727 0.9747 0.9738 0.9742 0.9749 0.9753 0.9752 0.9738 0.9735 0.9758 0.9704 0.9703 0.9685 0.9749 0.9746 0.9742 0.9749 0.9756 0.9727 0.9746 0.9753 0.9738
Test_acc_std 0.0367 0.0393 0.0204 0.0238 0.0375 0.0398 0.0138 0.0031 0.0042 0.0052 0.0047 0.0032 0.0039 0.0017 0.0076 0.0015 0.0025 0.0012 0.0012 0.0002 0.0015 0.0007 0.0002 0.0007 0.0018 0.0029 0.0053 0.0021 0.0010 0.0005 0.0181 0.0014 0.0010 0.0015 0.0006 0.0010 0.0008 0.0009 0.0010 0.0010 0.0007 0.0003 0.0010 0.0023 0.0020 0.0018 0.0014 0.0005 0.0009 0.0001 0.0025 0.0031 0.0009 0.0008 0.0043 0.0031 0.0190 0.0010 0.0018 0.0002 0.0017 0.0000 0.0002 0.0006 0.0008 0.0017 0.0021 0.0002 0.0038 0.0052 0.0071 0.0002 0.0006 0.0002 0.0024 0.0005 0.0001 0.0010 0.0001 0.0009
Test_f1_f1 0.4213 0.4179 0.2476 0.3724 0.4235 0.4347 0.7492 0.8144 0.8235 0.8381 0.8448 0.8557 0.8568 0.8453 0.8337 0.8630 0.8682 0.8773 0.8748 0.8746 0.8797 0.8784 0.8821 0.8928 0.8837 0.8856 0.8771 0.8869 0.8882 0.8881 0.7769 0.8900 0.8853 0.8868 0.8861 0.8880 0.8792 0.8785 0.8689 0.8712 0.8882 0.8818 0.8901 0.8863 0.8861 0.8882 0.8913 0.8863 0.8768 0.8885 0.8794 0.8885 0.8750 0.8674 0.8740 0.8836 0.7776 0.8871 0.8788 0.8889 0.8838 0.8865 0.8897 0.8918 0.8924 0.8831 0.8865 0.8952 0.8703 0.8640 0.8679 0.8902 0.8880 0.8863 0.8906 0.8939 0.8794 0.8893 0.8929 0.8818
Test_f1_std 0.4213 0.4179 0.2476 0.3724 0.4235 0.4304 0.0994 0.0205 0.0286 0.0294 0.0254 0.0164 0.0202 0.0112 0.0387 0.0068 0.0115 0.0047 0.0041 0.0001 0.0066 0.0026 0.0017 0.0046 0.0097 0.0155 0.0192 0.0127 0.0052 0.0035 0.1053 0.0083 0.0071 0.0094 0.0014 0.0055 0.0001 0.0031 0.0058 0.0035 0.0052 0.0004 0.0059 0.0117 0.0108 0.0088 0.0076 0.0028 0.0035 0.0005 0.0127 0.0153 0.0022 0.0058 0.0234 0.0152 0.1101 0.0044 0.0089 0.0012 0.0084 0.0007 0.0013 0.0029 0.0047 0.0088 0.0073 0.0013 0.0165 0.0284 0.0270 0.0011 0.0041 0.0000 0.0116 0.0020 0.0014 0.0050 0.0010 0.0104
Test_recall_f1 0.4548 0.4054 0.3355 0.4172 0.4495 0.4527 0.7054 0.8344 0.8086 0.8161 0.8323 0.8527 0.8484 0.8419 0.8054 0.8635 0.8753 0.8914 0.8860 0.9075 0.9000 0.9086 0.9053 0.9236 0.9204 0.9022 0.9247 0.9054 0.9064 0.9053 0.7516 0.9107 0.9107 0.9075 0.9075 0.9043 0.9119 0.8979 0.8623 0.8796 0.9150 0.9064 0.9150 0.9032 0.9000 0.9107 0.9086 0.9054 0.8763 0.9129 0.8914 0.9107 0.8839 0.8484 0.8785 0.9076 0.7419 0.9075 0.8935 0.9119 0.9000 0.9076 0.9107 0.9172 0.9236 0.8946 0.9312 0.9269 0.8946 0.8580 0.9268 0.9162 0.9086 0.9054 0.9204 0.9236 0.8979 0.9204 0.9280 0.8828
Test_recall_std 0.4548 0.4054 0.3355 0.4172 0.4495 0.4505 0.1806 0.0516 0.0710 0.0570 0.0474 0.0269 0.0333 0.0312 0.0549 0.0054 0.0129 0.0011 0.0043 0.0086 0.0054 0.0011 0.0108 0.0182 0.0258 0.0376 0.0043 0.0387 0.0140 0.0151 0.1667 0.0290 0.0268 0.0301 0.0086 0.0161 0.0279 0.0010 0.0150 0.0022 0.0226 0.0119 0.0205 0.0258 0.0247 0.0161 0.0183 0.0086 0.0010 0.0011 0.0247 0.0290 0.0086 0.0183 0.0527 0.0279 0.1677 0.0021 0.0161 0.0022 0.0161 0.0065 0.0033 0.0054 0.0140 0.0194 0.0086 0.0043 0.0150 0.0603 0.0065 0.0021 0.0161 0.0086 0.0215 0.0010 0.0076 0.0086 0.0054 0.0591
Test_precision_f1 0.5000 0.5000 0.0000 0.5000 0.5000 1.0000 1.0000 1.0000 1.0000 1.0000 1.0000 1.0000 1.0000 1.0000 1.0000 1.0000 1.0000 1.0000 1.0000 1.0000 1.0000 1.0000 1.0000 1.0000 1.0000 1.0000 1.0000 1.0000 1.0000 1.0000 1.0000 1.0000 1.0000 1.0000 1.0000 1.0000 1.0000 1.0000 1.0000 1.0000 1.0000 1.0000 1.0000 1.0000 1.0000 1.0000 1.0000 1.0000 1.0000 1.0000 1.0000 1.0000 1.0000 1.0000 1.0000 1.0000 1.0000 1.0000 1.0000 1.0000 1.0000 1.0000 1.0000 1.0000 1.0000 1.0000 1.0000 1.0000 1.0000 1.0000 1.0000 1.0000 1.0000 1.0000 1.0000 1.0000 1.0000 1.0000 1.0000 1.0000
Test_precision_std 0.5000 0.5000 0.0000 0.5000 0.5000 0.0000 0.0000 0.0000 0.0000 0.0000 0.0000 0.0000 0.0000 0.0000 0.0000 0.0000 0.0000 0.0000 0.0000 0.0000 0.0000 0.0000 0.0000 0.0000 0.0000 0.0000 0.0000 0.0000 0.0000 0.0000 0.0000 0.0000 0.0000 0.0000 0.0000 0.0000 0.0000 0.0000 0.0000 0.0000 0.0000 0.0000 0.0000 0.0000 0.0000 0.0000 0.0000 0.0000 0.0000 0.0000 0.0000 0.0000 0.0000 0.0000 0.0000 0.0000 0.0000 0.0000 0.0000 0.0000 0.0000 0.0000 0.0000 0.0000 0.0000 0.0000 0.0000 0.0000 0.0000 0.0000 0.0000 0.0000 0.0000 0.0000 0.0000 0.0000 0.0000 0.0000 0.0000 0.0000
Average AL_Time: 0.3440895527601242s
---------datetime: 2024-08-29 02:12:11.223048-----------
Budget list: [10, 20, 30, 40, 50, 60, 70, 80, 90, 100, 110, 120, 130, 140, 150, 160, 170, 180, 190, 200, 210, 220, 230, 240, 250, 260, 270, 280, 290, 300, 310, 320, 330, 340, 350, 360, 370, 380, 390, 400, 410, 420, 430, 440, 450, 460, 470, 480, 490, 500, 510, 520, 530, 540, 550, 560, 570, 580, 590, 600, 610, 620, 630, 640, 650, 660, 670, 680, 690, 700, 710, 720, 730, 740, 750, 760, 770, 780, 790, 800]
learning rate: 0.01, epoch: 300, weight decay: 0.0005, hidden: 16
50runs using seed.txt
Test_micro_f1 0.8752 0.9143 0.9137 0.9263 0.9257 0.9214 0.9316 0.9359 0.9365 0.9399 0.9406 0.9423 0.9456 0.9469 0.9467 0.9471 0.9484 0.9483 0.9485 0.9501 0.9492 0.9496 0.9494 0.9505 0.9504 0.9497 0.9511 0.9511 0.9507 0.9513 0.9515 0.9590 0.9620 0.9625 0.9627 0.9643 0.9647 0.9646 0.9655 0.9655 0.9659 0.9670 0.9684 0.9701 0.9695 0.9696 0.9704 0.9695 0.9688 0.9698 0.9700 0.9712 0.9717 0.9717 0.9722 0.9740 0.9757 0.9768 0.9763 0.9770 0.9778 0.9768 0.9770 0.9776 0.9778 0.9776 0.9775 0.9788 0.9783 0.9786 0.9788 0.9789 0.9780 0.9791 0.9803 0.9803 0.9788 0.9800 0.9790 0.9784
Test_micro_std 0.0137 0.0254 0.0247 0.0259 0.0301 0.0344 0.0264 0.0267 0.0293 0.0287 0.0262 0.0240 0.0204 0.0232 0.0232 0.0233 0.0232 0.0218 0.0212 0.0220 0.0226 0.0232 0.0227 0.0226 0.0232 0.0228 0.0233 0.0236 0.0233 0.0239 0.0241 0.0171 0.0151 0.0129 0.0132 0.0123 0.0107 0.0119 0.0116 0.0121 0.0121 0.0121 0.0114 0.0091 0.0077 0.0082 0.0081 0.0077 0.0084 0.0078 0.0075 0.0080 0.0066 0.0061 0.0054 0.0043 0.0023 0.0021 0.0023 0.0002 0.0005 0.0015 0.0002 0.0010 0.0012 0.0010 0.0005 0.0003 0.0000 0.0006 0.0002 0.0010 0.0012 0.0016 0.0013 0.0011 0.0010 0.0010 0.0019 0.0020
Test_macro_f1 0.5890 0.6705 0.6590 0.7408 0.7630 0.7523 0.7652 0.7808 0.7855 0.7888 0.7970 0.8078 0.8278 0.8335 0.8341 0.8332 0.8380 0.8406 0.8399 0.8431 0.8396 0.8429 0.8422 0.8443 0.8439 0.8429 0.8463 0.8466 0.8438 0.8446 0.8456 0.8796 0.8914 0.8936 0.8935 0.8992 0.9015 0.9011 0.9032 0.9035 0.9050 0.9083 0.9121 0.9184 0.9175 0.9170 0.9194 0.9174 0.9152 0.9185 0.9199 0.9225 0.9250 0.9260 0.9268 0.9313 0.9367 0.9404 0.9395 0.9415 0.9432 0.9412 0.9416 0.9431 0.9441 0.9434 0.9433 0.9465 0.9454 0.9460 0.9460 0.9469 0.9443 0.9480 0.9501 0.9504 0.9461 0.9495 0.9465 0.9459
Test_macro_std 0.1184 0.2000 0.1884 0.1391 0.1321 0.1386 0.1267 0.1229 0.1268 0.1312 0.1203 0.1083 0.0870 0.0918 0.0902 0.0922 0.0902 0.0845 0.0837 0.0876 0.0902 0.0894 0.0882 0.0886 0.0903 0.0891 0.0899 0.0902 0.0904 0.0932 0.0929 0.0604 0.0505 0.0443 0.0458 0.0414 0.0363 0.0388 0.0380 0.0390 0.0394 0.0387 0.0362 0.0285 0.0254 0.0262 0.0255 0.0250 0.0272 0.0243 0.0231 0.0246 0.0195 0.0176 0.0151 0.0132 0.0072 0.0060 0.0060 0.0010 0.0014 0.0034 0.0000 0.0025 0.0025 0.0020 0.0019 0.0003 0.0003 0.0009 0.0005 0.0022 0.0024 0.0033 0.0037 0.0026 0.0021 0.0030 0.0055 0.0046
Test_acc_f1 0.8752 0.9143 0.9137 0.9263 0.9257 0.9214 0.9316 0.9359 0.9365 0.9399 0.9406 0.9423 0.9456 0.9469 0.9467 0.9471 0.9484 0.9483 0.9485 0.9501 0.9492 0.9496 0.9494 0.9505 0.9504 0.9497 0.9511 0.9511 0.9507 0.9513 0.9515 0.9590 0.9620 0.9625 0.9627 0.9643 0.9647 0.9646 0.9655 0.9655 0.9659 0.9670 0.9684 0.9701 0.9695 0.9696 0.9704 0.9695 0.9688 0.9698 0.9700 0.9712 0.9717 0.9717 0.9722 0.9740 0.9757 0.9768 0.9763 0.9770 0.9778 0.9768 0.9770 0.9776 0.9778 0.9776 0.9775 0.9788 0.9783 0.9786 0.9788 0.9789 0.9780 0.9791 0.9803 0.9803 0.9788 0.9800 0.9790 0.9784
Test_acc_std 0.0137 0.0254 0.0247 0.0259 0.0301 0.0344 0.0264 0.0267 0.0293 0.0287 0.0262 0.0240 0.0204 0.0232 0.0232 0.0233 0.0232 0.0218 0.0212 0.0220 0.0226 0.0232 0.0227 0.0226 0.0232 0.0228 0.0233 0.0236 0.0233 0.0239 0.0241 0.0171 0.0151 0.0129 0.0132 0.0123 0.0107 0.0119 0.0116 0.0121 0.0121 0.0121 0.0114 0.0091 0.0077 0.0082 0.0081 0.0077 0.0084 0.0078 0.0075 0.0080 0.0066 0.0061 0.0054 0.0043 0.0023 0.0021 0.0023 0.0002 0.0005 0.0015 0.0002 0.0010 0.0012 0.0010 0.0005 0.0003 0.0000 0.0006 0.0002 0.0010 0.0012 0.0016 0.0013 0.0011 0.0010 0.0010 0.0019 0.0020
Test_f1_f1 0.2510 0.3941 0.3597 0.5147 0.5596 0.5401 0.5474 0.5739 0.5878 0.5897 0.6122 0.6366 0.6781 0.6844 0.6876 0.6879 0.6957 0.6984 0.6968 0.7017 0.6970 0.6992 0.6983 0.6999 0.6996 0.6977 0.7009 0.7001 0.6936 0.6915 0.6892 0.7702 0.7984 0.8047 0.8011 0.8111 0.8141 0.8125 0.8151 0.8147 0.8178 0.8247 0.8315 0.8430 0.8415 0.8397 0.8420 0.8384 0.8340 0.8402 0.8444 0.8481 0.8598 0.8639 0.8636 0.8719 0.8849 0.8963 0.8982 0.9024 0.9060 0.9050 0.9060 0.9080 0.9090 0.9081 0.9123 0.9159 0.9143 0.9154 0.9161 0.9195 0.9175 0.9242 0.9274 0.9274 0.9214 0.9257 0.9214 0.9204
Test_f1_std 0.2510 0.3941 0.3597 0.2773 0.2741 0.2725 0.2556 0.2499 0.2593 0.2685 0.2477 0.2272 0.1873 0.1925 0.1923 0.1953 0.1934 0.1887 0.1898 0.1957 0.1999 0.1992 0.1982 0.1981 0.2008 0.2003 0.2022 0.2035 0.2077 0.2132 0.2171 0.1379 0.1113 0.1012 0.1062 0.0970 0.0907 0.0941 0.0970 0.1006 0.0997 0.0977 0.0927 0.0795 0.0769 0.0795 0.0793 0.0790 0.0823 0.0756 0.0714 0.0720 0.0568 0.0507 0.0486 0.0421 0.0282 0.0193 0.0161 0.0080 0.0070 0.0067 0.0021 0.0048 0.0047 0.0032 0.0059 0.0031 0.0035 0.0023 0.0023 0.0030 0.0041 0.0070 0.0079 0.0068 0.0064 0.0074 0.0111 0.0101
Test_recall_f1 0.3023 0.4713 0.3679 0.4656 0.5389 0.5105 0.4881 0.5099 0.5217 0.5242 0.5472 0.5688 0.6039 0.6157 0.6168 0.6143 0.6203 0.6242 0.6210 0.6307 0.6253 0.6291 0.6280 0.6282 0.6293 0.6282 0.6274 0.6277 0.6169 0.6173 0.6124 0.6943 0.7266 0.7332 0.7289 0.7396 0.7441 0.7425 0.7371 0.7380 0.7449 0.7511 0.7581 0.7733 0.7755 0.7684 0.7706 0.7695 0.7643 0.7737 0.7822 0.7833 0.8035 0.8158 0.8101 0.8185 0.8445 0.8633 0.8760 0.8791 0.8834 0.8935 0.8884 0.8940 0.8987 0.8974 0.9037 0.9052 0.9107 0.9076 0.9032 0.9142 0.9115 0.9340 0.9234 0.9290 0.9167 0.9209 0.9142 0.9249
Test_recall_std 0.3023 0.4713 0.3679 0.3247 0.3483 0.3223 0.3040 0.3059 0.3111 0.3268 0.3188 0.3048 0.2671 0.2716 0.2669 0.2709 0.2688 0.2642 0.2671 0.2807 0.2838 0.2826 0.2812 0.2827 0.2857 0.2849 0.2841 0.2854 0.2855 0.2949 0.2949 0.2176 0.1837 0.1727 0.1800 0.1662 0.1596 0.1590 0.1567 0.1600 0.1633 0.1564 0.1511 0.1321 0.1336 0.1314 0.1300 0.1325 0.1365 0.1256 0.1184 0.1196 0.0932 0.0826 0.0736 0.0749 0.0503 0.0326 0.0224 0.0161 0.0104 0.0013 0.0074 0.0032 0.0034 0.0046 0.0205 0.0168 0.0139 0.0170 0.0098 0.0032 0.0073 0.0035 0.0148 0.0044 0.0009 0.0106 0.0205 0.0034
Test_precision_f1 0.0000 0.5000 0.5000 1.0000 1.0000 0.5000 1.0000 1.0000 1.0000 1.0000 1.0000 1.0000 1.0000 1.0000 1.0000 1.0000 1.0000 1.0000 1.0000 1.0000 1.0000 1.0000 1.0000 1.0000 1.0000 1.0000 1.0000 1.0000 1.0000 1.0000 1.0000 1.0000 1.0000 1.0000 1.0000 1.0000 1.0000 1.0000 1.0000 1.0000 1.0000 1.0000 1.0000 1.0000 1.0000 1.0000 1.0000 1.0000 1.0000 1.0000 1.0000 1.0000 1.0000 1.0000 1.0000 1.0000 1.0000 1.0000 1.0000 1.0000 1.0000 1.0000 1.0000 1.0000 1.0000 1.0000 1.0000 1.0000 1.0000 1.0000 1.0000 1.0000 1.0000 1.0000 1.0000 1.0000 1.0000 1.0000 1.0000 1.0000
Test_precision_std 0.0000 0.5000 0.5000 0.0000 0.0000 0.5000 0.0000 0.0000 0.0000 0.0000 0.0000 0.0000 0.0000 0.0000 0.0000 0.0000 0.0000 0.0000 0.0000 0.0000 0.0000 0.0000 0.0000 0.0000 0.0000 0.0000 0.0000 0.0000 0.0000 0.0000 0.0000 0.0000 0.0000 0.0000 0.0000 0.0000 0.0000 0.0000 0.0000 0.0000 0.0000 0.0000 0.0000 0.0000 0.0000 0.0000 0.0000 0.0000 0.0000 0.0000 0.0000 0.0000 0.0000 0.0000 0.0000 0.0000 0.0000 0.0000 0.0000 0.0000 0.0000 0.0000 0.0000 0.0000 0.0000 0.0000 0.0000 0.0000 0.0000 0.0000 0.0000 0.0000 0.0000 0.0000 0.0000 0.0000 0.0000 0.0000 0.0000 0.0000
Average AL_Time: 0.35006558056920767s
---------datetime: 2024-08-29 02:28:25.496991-----------
Budget list: [10, 20, 30, 40, 50, 60, 70, 80, 90, 100, 110, 120, 130, 140, 150, 160, 170, 180, 190, 200, 210, 220, 230, 240, 250, 260, 270, 280, 290, 300, 310, 320, 330, 340, 350, 360, 370, 380, 390, 400, 410, 420, 430, 440, 450, 460, 470, 480, 490, 500, 510, 520, 530, 540, 550, 560, 570, 580, 590, 600, 610, 620, 630, 640, 650, 660, 670, 680, 690, 700, 710, 720, 730, 740, 750, 760, 770, 780, 790, 800]
learning rate: 0.01, epoch: 300, weight decay: 0.0005, hidden: 16
50runs using seed.txt
Test_micro_f1 0.8856 0.9173 0.9333 0.9369 0.9479 0.9493 0.9506 0.9513 0.9543 0.9540 0.9576 0.9600 0.9590 0.9627 0.9627 0.9627 0.9647 0.9640 0.9637 0.9647 0.9658 0.9669 0.9662 0.9683 0.9685 0.9688 0.9680 0.9689 0.9688 0.9682 0.9694 0.9692 0.9703 0.9704 0.9701 0.9699 0.9704 0.9705 0.9699 0.9716 0.9717 0.9716 0.9708 0.9718 0.9713 0.9713 0.9723 0.9728 0.9723 0.9720 0.9723 0.9718 0.9719 0.9730 0.9726 0.9736 0.9733 0.9741 0.9740 0.9745 0.9758 0.9752 0.9762 0.9753 0.9769 0.9768 0.9778 0.9780 0.9806 0.9810 0.9814 0.9819 0.9818 0.9829 0.9826 0.9835 0.9836 0.9839 0.9842 0.9844
Test_micro_std 0.0033 0.0060 0.0009 0.0040 0.0012 0.0026 0.0009 0.0005 0.0008 0.0061 0.0087 0.0080 0.0090 0.0086 0.0074 0.0093 0.0074 0.0071 0.0072 0.0071 0.0079 0.0082 0.0073 0.0084 0.0084 0.0084 0.0096 0.0089 0.0092 0.0089 0.0098 0.0100 0.0099 0.0096 0.0096 0.0105 0.0110 0.0111 0.0098 0.0112 0.0113 0.0117 0.0114 0.0117 0.0119 0.0105 0.0112 0.0110 0.0110 0.0106 0.0110 0.0108 0.0111 0.0110 0.0107 0.0104 0.0102 0.0092 0.0090 0.0091 0.0100 0.0105 0.0096 0.0087 0.0085 0.0077 0.0077 0.0070 0.0051 0.0044 0.0036 0.0029 0.0022 0.0030 0.0026 0.0019 0.0015 0.0021 0.0015 0.0011
Test_macro_f1 0.5855 0.7688 0.8184 0.8255 0.8557 0.8599 0.8641 0.8650 0.8738 0.8696 0.8829 0.8889 0.8864 0.8965 0.8957 0.8952 0.9035 0.9002 0.9009 0.9035 0.9067 0.9091 0.9063 0.9119 0.9126 0.9137 0.9114 0.9140 0.9138 0.9120 0.9149 0.9139 0.9174 0.9175 0.9165 0.9162 0.9179 0.9178 0.9160 0.9207 0.9214 0.9210 0.9195 0.9208 0.9200 0.9201 0.9230 0.9244 0.9230 0.9224 0.9230 0.9223 0.9224 0.9248 0.9235 0.9274 0.9268 0.9291 0.9296 0.9299 0.9334 0.9321 0.9348 0.9330 0.9375 0.9376 0.9403 0.9413 0.9488 0.9502 0.9517 0.9528 0.9528 0.9558 0.9548 0.9574 0.9578 0.9587 0.9592 0.9598
Test_macro_std 0.1149 0.0255 0.0070 0.0070 0.0005 0.0076 0.0020 0.0019 0.0031 0.0232 0.0298 0.0292 0.0326 0.0313 0.0283 0.0342 0.0262 0.0263 0.0253 0.0251 0.0275 0.0285 0.0270 0.0292 0.0286 0.0289 0.0316 0.0297 0.0307 0.0311 0.0323 0.0338 0.0329 0.0324 0.0328 0.0347 0.0356 0.0361 0.0319 0.0364 0.0363 0.0371 0.0364 0.0374 0.0380 0.0337 0.0356 0.0346 0.0349 0.0339 0.0347 0.0343 0.0352 0.0350 0.0341 0.0323 0.0318 0.0292 0.0281 0.0284 0.0306 0.0319 0.0292 0.0275 0.0258 0.0241 0.0233 0.0213 0.0152 0.0133 0.0109 0.0092 0.0077 0.0091 0.0082 0.0059 0.0051 0.0065 0.0050 0.0038
Test_acc_f1 0.8856 0.9173 0.9333 0.9369 0.9479 0.9493 0.9506 0.9513 0.9543 0.9540 0.9576 0.9600 0.9590 0.9627 0.9627 0.9627 0.9647 0.9640 0.9637 0.9647 0.9658 0.9669 0.9662 0.9683 0.9685 0.9688 0.9680 0.9689 0.9688 0.9682 0.9694 0.9692 0.9703 0.9704 0.9701 0.9699 0.9704 0.9705 0.9699 0.9716 0.9717 0.9716 0.9708 0.9718 0.9713 0.9713 0.9723 0.9728 0.9723 0.9720 0.9723 0.9718 0.9719 0.9730 0.9726 0.9736 0.9733 0.9741 0.9740 0.9745 0.9758 0.9752 0.9762 0.9753 0.9769 0.9768 0.9778 0.9780 0.9806 0.9810 0.9814 0.9819 0.9818 0.9829 0.9826 0.9835 0.9836 0.9839 0.9842 0.9844
Test_acc_std 0.0033 0.0060 0.0009 0.0040 0.0012 0.0026 0.0009 0.0005 0.0008 0.0061 0.0087 0.0080 0.0090 0.0086 0.0074 0.0093 0.0074 0.0071 0.0072 0.0071 0.0079 0.0082 0.0073 0.0084 0.0084 0.0084 0.0096 0.0089 0.0092 0.0089 0.0098 0.0100 0.0099 0.0096 0.0096 0.0105 0.0110 0.0111 0.0098 0.0112 0.0113 0.0117 0.0114 0.0117 0.0119 0.0105 0.0112 0.0110 0.0110 0.0106 0.0110 0.0108 0.0111 0.0110 0.0107 0.0104 0.0102 0.0092 0.0090 0.0091 0.0100 0.0105 0.0096 0.0087 0.0085 0.0077 0.0077 0.0070 0.0051 0.0044 0.0036 0.0029 0.0022 0.0030 0.0026 0.0019 0.0015 0.0021 0.0015 0.0011
Test_f1_f1 0.2311 0.5804 0.6730 0.6865 0.7402 0.7472 0.7529 0.7575 0.7745 0.7644 0.7884 0.7964 0.7957 0.8093 0.8062 0.8092 0.8239 0.8196 0.8227 0.8236 0.8311 0.8339 0.8325 0.8378 0.8382 0.8395 0.8380 0.8403 0.8409 0.8421 0.8438 0.8436 0.8464 0.8464 0.8456 0.8462 0.8475 0.8474 0.8474 0.8506 0.8518 0.8515 0.8495 0.8503 0.8497 0.8507 0.8530 0.8538 0.8528 0.8514 0.8520 0.8511 0.8501 0.8509 0.8498 0.8551 0.8550 0.8568 0.8588 0.8600 0.8663 0.8656 0.8684 0.8681 0.8761 0.8776 0.8818 0.8853 0.9008 0.9061 0.9107 0.9127 0.9146 0.9170 0.9165 0.9232 0.9227 0.9237 0.9244 0.9263
Test_f1_std 0.2311 0.0557 0.0218 0.0030 0.0073 0.0171 0.0009 0.0052 0.0057 0.0419 0.0504 0.0531 0.0579 0.0581 0.0533 0.0608 0.0473 0.0487 0.0455 0.0464 0.0492 0.0513 0.0489 0.0523 0.0524 0.0539 0.0551 0.0541 0.0567 0.0593 0.0607 0.0620 0.0616 0.0625 0.0639 0.0661 0.0673 0.0685 0.0673 0.0712 0.0733 0.0753 0.0758 0.0768 0.0771 0.0738 0.0753 0.0746 0.0755 0.0756 0.0765 0.0770 0.0790 0.0801 0.0798 0.0755 0.0746 0.0725 0.0699 0.0703 0.0751 0.0754 0.0724 0.0698 0.0643 0.0612 0.0582 0.0534 0.0403 0.0344 0.0291 0.0267 0.0236 0.0245 0.0232 0.0162 0.0158 0.0165 0.0144 0.0122
Test_recall_f1 0.2314 0.5240 0.6215 0.6179 0.6678 0.6761 0.6842 0.6826 0.7039 0.6813 0.7260 0.7354 0.7389 0.7528 0.7408 0.7472 0.7732 0.7591 0.7677 0.7687 0.7792 0.7805 0.7754 0.7803 0.7789 0.7808 0.7792 0.7810 0.7829 0.7900 0.7864 0.7872 0.7913 0.7912 0.7907 0.7909 0.7940 0.7919 0.7850 0.7922 0.7923 0.7914 0.7903 0.7857 0.7875 0.7861 0.7917 0.7910 0.7901 0.7898 0.7886 0.7907 0.7891 0.7881 0.7851 0.7950 0.7956 0.7978 0.8021 0.7997 0.8110 0.8119 0.8156 0.8194 0.8259 0.8317 0.8354 0.8429 0.8654 0.8740 0.8854 0.8863 0.8905 0.8925 0.8908 0.9020 0.9024 0.9030 0.9059 0.9075
Test_recall_std 0.2314 0.0759 0.0577 0.0122 0.0200 0.0131 0.0009 0.0056 0.0134 0.0761 0.0907 0.1045 0.1135 0.1200 0.1128 0.1269 0.1063 0.1082 0.1005 0.1017 0.1106 0.1136 0.1131 0.1168 0.1140 0.1156 0.1153 0.1148 0.1185 0.1284 0.1249 0.1297 0.1291 0.1322 0.1341 0.1358 0.1386 0.1397 0.1327 0.1430 0.1433 0.1443 0.1451 0.1448 0.1457 0.1396 0.1435 0.1417 0.1432 0.1440 0.1442 0.1475 0.1498 0.1523 0.1493 0.1439 0.1440 0.1425 0.1381 0.1370 0.1467 0.1455 0.1433 0.1437 0.1310 0.1321 0.1239 0.1177 0.0942 0.0835 0.0756 0.0766 0.0723 0.0694 0.0681 0.0538 0.0558 0.0550 0.0537 0.0500
Test_precision_f1 0.0000 1.0000 1.0000 1.0000 1.0000 1.0000 1.0000 1.0000 1.0000 1.0000 1.0000 1.0000 1.0000 1.0000 1.0000 1.0000 1.0000 1.0000 1.0000 1.0000 1.0000 1.0000 1.0000 1.0000 1.0000 1.0000 1.0000 1.0000 1.0000 1.0000 1.0000 1.0000 1.0000 1.0000 1.0000 1.0000 1.0000 1.0000 1.0000 1.0000 1.0000 1.0000 1.0000 1.0000 1.0000 1.0000 1.0000 1.0000 1.0000 1.0000 1.0000 1.0000 1.0000 1.0000 1.0000 1.0000 1.0000 1.0000 1.0000 1.0000 1.0000 1.0000 1.0000 1.0000 1.0000 1.0000 1.0000 1.0000 1.0000 1.0000 1.0000 1.0000 1.0000 1.0000 1.0000 1.0000 1.0000 1.0000 1.0000 1.0000
Test_precision_std 0.0000 0.0000 0.0000 0.0000 0.0000 0.0000 0.0000 0.0000 0.0000 0.0000 0.0000 0.0000 0.0000 0.0000 0.0000 0.0000 0.0000 0.0000 0.0000 0.0000 0.0000 0.0000 0.0000 0.0000 0.0000 0.0000 0.0000 0.0000 0.0000 0.0000 0.0000 0.0000 0.0000 0.0000 0.0000 0.0000 0.0000 0.0000 0.0000 0.0000 0.0000 0.0000 0.0000 0.0000 0.0000 0.0000 0.0000 0.0000 0.0000 0.0000 0.0000 0.0000 0.0000 0.0000 0.0000 0.0000 0.0000 0.0000 0.0000 0.0000 0.0000 0.0000 0.0000 0.0000 0.0000 0.0000 0.0000 0.0000 0.0000 0.0000 0.0000 0.0000 0.0000 0.0000 0.0000 0.0000 0.0000 0.0000 0.0000 0.0000
Average AL_Time: 0.4098394541069865s
---------datetime: 2024-08-29 02:44:23.497098-----------
Budget list: [10, 20, 30, 40, 50, 60, 70, 80, 90, 100, 110, 120, 130, 140, 150, 160, 170, 180, 190, 200, 210, 220, 230, 240, 250, 260, 270, 280, 290, 300, 310, 320, 330, 340, 350, 360, 370, 380, 390, 400, 410, 420, 430, 440, 450, 460, 470, 480, 490, 500, 510, 520, 530, 540, 550, 560, 570, 580, 590, 600, 610, 620, 630, 640, 650, 660, 670, 680, 690, 700, 710, 720, 730, 740, 750, 760, 770, 780, 790, 800]
learning rate: 0.01, epoch: 300, weight decay: 0.0005, hidden: 16
50runs using seed.txt
Test_micro_f1 0.9276 0.9025 0.9268 0.9251 0.9165 0.9073 0.9173 0.9300 0.9238 0.9295 0.9371 0.9368 0.9165 0.9373 0.9419 0.9375 0.9437 0.9444 0.9442 0.9447 0.9330 0.9519 0.9567 0.9567 0.9536 0.9421 0.9552 0.9592 0.9571 0.9552 0.9561 0.9525 0.9584 0.9589 0.9383 0.9539 0.9578 0.9579 0.9595 0.9567 0.9589 0.9552 0.9581 0.9586 0.9749 0.9349 0.9698 0.9719 0.9659 0.9559 0.9739 0.9760 0.9748 0.9742 0.9741 0.9773 0.9755 0.9762 0.9778 0.9744 0.9770 0.9756 0.9765 0.9658 0.9732 0.9771 0.9766 0.9750 0.9769 0.9781 0.9777 0.9766 0.9720 0.9750 0.9728 0.9764 0.9772 0.9773 0.9727 0.9760
Test_micro_std 0.0387 0.0136 0.0379 0.0321 0.0145 0.0324 0.0159 0.0289 0.0239 0.0203 0.0279 0.0257 0.0006 0.0266 0.0218 0.0169 0.0244 0.0230 0.0279 0.0302 0.0114 0.0197 0.0204 0.0185 0.0173 0.0309 0.0183 0.0203 0.0195 0.0192 0.0176 0.0136 0.0191 0.0172 0.0378 0.0215 0.0171 0.0181 0.0187 0.0173 0.0175 0.0204 0.0180 0.0207 0.0015 0.0089 0.0023 0.0053 0.0113 0.0223 0.0025 0.0008 0.0011 0.0029 0.0027 0.0007 0.0011 0.0013 0.0010 0.0020 0.0010 0.0019 0.0001 0.0000 0.0038 0.0015 0.0002 0.0032 0.0010 0.0010 0.0010 0.0007 0.0039 0.0022 0.0005 0.0019 0.0008 0.0009 0.0006 0.0027
Test_macro_f1 0.6943 0.6518 0.6918 0.7016 0.7089 0.7048 0.7081 0.7583 0.7447 0.7575 0.7859 0.7871 0.7357 0.7823 0.8164 0.7973 0.8107 0.8208 0.8103 0.8089 0.7893 0.8540 0.8673 0.8711 0.8671 0.7897 0.8700 0.8761 0.8761 0.8717 0.8749 0.8649 0.8820 0.8821 0.7555 0.8576 0.8736 0.8789 0.8876 0.8773 0.8836 0.8643 0.8848 0.8861 0.9379 0.7830 0.9199 0.9254 0.9118 0.8625 0.9342 0.9401 0.9359 0.9344 0.9363 0.9429 0.9393 0.9402 0.9438 0.9341 0.9430 0.9381 0.9399 0.9079 0.9329 0.9432 0.9410 0.9365 0.9423 0.9438 0.9434 0.9401 0.9312 0.9375 0.9300 0.9415 0.9428 0.9434 0.9324 0.9366
Test_macro_std 0.2237 0.1811 0.2212 0.1909 0.0660 0.1080 0.0888 0.1289 0.1017 0.0934 0.1218 0.1149 0.0348 0.1254 0.0899 0.0765 0.1033 0.0956 0.1191 0.1283 0.0403 0.0754 0.0741 0.0667 0.0578 0.1387 0.0628 0.0711 0.0656 0.0616 0.0606 0.0454 0.0611 0.0574 0.1853 0.0813 0.0630 0.0607 0.0586 0.0573 0.0566 0.0746 0.0565 0.0618 0.0033 0.0451 0.0069 0.0171 0.0315 0.0832 0.0062 0.0025 0.0036 0.0089 0.0055 0.0016 0.0023 0.0041 0.0015 0.0063 0.0022 0.0054 0.0017 0.0003 0.0097 0.0034 0.0002 0.0088 0.0020 0.0021 0.0032 0.0036 0.0060 0.0058 0.0007 0.0043 0.0022 0.0018 0.0018 0.0092
Test_acc_f1 0.9276 0.9025 0.9268 0.9251 0.9165 0.9073 0.9173 0.9300 0.9238 0.9295 0.9371 0.9368 0.9165 0.9373 0.9419 0.9375 0.9437 0.9444 0.9442 0.9447 0.9330 0.9519 0.9567 0.9567 0.9536 0.9421 0.9552 0.9592 0.9571 0.9552 0.9561 0.9525 0.9584 0.9589 0.9383 0.9539 0.9578 0.9579 0.9595 0.9567 0.9589 0.9552 0.9581 0.9586 0.9749 0.9349 0.9698 0.9719 0.9659 0.9559 0.9739 0.9760 0.9748 0.9742 0.9741 0.9773 0.9755 0.9762 0.9778 0.9744 0.9770 0.9756 0.9765 0.9658 0.9732 0.9771 0.9766 0.9750 0.9769 0.9781 0.9777 0.9766 0.9720 0.9750 0.9728 0.9764 0.9772 0.9773 0.9727 0.9760
Test_acc_std 0.0387 0.0136 0.0379 0.0321 0.0145 0.0324 0.0159 0.0289 0.0239 0.0203 0.0279 0.0257 0.0006 0.0266 0.0218 0.0169 0.0244 0.0230 0.0279 0.0302 0.0114 0.0197 0.0204 0.0185 0.0173 0.0309 0.0183 0.0203 0.0195 0.0192 0.0176 0.0136 0.0191 0.0172 0.0378 0.0215 0.0171 0.0181 0.0187 0.0173 0.0175 0.0204 0.0180 0.0207 0.0015 0.0089 0.0023 0.0053 0.0113 0.0223 0.0025 0.0008 0.0011 0.0029 0.0027 0.0007 0.0011 0.0013 0.0010 0.0020 0.0010 0.0019 0.0001 0.0000 0.0038 0.0015 0.0002 0.0032 0.0010 0.0010 0.0010 0.0007 0.0039 0.0022 0.0005 0.0019 0.0008 0.0009 0.0006 0.0027
Test_f1_f1 0.4285 0.3636 0.4247 0.4437 0.4622 0.4544 0.4496 0.5512 0.5212 0.5427 0.6007 0.6012 0.5032 0.5924 0.6543 0.6149 0.6396 0.6549 0.6444 0.6445 0.5982 0.7284 0.7500 0.7585 0.7556 0.6122 0.7581 0.7643 0.7667 0.7614 0.7646 0.7506 0.7790 0.7782 0.5524 0.7415 0.7651 0.7724 0.7883 0.7715 0.7802 0.7514 0.7850 0.7894 0.9096 0.5991 0.8756 0.8871 0.8693 0.7599 0.9104 0.9159 0.9128 0.9114 0.9131 0.9187 0.9171 0.9181 0.9225 0.9044 0.9224 0.9194 0.9221 0.8914 0.9144 0.9244 0.9229 0.9192 0.9236 0.9255 0.9252 0.9224 0.9124 0.9208 0.9147 0.9234 0.9242 0.9249 0.9169 0.9215
Test_f1_std 0.4285 0.3636 0.4247 0.3757 0.1301 0.2090 0.1789 0.2521 0.2026 0.1908 0.2429 0.2321 0.0847 0.2525 0.1875 0.1645 0.2126 0.2045 0.2422 0.2541 0.0902 0.1590 0.1543 0.1428 0.1293 0.2697 0.1404 0.1492 0.1433 0.1377 0.1366 0.1090 0.1333 0.1293 0.3563 0.1640 0.1404 0.1367 0.1312 0.1333 0.1316 0.1575 0.1331 0.1350 0.0077 0.0797 0.0238 0.0343 0.0541 0.1656 0.0112 0.0067 0.0071 0.0113 0.0082 0.0049 0.0035 0.0044 0.0017 0.0152 0.0018 0.0033 0.0016 0.0023 0.0066 0.0000 0.0030 0.0034 0.0011 0.0010 0.0005 0.0000 0.0073 0.0039 0.0000 0.0030 0.0010 0.0025 0.0020 0.0091
Test_recall_f1 0.4477 0.4743 0.4361 0.4315 0.3333 0.3557 0.3414 0.4605 0.4114 0.4191 0.5132 0.5186 0.4042 0.5215 0.5731 0.5068 0.5358 0.5775 0.5717 0.5763 0.4640 0.6573 0.6662 0.6850 0.6837 0.5230 0.6871 0.6808 0.7015 0.6860 0.7075 0.6648 0.7118 0.7063 0.5130 0.6655 0.6825 0.6986 0.7288 0.7030 0.7080 0.6719 0.7262 0.7307 0.9101 0.4466 0.8233 0.8420 0.8432 0.6751 0.8989 0.9074 0.8957 0.8945 0.9117 0.9073 0.9124 0.9059 0.9036 0.8724 0.9125 0.8993 0.8995 0.8407 0.8971 0.9114 0.9053 0.8982 0.9089 0.8986 0.9050 0.8983 0.9076 0.9086 0.8886 0.9154 0.9101 0.9138 0.9122 0.8881
Test_recall_std 0.4477 0.4743 0.4361 0.3962 0.1139 0.1702 0.1723 0.2686 0.1967 0.1905 0.2807 0.2778 0.1264 0.3103 0.2485 0.2022 0.2544 0.2718 0.3115 0.3256 0.0898 0.2400 0.2240 0.2176 0.1834 0.3135 0.2038 0.2182 0.2126 0.1829 0.2098 0.1494 0.1920 0.1913 0.4037 0.2455 0.2130 0.2003 0.1930 0.1945 0.1909 0.2319 0.1946 0.1874 0.0015 0.0894 0.0355 0.0654 0.0712 0.2404 0.0086 0.0080 0.0123 0.0206 0.0050 0.0004 0.0037 0.0066 0.0047 0.0285 0.0031 0.0039 0.0056 0.0054 0.0063 0.0061 0.0111 0.0046 0.0102 0.0101 0.0010 0.0106 0.0215 0.0026 0.0047 0.0018 0.0001 0.0009 0.0040 0.0239
Test_precision_f1 0.5000 0.5000 0.5000 1.0000 1.0000 0.5000 1.0000 1.0000 1.0000 1.0000 1.0000 1.0000 1.0000 1.0000 1.0000 1.0000 1.0000 1.0000 1.0000 1.0000 1.0000 1.0000 1.0000 1.0000 1.0000 1.0000 1.0000 1.0000 1.0000 1.0000 1.0000 1.0000 1.0000 1.0000 1.0000 1.0000 1.0000 1.0000 1.0000 1.0000 1.0000 1.0000 1.0000 1.0000 1.0000 1.0000 1.0000 1.0000 1.0000 1.0000 1.0000 1.0000 1.0000 1.0000 1.0000 1.0000 1.0000 1.0000 1.0000 1.0000 1.0000 1.0000 1.0000 1.0000 1.0000 1.0000 1.0000 1.0000 1.0000 1.0000 1.0000 1.0000 1.0000 1.0000 1.0000 1.0000 1.0000 1.0000 1.0000 1.0000
Test_precision_std 0.5000 0.5000 0.5000 0.0000 0.0000 0.5000 0.0000 0.0000 0.0000 0.0000 0.0000 0.0000 0.0000 0.0000 0.0000 0.0000 0.0000 0.0000 0.0000 0.0000 0.0000 0.0000 0.0000 0.0000 0.0000 0.0000 0.0000 0.0000 0.0000 0.0000 0.0000 0.0000 0.0000 0.0000 0.0000 0.0000 0.0000 0.0000 0.0000 0.0000 0.0000 0.0000 0.0000 0.0000 0.0000 0.0000 0.0000 0.0000 0.0000 0.0000 0.0000 0.0000 0.0000 0.0000 0.0000 0.0000 0.0000 0.0000 0.0000 0.0000 0.0000 0.0000 0.0000 0.0000 0.0000 0.0000 0.0000 0.0000 0.0000 0.0000 0.0000 0.0000 0.0000 0.0000 0.0000 0.0000 0.0000 0.0000 0.0000 0.0000
Average AL_Time: 0.42164636962115765s
