---------datetime: 2024-08-08 02:49:10.959484-----------
Budget list: [10, 20, 30, 40, 50, 60, 70, 80, 90, 100, 110, 120, 130, 140, 150, 160, 170, 180, 190, 200, 210, 220, 230, 240, 250]
learning rate: 0.01, epoch: 300, weight decay: 0.0005, hidden: 16
50runs using seed.txt
Test_micro_f1 0.8950 0.9000 0.9000 0.9000 0.9000 0.8999 0.9000 0.9000 0.9000 0.9000 0.9000 0.9000 0.9000 0.9000 0.9000 0.9000 0.9000 0.9000 0.9000 0.9000 0.9000 0.9000 0.9000 0.9000 0.9211
Test_micro_std 0.0112 0.0162 0.0162 0.0162 0.0162 0.0161 0.0162 0.0162 0.0162 0.0162 0.0162 0.0162 0.0162 0.0162 0.0162 0.0162 0.0162 0.0162 0.0162 0.0162 0.0162 0.0162 0.0162 0.0162 0.0049
Test_macro_f1 0.6482 0.5886 0.5886 0.5886 0.5886 0.5885 0.5886 0.5886 0.5886 0.5886 0.5886 0.5886 0.5886 0.5886 0.5886 0.5886 0.5886 0.5886 0.5886 0.5886 0.5886 0.5886 0.5886 0.5886 0.7755
Test_macro_std 0.1790 0.1195 0.1195 0.1195 0.1195 0.1194 0.1195 0.1195 0.1195 0.1195 0.1195 0.1195 0.1195 0.1195 0.1195 0.1195 0.1195 0.1195 0.1195 0.1195 0.1195 0.1195 0.1195 0.1195 0.0674
Test_acc_f1 0.8950 0.9000 0.9000 0.9000 0.9000 0.8999 0.9000 0.9000 0.9000 0.9000 0.9000 0.9000 0.9000 0.9000 0.9000 0.9000 0.9000 0.9000 0.9000 0.9000 0.9000 0.9000 0.9000 0.9000 0.9211
Test_acc_std 0.0112 0.0162 0.0162 0.0162 0.0162 0.0161 0.0162 0.0162 0.0162 0.0162 0.0162 0.0162 0.0162 0.0162 0.0162 0.0162 0.0162 0.0162 0.0162 0.0162 0.0162 0.0162 0.0162 0.0162 0.0049
Test_f1_f1 0.3552 0.2308 0.2308 0.2308 0.2308 0.2306 0.2308 0.2308 0.2308 0.2308 0.2308 0.2308 0.2308 0.2308 0.2308 0.2308 0.2308 0.2308 0.2308 0.2308 0.2308 0.2308 0.2308 0.2308 0.5952
Test_f1_std 0.3552 0.2308 0.2308 0.2308 0.2308 0.2306 0.2308 0.2308 0.2308 0.2308 0.2308 0.2308 0.2308 0.2308 0.2308 0.2308 0.2308 0.2308 0.2308 0.2308 0.2308 0.2308 0.2308 0.2308 0.1335
Test_recall_f1 0.4946 0.1546 0.1546 0.1546 0.1546 0.1546 0.1546 0.1546 0.1546 0.1546 0.1546 0.1546 0.1546 0.1546 0.1546 0.1546 0.1546 0.1546 0.1546 0.1546 0.1546 0.1546 0.1546 0.1546 0.5822
Test_recall_std 0.4946 0.1546 0.1546 0.1546 0.1546 0.1546 0.1546 0.1546 0.1546 0.1546 0.1546 0.1546 0.1546 0.1546 0.1546 0.1546 0.1546 0.1546 0.1546 0.1546 0.1546 0.1546 0.1546 0.1546 0.2729
Test_precision_f1 0.5000 0.5000 0.5000 0.5000 0.5000 0.5000 0.5000 0.5000 0.5000 0.5000 0.5000 0.5000 0.5000 0.5000 0.5000 0.5000 0.5000 0.5000 0.5000 0.5000 0.5000 0.5000 0.5000 0.5000 1.0000
Test_precision_std 0.5000 0.5000 0.5000 0.5000 0.5000 0.5000 0.5000 0.5000 0.5000 0.5000 0.5000 0.5000 0.5000 0.5000 0.5000 0.5000 0.5000 0.5000 0.5000 0.5000 0.5000 0.5000 0.5000 0.5000 0.0000
Average AL_Time: 0.058732021134346724s
---------datetime: 2024-08-18 23:32:00.979408-----------
Budget list: [10, 20, 30, 40, 50, 60, 70, 80, 90, 100, 110, 120, 130, 140, 150, 160, 170, 180, 190, 200, 210, 220, 230, 240, 250, 260, 270, 280, 290, 300, 310, 320, 330, 340, 350, 360, 370, 380, 390, 400]
learning rate: 0.01, epoch: 300, weight decay: 0.0005, hidden: 16
50runs using seed.txt
Test_micro_f1 0.9419 0.9441 0.9521 0.9567 0.9571 0.9608 0.9611 0.9608 0.9603 0.9627 0.9620 0.9636 0.9633 0.9632 0.9631 0.9636 0.9636 0.9638 0.9646 0.9633 0.9650 0.9638 0.9634 0.9636 0.9625 0.9610 0.9607 0.9607 0.9609 0.9604 0.9602 0.9596 0.9592 0.9582 0.9553 0.9579 0.9582 0.9566 0.9567 0.9546
Test_micro_std 0.0086 0.0032 0.0018 0.0037 0.0011 0.0005 0.0009 0.0006 0.0006 0.0008 0.0011 0.0003 0.0007 0.0010 0.0019 0.0019 0.0019 0.0026 0.0010 0.0009 0.0016 0.0026 0.0015 0.0022 0.0025 0.0021 0.0025 0.0034 0.0027 0.0014 0.0023 0.0034 0.0023 0.0024 0.0021 0.0014 0.0014 0.0035 0.0024 0.0020
Test_macro_f1 0.8710 0.8701 0.8892 0.8989 0.9015 0.9057 0.9081 0.9066 0.9069 0.9125 0.9113 0.9141 0.9138 0.9137 0.9128 0.9143 0.9143 0.9128 0.9161 0.9131 0.9166 0.9136 0.9134 0.9136 0.9099 0.9071 0.9064 0.9052 0.9063 0.9052 0.9048 0.9030 0.9028 0.8998 0.8904 0.8986 0.8998 0.8939 0.8952 0.8894
Test_macro_std 0.0194 0.0024 0.0009 0.0044 0.0037 0.0009 0.0020 0.0017 0.0016 0.0023 0.0027 0.0010 0.0018 0.0013 0.0037 0.0038 0.0043 0.0074 0.0023 0.0016 0.0043 0.0062 0.0041 0.0050 0.0052 0.0051 0.0059 0.0099 0.0062 0.0027 0.0056 0.0100 0.0055 0.0071 0.0062 0.0030 0.0042 0.0098 0.0073 0.0059
Test_acc_f1 0.9419 0.9441 0.9521 0.9567 0.9571 0.9608 0.9611 0.9608 0.9603 0.9627 0.9620 0.9636 0.9633 0.9632 0.9631 0.9636 0.9636 0.9638 0.9646 0.9633 0.9650 0.9638 0.9634 0.9636 0.9625 0.9610 0.9607 0.9607 0.9609 0.9604 0.9602 0.9596 0.9592 0.9582 0.9553 0.9579 0.9582 0.9566 0.9567 0.9546
Test_acc_std 0.0086 0.0032 0.0018 0.0037 0.0011 0.0005 0.0009 0.0006 0.0006 0.0008 0.0011 0.0003 0.0007 0.0010 0.0019 0.0019 0.0019 0.0026 0.0010 0.0009 0.0016 0.0026 0.0015 0.0022 0.0025 0.0021 0.0025 0.0034 0.0027 0.0014 0.0023 0.0034 0.0023 0.0024 0.0021 0.0014 0.0014 0.0035 0.0024 0.0020
Test_f1_f1 0.7755 0.7722 0.8058 0.8226 0.8276 0.8337 0.8384 0.8355 0.8365 0.8463 0.8443 0.8489 0.8485 0.8482 0.8466 0.8494 0.8492 0.8462 0.8523 0.8471 0.8531 0.8478 0.8475 0.8479 0.8411 0.8362 0.8352 0.8326 0.8347 0.8329 0.8322 0.8288 0.8287 0.8234 0.8060 0.8210 0.8233 0.8123 0.8149 0.8045
Test_f1_std 0.0339 0.0069 0.0031 0.0066 0.0069 0.0019 0.0037 0.0032 0.0029 0.0042 0.0048 0.0018 0.0032 0.0021 0.0064 0.0065 0.0075 0.0134 0.0040 0.0028 0.0077 0.0109 0.0073 0.0087 0.0089 0.0091 0.0103 0.0180 0.0109 0.0047 0.0099 0.0183 0.0098 0.0130 0.0113 0.0050 0.0076 0.0178 0.0132 0.0109
Test_recall_f1 0.8643 0.8173 0.8562 0.8621 0.8864 0.8465 0.8673 0.8562 0.8749 0.8835 0.8870 0.8794 0.8841 0.8851 0.8757 0.8808 0.8805 0.8581 0.8778 0.8738 0.8738 0.8676 0.8746 0.8730 0.8546 0.8571 0.8562 0.8419 0.8476 0.8492 0.8494 0.8430 0.8503 0.8405 0.7992 0.8300 0.8384 0.8092 0.8197 0.8049
Test_recall_std 0.0406 0.0789 0.0487 0.0346 0.0200 0.0177 0.0177 0.0095 0.0087 0.0158 0.0104 0.0100 0.0106 0.0107 0.0043 0.0046 0.0071 0.0258 0.0045 0.0075 0.0138 0.0117 0.0155 0.0067 0.0130 0.0129 0.0087 0.0404 0.0094 0.0071 0.0199 0.0391 0.0125 0.0269 0.0216 0.0037 0.0149 0.0331 0.0248 0.0211
Test_precision_f1 1.0000 1.0000 1.0000 1.0000 1.0000 1.0000 1.0000 1.0000 1.0000 1.0000 1.0000 1.0000 1.0000 1.0000 1.0000 1.0000 1.0000 1.0000 1.0000 1.0000 1.0000 1.0000 1.0000 1.0000 1.0000 1.0000 1.0000 1.0000 1.0000 1.0000 1.0000 1.0000 1.0000 1.0000 1.0000 1.0000 1.0000 1.0000 1.0000 1.0000
Test_precision_std 0.0000 0.0000 0.0000 0.0000 0.0000 0.0000 0.0000 0.0000 0.0000 0.0000 0.0000 0.0000 0.0000 0.0000 0.0000 0.0000 0.0000 0.0000 0.0000 0.0000 0.0000 0.0000 0.0000 0.0000 0.0000 0.0000 0.0000 0.0000 0.0000 0.0000 0.0000 0.0000 0.0000 0.0000 0.0000 0.0000 0.0000 0.0000 0.0000 0.0000
Average AL_Time: 0.1498405272141099s
---------datetime: 2024-08-21 02:52:08.614938-----------
Budget list: [10]
learning rate: 0.01, epoch: 300, weight decay: 0.0005, hidden: 16
50runs using seed.txt
Test_micro_f1 0.9554
Test_micro_std 0.0042
Test_macro_f1 0.8995
Test_macro_std 0.0034
Test_acc_f1 0.9554
Test_acc_std 0.0042
Test_f1_f1 0.8244
Test_f1_std 0.0040
Test_recall_f1 0.8978
Test_recall_std 0.0600
Test_precision_f1 1.0000
Test_precision_std 0.0000
Average AL_Time: 0.01885090908035636s
---------datetime: 2024-08-21 02:59:59.734485-----------
Budget list: [10, 20, 30, 40, 50, 60, 70, 80, 90, 100, 110, 120, 130, 140, 150, 160, 170, 180, 190, 200, 210, 220, 230, 240, 250, 260, 270, 280, 290, 300, 310, 320, 330, 340, 350, 360, 370, 380, 390, 400]
learning rate: 0.01, epoch: 300, weight decay: 0.0005, hidden: 16
50runs using seed.txt
Test_micro_f1 0.9554 0.9560 0.9617 0.9628 0.9622 0.9614 0.9622 0.9622 0.9627 0.9623 0.9627 0.9634 0.9632 0.9642 0.9612 0.9615 0.9605 0.9626 0.9616 0.9629 0.9619 0.9641 0.9628 0.9629 0.9619 0.9629 0.9607 0.9612 0.9605 0.9619 0.9620 0.9611 0.9620 0.9603 0.9617 0.9625 0.9614 0.9628 0.9616 0.9609
Test_micro_std 0.0042 0.0072 0.0009 0.0008 0.0004 0.0012 0.0018 0.0016 0.0010 0.0018 0.0016 0.0010 0.0034 0.0022 0.0005 0.0016 0.0022 0.0014 0.0016 0.0011 0.0016 0.0022 0.0017 0.0022 0.0010 0.0012 0.0004 0.0018 0.0009 0.0019 0.0012 0.0014 0.0012 0.0008 0.0013 0.0011 0.0011 0.0021 0.0007 0.0005
Test_macro_f1 0.8994 0.9022 0.9120 0.9126 0.9119 0.9117 0.9130 0.9118 0.9142 0.9128 0.9143 0.9161 0.9142 0.9178 0.9109 0.9119 0.9104 0.9144 0.9118 0.9134 0.9131 0.9168 0.9150 0.9125 0.9122 0.9142 0.9095 0.9111 0.9089 0.9121 0.9130 0.9110 0.9129 0.9092 0.9117 0.9137 0.9119 0.9147 0.9122 0.9099
Test_macro_std 0.0033 0.0151 0.0024 0.0018 0.0012 0.0031 0.0033 0.0053 0.0012 0.0041 0.0028 0.0018 0.0083 0.0046 0.0010 0.0035 0.0038 0.0021 0.0038 0.0023 0.0036 0.0043 0.0036 0.0058 0.0017 0.0015 0.0010 0.0039 0.0018 0.0034 0.0016 0.0030 0.0019 0.0023 0.0033 0.0021 0.0019 0.0045 0.0012 0.0020
Test_acc_f1 0.9554 0.9560 0.9617 0.9628 0.9622 0.9614 0.9622 0.9622 0.9627 0.9623 0.9627 0.9634 0.9632 0.9642 0.9612 0.9615 0.9605 0.9626 0.9616 0.9629 0.9619 0.9641 0.9628 0.9629 0.9619 0.9629 0.9607 0.9612 0.9605 0.9619 0.9620 0.9611 0.9620 0.9603 0.9617 0.9625 0.9614 0.9628 0.9616 0.9609
Test_acc_std 0.0042 0.0072 0.0009 0.0008 0.0004 0.0012 0.0018 0.0016 0.0010 0.0018 0.0016 0.0010 0.0034 0.0022 0.0005 0.0016 0.0022 0.0014 0.0016 0.0011 0.0016 0.0022 0.0017 0.0022 0.0010 0.0012 0.0004 0.0018 0.0009 0.0019 0.0012 0.0014 0.0012 0.0008 0.0013 0.0011 0.0011 0.0021 0.0007 0.0005
Test_f1_f1 0.8244 0.8297 0.8458 0.8465 0.8455 0.8455 0.8477 0.8452 0.8497 0.8471 0.8499 0.8530 0.8493 0.8561 0.8440 0.8459 0.8434 0.8502 0.8457 0.8479 0.8479 0.8540 0.8512 0.8461 0.8460 0.8495 0.8415 0.8443 0.8404 0.8458 0.8476 0.8441 0.8476 0.8411 0.8453 0.8489 0.8458 0.8507 0.8463 0.8422
Test_f1_std 0.0040 0.0260 0.0044 0.0031 0.0021 0.0054 0.0056 0.0096 0.0019 0.0073 0.0048 0.0030 0.0148 0.0079 0.0018 0.0061 0.0064 0.0034 0.0067 0.0042 0.0063 0.0074 0.0063 0.0104 0.0029 0.0022 0.0018 0.0068 0.0033 0.0058 0.0024 0.0053 0.0029 0.0043 0.0059 0.0036 0.0031 0.0078 0.0021 0.0039
Test_recall_f1 0.8973 0.9192 0.9043 0.8830 0.8908 0.9084 0.9041 0.8881 0.9052 0.8978 0.9089 0.9127 0.8908 0.9162 0.9011 0.9095 0.9143 0.9141 0.9049 0.8889 0.9130 0.9016 0.9135 0.8776 0.9000 0.9000 0.8981 0.9048 0.8949 0.8984 0.9086 0.9052 0.9084 0.9043 0.9008 0.9070 0.9097 0.9105 0.9084 0.8992
Test_recall_std 0.0605 0.0187 0.0135 0.0077 0.0081 0.0101 0.0055 0.0287 0.0182 0.0145 0.0120 0.0133 0.0210 0.0110 0.0062 0.0132 0.0122 0.0129 0.0177 0.0142 0.0111 0.0098 0.0070 0.0189 0.0110 0.0157 0.0091 0.0105 0.0105 0.0125 0.0180 0.0066 0.0085 0.0130 0.0134 0.0028 0.0029 0.0046 0.0021 0.0192
Test_precision_f1 1.0000 1.0000 1.0000 1.0000 1.0000 1.0000 1.0000 1.0000 1.0000 1.0000 1.0000 1.0000 1.0000 1.0000 1.0000 1.0000 1.0000 1.0000 1.0000 1.0000 1.0000 1.0000 1.0000 1.0000 1.0000 1.0000 1.0000 1.0000 1.0000 1.0000 1.0000 1.0000 1.0000 1.0000 1.0000 1.0000 1.0000 1.0000 1.0000 1.0000
Test_precision_std 0.0000 0.0000 0.0000 0.0000 0.0000 0.0000 0.0000 0.0000 0.0000 0.0000 0.0000 0.0000 0.0000 0.0000 0.0000 0.0000 0.0000 0.0000 0.0000 0.0000 0.0000 0.0000 0.0000 0.0000 0.0000 0.0000 0.0000 0.0000 0.0000 0.0000 0.0000 0.0000 0.0000 0.0000 0.0000 0.0000 0.0000 0.0000 0.0000 0.0000
Average AL_Time: 0.1461118534207344s
---------datetime: 2024-08-21 03:30:31.699858-----------
Budget list: [10, 20, 30, 40, 50, 60, 70, 80, 90, 100, 110, 120, 130, 140, 150, 160, 170, 180, 190, 200, 210, 220, 230, 240, 250, 260, 270, 280, 290, 300, 310, 320, 330, 340, 350, 360, 370, 380, 390, 400]
learning rate: 0.01, epoch: 300, weight decay: 0.0005, hidden: 16
50runs using seed.txt
Test_micro_f1 0.9613 0.9410 0.9535 0.9525 0.9422 0.9414 0.9598 0.9599 0.9572 0.9596 0.9415 0.9508 0.9535 0.9570 0.9601 0.9380 0.9613 0.9586 0.9593 0.9601 0.9617 0.9636 0.9595 0.9592 0.9631 0.9552 0.9605 0.9512 0.9605 0.9615 0.9585 0.9607 0.9565 0.9584 0.9538 0.9641 0.9517 0.9529 0.9610 0.9607
Test_micro_std 0.0041 0.0208 0.0143 0.0021 0.0225 0.0155 0.0033 0.0036 0.0103 0.0062 0.0346 0.0142 0.0133 0.0055 0.0048 0.0285 0.0043 0.0072 0.0070 0.0072 0.0038 0.0017 0.0039 0.0020 0.0033 0.0110 0.0013 0.0093 0.0033 0.0038 0.0018 0.0006 0.0092 0.0048 0.0188 0.0026 0.0147 0.0051 0.0062 0.0056
Test_macro_f1 0.9065 0.8370 0.8957 0.8896 0.8418 0.8444 0.9057 0.9071 0.8939 0.9017 0.8114 0.8780 0.8869 0.9011 0.9072 0.8307 0.9076 0.9022 0.9032 0.9089 0.9085 0.9144 0.9075 0.9012 0.9127 0.8935 0.9086 0.8838 0.9081 0.9099 0.9032 0.9091 0.9031 0.9015 0.8820 0.9169 0.8807 0.8905 0.9088 0.9061
Test_macro_std 0.0124 0.0819 0.0239 0.0101 0.0797 0.0597 0.0101 0.0062 0.0364 0.0228 0.1724 0.0433 0.0365 0.0121 0.0125 0.1094 0.0116 0.0206 0.0196 0.0132 0.0112 0.0035 0.0097 0.0043 0.0076 0.0294 0.0015 0.0329 0.0082 0.0118 0.0068 0.0026 0.0144 0.0115 0.0615 0.0063 0.0449 0.0171 0.0154 0.0173
Test_acc_f1 0.9613 0.9410 0.9535 0.9525 0.9422 0.9414 0.9598 0.9599 0.9572 0.9596 0.9415 0.9508 0.9535 0.9570 0.9601 0.9380 0.9613 0.9586 0.9593 0.9601 0.9617 0.9636 0.9595 0.9592 0.9631 0.9552 0.9605 0.9512 0.9605 0.9615 0.9585 0.9607 0.9565 0.9584 0.9538 0.9641 0.9517 0.9529 0.9610 0.9607
Test_acc_std 0.0041 0.0208 0.0143 0.0021 0.0225 0.0155 0.0033 0.0036 0.0103 0.0062 0.0346 0.0142 0.0133 0.0055 0.0048 0.0285 0.0043 0.0072 0.0070 0.0072 0.0038 0.0017 0.0039 0.0020 0.0033 0.0110 0.0013 0.0093 0.0033 0.0038 0.0018 0.0006 0.0092 0.0048 0.0188 0.0026 0.0147 0.0051 0.0062 0.0056
Test_f1_f1 0.8350 0.7070 0.8181 0.8062 0.7160 0.7216 0.8342 0.8370 0.8121 0.8263 0.6550 0.7838 0.8003 0.8268 0.8371 0.6961 0.8372 0.8279 0.8296 0.8408 0.8388 0.8496 0.8381 0.8254 0.8464 0.8125 0.8397 0.7954 0.8387 0.8417 0.8300 0.8406 0.8311 0.8267 0.7899 0.8544 0.7888 0.8079 0.8399 0.8344
Test_f1_std 0.0225 0.1529 0.0392 0.0196 0.1475 0.1115 0.0186 0.0105 0.0674 0.0424 0.3268 0.0787 0.0657 0.0212 0.0224 0.2037 0.0209 0.0373 0.0354 0.0222 0.0205 0.0060 0.0172 0.0076 0.0133 0.0526 0.0029 0.0612 0.0146 0.0215 0.0126 0.0049 0.0234 0.0207 0.1129 0.0112 0.0818 0.0316 0.0273 0.0317
Test_recall_f1 0.8449 0.6748 0.8816 0.8576 0.6860 0.7084 0.8741 0.8835 0.8265 0.8446 0.6830 0.7878 0.8151 0.8832 0.8849 0.7122 0.8595 0.8659 0.8614 0.9013 0.8608 0.8862 0.9041 0.8302 0.8743 0.8438 0.8902 0.8443 0.8851 0.8846 0.8724 0.8911 0.9122 0.8573 0.7959 0.9065 0.8041 0.8605 0.8808 0.8608
Test_recall_std 0.0468 0.2112 0.0291 0.0788 0.2114 0.2027 0.0583 0.0372 0.1345 0.1032 0.3662 0.1210 0.1018 0.0306 0.0386 0.2748 0.0390 0.0759 0.0756 0.0213 0.0455 0.0187 0.0378 0.0186 0.0218 0.0767 0.0303 0.1410 0.0271 0.0559 0.0416 0.0193 0.0529 0.0610 0.1738 0.0198 0.1392 0.0834 0.0390 0.0763
Test_precision_f1 1.0000 1.0000 1.0000 1.0000 1.0000 1.0000 1.0000 1.0000 1.0000 1.0000 0.7500 1.0000 1.0000 1.0000 1.0000 1.0000 1.0000 1.0000 1.0000 1.0000 1.0000 1.0000 1.0000 1.0000 1.0000 1.0000 1.0000 1.0000 1.0000 1.0000 1.0000 1.0000 1.0000 1.0000 1.0000 1.0000 1.0000 1.0000 1.0000 1.0000
Test_precision_std 0.0000 0.0000 0.0000 0.0000 0.0000 0.0000 0.0000 0.0000 0.0000 0.0000 0.4330 0.0000 0.0000 0.0000 0.0000 0.0000 0.0000 0.0000 0.0000 0.0000 0.0000 0.0000 0.0000 0.0000 0.0000 0.0000 0.0000 0.0000 0.0000 0.0000 0.0000 0.0000 0.0000 0.0000 0.0000 0.0000 0.0000 0.0000 0.0000 0.0000
Average AL_Time: 0.10705228289589286s
---------datetime: 2024-08-21 05:27:03.354365-----------
Budget list: [10, 20, 30, 40, 50, 60, 70, 80, 90, 100, 110, 120, 130, 140, 150, 160, 170, 180, 190, 200, 210, 220, 230, 240, 250, 260, 270, 280, 290, 300, 310, 320, 330, 340, 350, 360, 370, 380, 390, 400]
learning rate: 0.01, epoch: 300, weight decay: 0.0005, hidden: 16
50runs using seed.txt
Test_micro_f1 0.9494 0.9630 0.9631 0.9622 0.9603 0.9591 0.9607 0.9609 0.9629 0.9626 0.9610 0.9593 0.9605 0.9584 0.9631 0.9605 0.9604 0.9623 0.9614 0.9605 0.9612 0.9629 0.9621 0.9600 0.9629 0.9610 0.9583 0.9637 0.9606 0.9611 0.9632 0.9619 0.9609 0.9627 0.9632 0.9608 0.9630 0.9631 0.9613 0.9630
Test_micro_std 0.0089 0.0001 0.0005 0.0013 0.0025 0.0006 0.0023 0.0029 0.0002 0.0001 0.0017 0.0037 0.0027 0.0001 0.0004 0.0019 0.0023 0.0012 0.0014 0.0024 0.0028 0.0001 0.0011 0.0035 0.0000 0.0030 0.0002 0.0005 0.0031 0.0028 0.0004 0.0010 0.0031 0.0015 0.0005 0.0025 0.0005 0.0003 0.0015 0.0012
Test_macro_f1 0.8917 0.9141 0.9148 0.9131 0.9094 0.9072 0.9104 0.9108 0.9138 0.9140 0.9107 0.9078 0.9099 0.9060 0.9149 0.9100 0.9098 0.9133 0.9116 0.9093 0.9113 0.9138 0.9130 0.9091 0.9145 0.9110 0.9058 0.9160 0.9102 0.9112 0.9150 0.9126 0.9108 0.9142 0.9152 0.9105 0.9147 0.9148 0.9075 0.9130
Test_macro_std 0.0140 0.0006 0.0009 0.0025 0.0047 0.0011 0.0044 0.0054 0.0004 0.0002 0.0032 0.0069 0.0050 0.0002 0.0008 0.0037 0.0043 0.0024 0.0027 0.0039 0.0054 0.0005 0.0022 0.0066 0.0001 0.0058 0.0003 0.0010 0.0059 0.0055 0.0007 0.0020 0.0059 0.0029 0.0010 0.0047 0.0010 0.0006 0.0049 0.0040
Test_acc_f1 0.9494 0.9630 0.9631 0.9622 0.9603 0.9591 0.9607 0.9609 0.9629 0.9626 0.9610 0.9593 0.9605 0.9584 0.9631 0.9605 0.9604 0.9623 0.9614 0.9605 0.9612 0.9629 0.9621 0.9600 0.9629 0.9610 0.9583 0.9637 0.9606 0.9611 0.9632 0.9619 0.9609 0.9627 0.9632 0.9608 0.9630 0.9631 0.9613 0.9630
Test_acc_std 0.0089 0.0001 0.0005 0.0013 0.0025 0.0006 0.0023 0.0029 0.0002 0.0001 0.0017 0.0037 0.0027 0.0001 0.0004 0.0019 0.0023 0.0012 0.0014 0.0024 0.0028 0.0001 0.0011 0.0035 0.0000 0.0030 0.0002 0.0005 0.0031 0.0028 0.0004 0.0010 0.0031 0.0015 0.0005 0.0025 0.0005 0.0003 0.0015 0.0012
Test_f1_f1 0.8126 0.8493 0.8507 0.8478 0.8416 0.8379 0.8433 0.8439 0.8488 0.8494 0.8438 0.8387 0.8424 0.8357 0.8508 0.8425 0.8423 0.8481 0.8453 0.8412 0.8447 0.8488 0.8476 0.8411 0.8501 0.8442 0.8353 0.8528 0.8428 0.8446 0.8510 0.8470 0.8438 0.8496 0.8513 0.8434 0.8506 0.8508 0.8370 0.8471
Test_f1_std 0.0227 0.0012 0.0015 0.0043 0.0079 0.0019 0.0076 0.0092 0.0008 0.0004 0.0055 0.0118 0.0085 0.0002 0.0014 0.0061 0.0072 0.0042 0.0046 0.0063 0.0092 0.0011 0.0038 0.0111 0.0001 0.0097 0.0004 0.0017 0.0098 0.0093 0.0011 0.0035 0.0101 0.0049 0.0018 0.0079 0.0016 0.0011 0.0090 0.0073
Test_recall_f1 0.9357 0.8965 0.9049 0.9049 0.9081 0.9095 0.9081 0.9071 0.8967 0.9059 0.9070 0.9081 0.9071 0.9108 0.9043 0.9081 0.9081 0.9049 0.9064 0.8984 0.9071 0.8951 0.9059 0.9081 0.9049 0.9076 0.9103 0.9038 0.9076 0.9071 0.9049 0.9059 0.9076 0.9049 0.9049 0.9076 0.9049 0.9043 0.8565 0.8827
Test_recall_std 0.0254 0.0073 0.0010 0.0010 0.0022 0.0009 0.0022 0.0032 0.0092 0.0000 0.0011 0.0043 0.0032 0.0005 0.0005 0.0022 0.0022 0.0010 0.0005 0.0119 0.0032 0.0108 0.0000 0.0043 0.0010 0.0038 0.0000 0.0000 0.0038 0.0032 0.0010 0.0000 0.0038 0.0010 0.0010 0.0038 0.0010 0.0005 0.0241 0.0211
Test_precision_f1 1.0000 1.0000 1.0000 1.0000 1.0000 1.0000 1.0000 1.0000 1.0000 1.0000 1.0000 1.0000 1.0000 1.0000 1.0000 1.0000 1.0000 1.0000 1.0000 1.0000 1.0000 1.0000 1.0000 1.0000 1.0000 1.0000 1.0000 1.0000 1.0000 1.0000 1.0000 1.0000 1.0000 1.0000 1.0000 1.0000 1.0000 1.0000 1.0000 1.0000
Test_precision_std 0.0000 0.0000 0.0000 0.0000 0.0000 0.0000 0.0000 0.0000 0.0000 0.0000 0.0000 0.0000 0.0000 0.0000 0.0000 0.0000 0.0000 0.0000 0.0000 0.0000 0.0000 0.0000 0.0000 0.0000 0.0000 0.0000 0.0000 0.0000 0.0000 0.0000 0.0000 0.0000 0.0000 0.0000 0.0000 0.0000 0.0000 0.0000 0.0000 0.0000
Average AL_Time: 0.13550646509975195s
---------datetime: 2024-08-28 09:11:47.656507-----------
Budget list: [10, 20, 30, 40, 50, 60, 70, 80, 90, 100, 110, 120, 130, 140, 150, 160, 170, 180, 190, 200, 210, 220, 230, 240, 250, 260, 270, 280, 290, 300, 310, 320, 330, 340, 350, 360, 370, 380, 390, 400]
learning rate: 0.01, epoch: 300, weight decay: 0.0005, hidden: 16
50runs using seed.txt
Test_micro_f1 0.9332 0.9473 0.9539 0.9604 0.9578 0.9605 0.9609 0.9600 0.9612 0.9613 0.9620 0.9647 0.9628 0.9640 0.9637 0.9646 0.9642 0.9647 0.9639 0.9654 0.9637 0.9643 0.9648 0.9642 0.9634 0.9639 0.9619 0.9612 0.9623 0.9628 0.9624 0.9615 0.9599 0.9615 0.9549 0.9594 0.9596 0.9602 0.9579 0.9565
Test_micro_std 0.0000 0.0000 0.0000 0.0000 0.0000 0.0000 0.0000 0.0000 0.0000 0.0000 0.0000 0.0000 0.0000 0.0000 0.0000 0.0000 0.0000 0.0000 0.0000 0.0000 0.0000 0.0000 0.0000 0.0000 0.0000 0.0000 0.0000 0.0000 0.0000 0.0000 0.0000 0.0000 0.0000 0.0000 0.0000 0.0000 0.0000 0.0000 0.0000 0.0000
Test_macro_f1 0.8516 0.8678 0.8883 0.9035 0.9012 0.9065 0.9071 0.9054 0.9091 0.9088 0.9109 0.9174 0.9127 0.9147 0.9136 0.9161 0.9150 0.9164 0.9141 0.9173 0.9138 0.9150 0.9156 0.9152 0.9105 0.9132 0.9097 0.9085 0.9084 0.9102 0.9089 0.9090 0.9045 0.9101 0.8873 0.9007 0.9042 0.9033 0.8977 0.8935
Test_macro_std 0.0000 0.0000 0.0000 0.0000 0.0000 0.0000 0.0000 0.0000 0.0000 0.0000 0.0000 0.0000 0.0000 0.0000 0.0000 0.0000 0.0000 0.0000 0.0000 0.0000 0.0000 0.0000 0.0000 0.0000 0.0000 0.0000 0.0000 0.0000 0.0000 0.0000 0.0000 0.0000 0.0000 0.0000 0.0000 0.0000 0.0000 0.0000 0.0000 0.0000
Test_acc_f1 0.9332 0.9473 0.9539 0.9604 0.9578 0.9605 0.9609 0.9600 0.9612 0.9613 0.9620 0.9647 0.9628 0.9640 0.9637 0.9646 0.9642 0.9647 0.9639 0.9654 0.9637 0.9643 0.9648 0.9642 0.9634 0.9639 0.9619 0.9612 0.9623 0.9628 0.9624 0.9615 0.9599 0.9615 0.9549 0.9594 0.9596 0.9602 0.9579 0.9565
Test_acc_std 0.0000 0.0000 0.0000 0.0000 0.0000 0.0000 0.0000 0.0000 0.0000 0.0000 0.0000 0.0000 0.0000 0.0000 0.0000 0.0000 0.0000 0.0000 0.0000 0.0000 0.0000 0.0000 0.0000 0.0000 0.0000 0.0000 0.0000 0.0000 0.0000 0.0000 0.0000 0.0000 0.0000 0.0000 0.0000 0.0000 0.0000 0.0000 0.0000 0.0000
Test_f1_f1 0.7416 0.7653 0.8028 0.8295 0.8264 0.8354 0.8364 0.8335 0.8403 0.8396 0.8434 0.8549 0.8466 0.8498 0.8478 0.8524 0.8504 0.8528 0.8487 0.8541 0.8481 0.8502 0.8511 0.8507 0.8418 0.8469 0.8409 0.8391 0.8382 0.8415 0.8390 0.8400 0.8317 0.8421 0.8000 0.8244 0.8313 0.8291 0.8192 0.8115
Test_f1_std 0.0000 0.0000 0.0000 0.0000 0.0000 0.0000 0.0000 0.0000 0.0000 0.0000 0.0000 0.0000 0.0000 0.0000 0.0000 0.0000 0.0000 0.0000 0.0000 0.0000 0.0000 0.0000 0.0000 0.0000 0.0000 0.0000 0.0000 0.0000 0.0000 0.0000 0.0000 0.0000 0.0000 0.0000 0.0000 0.0000 0.0000 0.0000 0.0000 0.0000
Test_recall_f1 0.8238 0.7384 0.8076 0.8281 0.8649 0.8616 0.8595 0.8605 0.8789 0.8714 0.8789 0.8951 0.8832 0.8746 0.8703 0.8800 0.8757 0.8800 0.8703 0.8703 0.8724 0.8714 0.8649 0.8778 0.8368 0.8584 0.8659 0.8714 0.8400 0.8497 0.8422 0.8681 0.8519 0.8822 0.7762 0.8195 0.8551 0.8314 0.8205 0.8054
Test_recall_std 0.0000 0.0000 0.0000 0.0000 0.0000 0.0000 0.0000 0.0000 0.0000 0.0000 0.0000 0.0000 0.0000 0.0000 0.0000 0.0000 0.0000 0.0000 0.0000 0.0000 0.0000 0.0000 0.0000 0.0000 0.0000 0.0000 0.0000 0.0000 0.0000 0.0000 0.0000 0.0000 0.0000 0.0000 0.0000 0.0000 0.0000 0.0000 0.0000 0.0000
Test_precision_f1 1.0000 1.0000 1.0000 1.0000 1.0000 1.0000 1.0000 1.0000 1.0000 1.0000 1.0000 1.0000 1.0000 1.0000 1.0000 1.0000 1.0000 1.0000 1.0000 1.0000 1.0000 1.0000 1.0000 1.0000 1.0000 1.0000 1.0000 1.0000 1.0000 1.0000 1.0000 1.0000 1.0000 1.0000 1.0000 1.0000 1.0000 1.0000 1.0000 1.0000
Test_precision_std 0.0000 0.0000 0.0000 0.0000 0.0000 0.0000 0.0000 0.0000 0.0000 0.0000 0.0000 0.0000 0.0000 0.0000 0.0000 0.0000 0.0000 0.0000 0.0000 0.0000 0.0000 0.0000 0.0000 0.0000 0.0000 0.0000 0.0000 0.0000 0.0000 0.0000 0.0000 0.0000 0.0000 0.0000 0.0000 0.0000 0.0000 0.0000 0.0000 0.0000
Average AL_Time: 0.23335843160748482s
